-143.000954	3.496806E-6
-142.980330	3.178914E-6
-142.959707	2.066294E-6
-142.939083	1.827876E-6
-142.918459	4.768372E-7
-142.897836	-3.973643E-7
-142.877212	2.384186E-7
-142.856589	7.947286E-8
-142.835965	-6.357829E-7
-142.815341	-7.947286E-7
-142.794718	-3.973643E-7
-142.774094	8.742015E-7
-142.753470	1.907349E-6
-142.732847	2.225240E-6
-142.712223	2.543132E-6
-142.691599	3.973643E-6
-142.670976	4.847844E-6
-142.650352	5.324682E-6
-142.629729	6.675720E-6
-142.609105	6.993612E-6
-142.588481	7.788340E-6
-142.567858	8.821487E-6
-142.547234	8.265177E-6
-142.526610	7.708867E-6
-142.505987	7.867813E-6
-142.485363	7.311503E-6
-142.464739	6.357829E-6
-142.444116	5.960464E-6
-142.423492	4.847844E-6
-142.402868	4.529953E-6
-142.382245	3.894170E-6
-142.361621	3.655752E-6
-142.340998	3.576279E-6
-142.320374	3.019969E-6
-142.299750	3.258387E-6
-142.279127	3.973643E-6
-142.258503	5.006790E-6
-142.237879	4.371007E-6
-142.217256	4.212062E-6
-142.196632	5.245209E-6
-142.176008	4.768372E-6
-142.155385	4.053116E-6
-142.134761	4.688899E-6
-142.114138	5.722046E-6
-142.093514	5.722046E-6
-142.072890	5.563100E-6
-142.052267	5.483627E-6
-142.031643	5.880992E-6
-142.011019	5.722046E-6
-141.990396	5.563100E-6
-141.969772	5.165736E-6
-141.949148	4.053116E-6
-141.928525	3.417333E-6
-141.907901	2.781550E-6
-141.887278	1.907349E-6
-141.866654	1.748403E-6
-141.846030	4.768372E-7
-141.825407	-2.384186E-7
-141.804783	-1.509984E-6
-141.784159	-2.384186E-6
-141.763536	-2.861023E-6
-141.742912	-3.735224E-6
-141.722288	-4.688899E-6
-141.701665	-5.086263E-6
-141.681041	-5.006790E-6
-141.660417	-5.642573E-6
-141.639794	-5.722046E-6
-141.619170	-5.642573E-6
-141.598547	-5.006790E-6
-141.577923	-5.006790E-6
-141.557299	-5.404154E-6
-141.536676	-4.847844E-6
-141.516052	-4.132589E-6
-141.495428	-4.053116E-6
-141.474805	-4.768372E-6
-141.454181	-4.768372E-6
-141.433557	-5.006790E-6
-141.412934	-4.609426E-6
-141.392310	-4.450480E-6
-141.371687	-4.768372E-6
-141.351063	-4.529953E-6
-141.330439	-4.212062E-6
-141.309816	-4.053116E-6
-141.289192	-4.768372E-6
-141.268568	-4.768372E-6
-141.247945	-5.006790E-6
-141.227321	-6.119410E-6
-141.206697	-6.675720E-6
-141.186074	-6.357829E-6
-141.165450	-5.483627E-6
-141.144827	-5.722046E-6
-141.124203	-5.801519E-6
-141.103579	-6.516774E-6
-141.082956	-7.788340E-6
-141.062332	-7.788340E-6
-141.041708	-7.708867E-6
-141.021085	-7.232030E-6
-141.000461	-7.232030E-6
-140.979837	-6.357829E-6
-140.959214	-5.483627E-6
-140.938590	-5.324682E-6
-140.917966	-5.563100E-6
-140.897343	-3.576279E-6
-140.876719	-2.304713E-6
-140.856096	-1.509984E-6
-140.835472	-6.357829E-7
-140.814848	1.589457E-7
-140.794225	1.589457E-7
-140.773601	0.000000
-140.752977	-4.768372E-7
-140.732354	-1.430511E-6
-140.711730	-2.225240E-6
-140.691106	-4.450480E-6
-140.670483	-5.483627E-6
-140.649859	-6.278356E-6
-140.629236	-7.232030E-6
-140.608612	-9.218852E-6
-140.587988	-1.160304E-5
-140.567365	-1.263618E-5
-140.546741	-1.239777E-5
-140.526117	-1.271566E-5
-140.505494	-1.263618E-5
-140.484870	-1.223882E-5
-140.464246	-1.287460E-5
-140.443623	-1.231829E-5
-140.422999	-1.120567E-5
-140.402376	-1.056989E-5
-140.381752	-9.377797E-6
-140.361128	-7.232030E-6
-140.340505	-5.404154E-6
-140.319881	-4.450480E-6
-140.299257	-3.894170E-6
-140.278634	-2.861023E-6
-140.258010	-1.112620E-6
-140.237386	8.742015E-7
-140.216763	2.145767E-6
-140.196139	2.940496E-6
-140.175515	3.655752E-6
-140.154892	3.735224E-6
-140.134268	3.099442E-6
-140.113645	2.622604E-6
-140.093021	2.066294E-6
-140.072397	1.748403E-6
-140.051774	3.178914E-7
-140.031150	-5.563100E-7
-140.010526	-2.066294E-6
-139.989903	-3.655752E-6
-139.969279	-5.483627E-6
-139.948655	-6.834666E-6
-139.928032	-8.265177E-6
-139.907408	-1.009305E-5
-139.886785	-9.854635E-6
-139.866161	-9.457270E-6
-139.845537	-9.536743E-6
-139.824914	-8.821487E-6
-139.804290	-8.106232E-6
-139.783666	-6.993612E-6
-139.763043	-5.563100E-6
-139.742419	-4.609426E-6
-139.721795	-3.258387E-6
-139.701172	-1.907349E-6
-139.680548	-2.384186E-7
-139.659925	4.768372E-7
-139.639301	1.907349E-6
-139.618677	3.894170E-6
-139.598054	5.165736E-6
-139.577430	6.357829E-6
-139.556806	7.629395E-6
-139.536183	8.821487E-6
-139.515559	8.265177E-6
-139.494935	9.059906E-6
-139.474312	9.139379E-6
-139.453688	8.821487E-6
-139.433064	8.821487E-6
-139.412441	7.549922E-6
-139.391817	6.914139E-6
-139.371194	7.073085E-6
-139.350570	6.596247E-6
-139.329946	5.165736E-6
-139.309323	5.324682E-6
-139.288699	4.212062E-6
-139.268075	3.337860E-6
-139.247452	3.576279E-6
-139.226828	3.417333E-6
-139.206204	3.496806E-6
-139.185581	2.463659E-6
-139.164957	2.304713E-6
-139.144334	3.099442E-6
-139.123710	3.178914E-6
-139.103086	3.576279E-6
-139.082463	3.735224E-6
-139.061839	4.688899E-6
-139.041215	4.609426E-6
-139.020592	4.609426E-6
-138.999968	4.291534E-6
-138.979344	3.496806E-6
-138.958721	4.768372E-6
-138.938097	4.212062E-6
-138.917474	3.178914E-6
-138.896850	2.304713E-6
-138.876226	9.536743E-7
-138.855603	4.768372E-7
-138.834979	-7.947286E-7
-138.814355	-1.271566E-6
-138.793732	-2.543132E-6
-138.773108	-4.132589E-6
-138.752484	-4.688899E-6
-138.731861	-4.450480E-6
-138.711237	-4.847844E-6
-138.690613	-6.198883E-6
-138.669990	-5.006790E-6
-138.649366	-3.973643E-6
-138.628743	-2.940496E-6
-138.608119	-1.430511E-6
-138.587495	-7.947286E-8
-138.566872	1.589457E-6
-138.546248	3.655752E-6
-138.525624	4.450480E-6
-138.505001	5.404154E-6
-138.484377	6.357829E-6
-138.463753	7.390976E-6
-138.443130	8.583069E-6
-138.422506	8.900960E-6
-138.401883	9.059906E-6
-138.381259	9.298325E-6
-138.360635	8.900960E-6
-138.340012	8.344650E-6
-138.319388	6.993612E-6
-138.298764	6.357829E-6
-138.278141	5.483627E-6
-138.257517	4.132589E-6
-138.236893	3.099442E-6
-138.216270	2.702077E-6
-138.195646	2.384186E-6
-138.175023	2.463659E-6
-138.154399	2.145767E-6
-138.133775	1.986821E-6
-138.113152	2.384186E-6
-138.092528	1.827876E-6
-138.071904	1.589457E-6
-138.051281	1.907349E-6
-138.030657	3.019969E-6
-138.010033	2.861023E-6
-137.989410	2.781550E-6
-137.968786	3.019969E-6
-137.948162	2.861023E-6
-137.927539	1.748403E-6
-137.906915	1.112620E-6
-137.886292	1.112620E-6
-137.865668	1.033147E-6
-137.845044	6.357829E-7
-137.824421	0.000000
-137.803797	-1.589457E-6
-137.783173	-1.827876E-6
-137.762550	-1.986821E-6
-137.741926	-1.748403E-6
-137.721302	-2.225240E-6
-137.700679	-2.225240E-6
-137.680055	-2.066294E-6
-137.659432	-1.907349E-6
-137.638808	-2.145767E-6
-137.618184	-1.192093E-6
-137.597561	-1.033147E-6
-137.576937	-3.973643E-7
-137.556313	1.668930E-6
-137.535690	1.748403E-6
-137.515066	1.986821E-6
-137.494442	2.304713E-6
-137.473819	2.145767E-6
-137.453195	1.509984E-6
-137.432572	1.986821E-6
-137.411948	1.351039E-6
-137.391324	8.742015E-7
-137.370701	5.563100E-7
-137.350077	7.947286E-7
-137.329453	-2.384186E-7
-137.308830	-4.768372E-7
-137.288206	-3.973643E-7
-137.267582	-1.986821E-6
-137.246959	-2.384186E-6
-137.226335	-2.702077E-6
-137.205712	-3.894170E-6
-137.185088	-3.973643E-6
-137.164464	-3.496806E-6
-137.143841	-3.576279E-6
-137.123217	-4.609426E-6
-137.102593	-5.960464E-6
-137.081970	-6.675720E-6
-137.061346	-6.755193E-6
-137.040722	-7.788340E-6
-137.020099	-8.900960E-6
-136.999475	-9.059906E-6
-136.978851	-8.742015E-6
-136.958228	-8.424123E-6
-136.937604	-8.583069E-6
-136.916981	-8.424123E-6
-136.896357	-8.503596E-6
-136.875733	-8.344650E-6
-136.855110	-7.390976E-6
-136.834486	-6.198883E-6
-136.813862	-4.768372E-6
-136.793239	-4.768372E-6
-136.772615	-4.212062E-6
-136.751991	-2.543132E-6
-136.731368	-1.112620E-6
-136.710744	3.973643E-7
-136.690121	2.225240E-6
-136.669497	3.894170E-6
-136.648873	5.324682E-6
-136.628250	5.722046E-6
-136.607626	6.437302E-6
-136.587002	7.232030E-6
-136.566379	7.549922E-6
-136.545755	7.470449E-6
-136.525131	6.119410E-6
-136.504508	5.086263E-6
-136.483884	3.973643E-6
-136.463261	2.066294E-6
-136.442637	5.563100E-7
-136.422013	-1.430511E-6
-136.401390	-2.622604E-6
-136.380766	-4.768372E-6
-136.360142	-6.834666E-6
-136.339519	-8.821487E-6
-136.318895	-1.009305E-5
-136.298271	-1.176198E-5
-136.277648	-1.343091E-5
-136.257024	-1.327197E-5
-136.236400	-1.303355E-5
-136.215777	-1.295408E-5
-136.195153	-1.184146E-5
-136.174530	-1.136462E-5
-136.153906	-1.033147E-5
-136.133282	-9.059906E-6
-136.112659	-8.344650E-6
-136.092035	-6.993612E-6
-136.071411	-5.165736E-6
-136.050788	-4.132589E-6
-136.030164	-3.417333E-6
-136.009540	-2.702077E-6
-135.988917	-1.748403E-6
-135.968293	-9.536743E-7
-135.947670	3.178914E-7
-135.927046	1.351039E-6
-135.906422	2.066294E-6
-135.885799	2.225240E-6
-135.865175	3.735224E-6
-135.844551	3.735224E-6
-135.823928	5.006790E-6
-135.803304	5.960464E-6
-135.782680	6.516774E-6
-135.762057	6.357829E-6
-135.741433	6.675720E-6
-135.720810	6.357829E-6
-135.700186	6.039937E-6
-135.679562	5.642573E-6
-135.658939	4.609426E-6
-135.638315	3.099442E-6
-135.617691	1.668930E-6
-135.597068	7.947286E-8
-135.576444	-6.357829E-7
-135.555820	-7.152557E-7
-135.535197	-1.033147E-6
-135.514573	-1.509984E-6
-135.493949	-2.463659E-6
-135.473326	-3.417333E-6
-135.452702	-3.417333E-6
-135.432079	-3.337860E-6
-135.411455	-2.702077E-6
-135.390831	-3.258387E-6
-135.370208	-2.861023E-6
-135.349584	-2.463659E-6
-135.328960	-1.430511E-6
-135.308337	-5.563100E-7
-135.287713	0.000000
-135.267089	3.178914E-7
-135.246466	4.768372E-7
-135.225842	7.947286E-8
-135.205219	4.768372E-7
-135.184595	0.000000
-135.163971	7.947286E-8
-135.143348	-7.947286E-8
-135.122724	-7.152557E-7
-135.102100	-7.152557E-7
-135.081477	-7.152557E-7
-135.060853	-3.973643E-7
-135.040229	-1.509984E-6
-135.019606	-2.622604E-6
-134.998982	-3.019969E-6
-134.978359	-2.543132E-6
-134.957735	-2.225240E-6
-134.937111	-2.304713E-6
-134.916488	-1.430511E-6
-134.895864	-7.947286E-8
-134.875240	6.357829E-7
-134.854617	7.152557E-7
-134.833993	1.986821E-6
-134.813369	2.543132E-6
-134.792746	3.099442E-6
-134.772122	3.178914E-6
-134.751498	3.337860E-6
-134.730875	3.099442E-6
-134.710251	2.702077E-6
-134.689628	1.907349E-6
-134.669004	5.563100E-7
-134.648380	-3.973643E-7
-134.627757	-1.907349E-6
-134.607133	-3.576279E-6
-134.586509	-4.768372E-6
-134.565886	-6.119410E-6
-134.545262	-7.470449E-6
-134.524638	-8.662542E-6
-134.504015	-8.662542E-6
-134.483391	-8.900960E-6
-134.462768	-9.059906E-6
-134.442144	-9.298325E-6
-134.421520	-9.457270E-6
-134.400897	-9.536743E-6
-134.380273	-8.980433E-6
-134.359649	-8.026759E-6
-134.339026	-7.232030E-6
-134.318402	-6.755193E-6
-134.297778	-6.675720E-6
-134.277155	-5.880992E-6
-134.256531	-5.722046E-6
-134.235908	-5.563100E-6
-134.215284	-4.212062E-6
-134.194660	-4.053116E-6
-134.174037	-2.463659E-6
-134.153413	-1.192093E-6
-134.132789	-5.563100E-7
-134.112166	1.271566E-6
-134.091542	3.258387E-6
-134.070918	5.086263E-6
-134.050295	6.516774E-6
-134.029671	7.629395E-6
-134.009047	8.742015E-6
-133.988424	9.695689E-6
-133.967800	1.009305E-5
-133.947177	1.080831E-5
-133.926553	1.064936E-5
-133.905929	9.775162E-6
-133.885306	1.001358E-5
-133.864682	9.457270E-6
-133.844058	8.344650E-6
-133.823435	7.073085E-6
-133.802811	4.927317E-6
-133.782187	2.543132E-6
-133.761564	9.536743E-7
-133.740940	3.178914E-7
-133.720317	-1.748403E-6
-133.699693	-3.735224E-6
-133.679069	-5.722046E-6
-133.658446	-6.437302E-6
-133.637822	-7.311503E-6
-133.617198	-9.059906E-6
-133.596575	-1.049042E-5
-133.575951	-1.049042E-5
-133.555327	-9.377797E-6
-133.534704	-9.059906E-6
-133.514080	-8.900960E-6
-133.493457	-8.980433E-6
-133.472833	-8.424123E-6
-133.452209	-8.980433E-6
-133.431586	-8.742015E-6
-133.410962	-7.232030E-6
-133.390338	-6.675720E-6
-133.369715	-5.563100E-6
-133.349091	-5.086263E-6
-133.328467	-3.814697E-6
-133.307844	-1.668930E-6
-133.287220	-1.192093E-6
-133.266596	0.000000
-133.245973	1.589457E-6
-133.225349	2.622604E-6
-133.204726	3.417333E-6
-133.184102	4.927317E-6
-133.163478	6.675720E-6
-133.142855	8.185705E-6
-133.122231	9.059906E-6
-133.101607	9.457270E-6
-133.080984	8.980433E-6
-133.060360	9.218852E-6
-133.039736	9.059906E-6
-133.019113	8.662542E-6
-132.998489	8.185705E-6
-132.977866	7.629395E-6
-132.957242	7.549922E-6
-132.936618	6.039937E-6
-132.915995	4.609426E-6
-132.895371	3.258387E-6
-132.874747	9.536743E-7
-132.854124	7.947286E-8
-132.833500	-1.271566E-6
-132.812876	-2.145767E-6
-132.792253	-2.702077E-6
-132.771629	-3.496806E-6
-132.751006	-5.483627E-6
-132.730382	-6.516774E-6
-132.709758	-7.311503E-6
-132.689135	-8.344650E-6
-132.668511	-8.742015E-6
-132.647887	-7.629395E-6
-132.627264	-7.311503E-6
-132.606640	-7.470449E-6
-132.586016	-6.437302E-6
-132.565393	-6.198883E-6
-132.544769	-5.324682E-6
-132.524145	-3.655752E-6
-132.503522	-2.861023E-6
-132.482898	-2.066294E-6
-132.462275	-1.271566E-6
-132.441651	-3.973643E-7
-132.421027	1.351039E-6
-132.400404	2.861023E-6
-132.379780	2.940496E-6
-132.359156	4.291534E-6
-132.338533	5.324682E-6
-132.317909	6.357829E-6
-132.297285	7.311503E-6
-132.276662	7.152557E-6
-132.256038	7.629395E-6
-132.235415	8.265177E-6
-132.214791	9.377797E-6
-132.194167	8.980433E-6
-132.173544	8.900960E-6
-132.152920	8.106232E-6
-132.132296	7.629395E-6
-132.111673	7.152557E-6
-132.091049	5.722046E-6
-132.070425	4.688899E-6
-132.049802	3.417333E-6
-132.029178	7.947286E-7
-132.008555	-1.668930E-6
-131.987931	-3.973643E-6
-131.967307	-5.801519E-6
-131.946684	-7.470449E-6
-131.926060	-8.742015E-6
-131.905436	-9.775162E-6
-131.884813	-1.096725E-5
-131.864189	-1.184146E-5
-131.843565	-1.184146E-5
-131.822942	-1.136462E-5
-131.802318	-1.088778E-5
-131.781695	-8.900960E-6
-131.761071	-6.755193E-6
-131.740447	-5.563100E-6
-131.719824	-3.735224E-6
-131.699200	-2.304713E-6
-131.678576	-7.947286E-8
-131.657953	1.748403E-6
-131.637329	4.212062E-6
-131.616705	4.609426E-6
-131.596082	5.801519E-6
-131.575458	6.278356E-6
-131.554834	6.914139E-6
-131.534211	6.755193E-6
-131.513587	6.198883E-6
-131.492964	4.450480E-6
-131.472340	1.509984E-6
-131.451716	8.742015E-7
-131.431093	3.973643E-7
-131.410469	-1.112620E-6
-131.389845	-2.066294E-6
-131.369222	-2.543132E-6
-131.348598	-3.814697E-6
-131.327974	-4.529953E-6
-131.307351	-5.324682E-6
-131.286727	-5.324682E-6
-131.266104	-5.245209E-6
-131.245480	-5.165736E-6
-131.224856	-5.006790E-6
-131.204233	-3.496806E-6
-131.183609	-2.304713E-6
-131.162985	-1.907349E-6
-131.142362	-1.192093E-6
-131.121738	-1.748403E-6
-131.101114	-8.742015E-7
-131.080491	1.589457E-7
-131.059867	6.357829E-7
-131.039244	8.742015E-7
-131.018620	8.742015E-7
-130.997996	4.768372E-7
-130.977373	3.178914E-7
-130.956749	2.384186E-7
-130.936125	-1.192093E-6
-130.915502	-2.145767E-6
-130.894878	-2.781550E-6
-130.874254	-3.973643E-6
-130.853631	-5.165736E-6
-130.833007	-5.801519E-6
-130.812383	-6.596247E-6
-130.791760	-7.708867E-6
-130.771136	-7.867813E-6
-130.750513	-8.106232E-6
-130.729889	-8.980433E-6
-130.709265	-9.536743E-6
-130.688642	-9.695689E-6
-130.668018	-9.457270E-6
-130.647394	-8.106232E-6
-130.626771	-6.516774E-6
-130.606147	-5.801519E-6
-130.585523	-4.688899E-6
-130.564900	-2.940496E-6
-130.544276	-1.192093E-6
-130.523653	1.271566E-6
-130.503029	3.258387E-6
-130.482405	4.847844E-6
-130.461782	7.232030E-6
-130.441158	9.139379E-6
-130.420534	9.695689E-6
-130.399911	1.041094E-5
-130.379287	1.049042E-5
-130.358663	1.096725E-5
-130.338040	9.854635E-6
-130.317416	9.059906E-6
-130.296793	8.583069E-6
-130.276169	7.629395E-6
-130.255545	6.039937E-6
-130.234922	3.735224E-6
-130.214298	1.112620E-6
-130.193674	-2.225240E-6
-130.173051	-5.324682E-6
-130.152427	-7.232030E-6
-130.131803	-8.583069E-6
-130.111180	-1.009305E-5
-130.090556	-1.120567E-5
-130.069932	-1.192093E-5
-130.049309	-1.184146E-5
-130.028685	-1.112620E-5
-130.008062	-9.934107E-6
-129.987438	-9.298325E-6
-129.966814	-6.914139E-6
-129.946191	-5.563100E-6
-129.925567	-3.019969E-6
-129.904943	-1.589457E-7
-129.884320	1.827876E-6
-129.863696	4.132589E-6
-129.843072	5.324682E-6
-129.822449	6.437302E-6
-129.801825	6.755193E-6
-129.781202	6.516774E-6
-129.760578	5.722046E-6
-129.739954	4.688899E-6
-129.719331	2.861023E-6
-129.698707	1.907349E-6
-129.678083	7.947286E-8
-129.657460	-1.907349E-6
-129.636836	-4.053116E-6
-129.616212	-5.801519E-6
-129.595589	-6.357829E-6
-129.574965	-7.470449E-6
-129.554342	-8.980433E-6
-129.533718	-1.017253E-5
-129.513094	-9.536743E-6
-129.492471	-8.821487E-6
-129.471847	-8.662542E-6
-129.451223	-7.867813E-6
-129.430600	-6.675720E-6
-129.409976	-5.722046E-6
-129.389352	-3.894170E-6
-129.368729	-2.781550E-6
-129.348105	-1.351039E-6
-129.327481	-1.192093E-6
-129.306858	-1.033147E-6
-129.286234	-8.742015E-7
-129.265611	-6.357829E-7
-129.244987	-1.589457E-7
-129.224363	-7.947286E-8
-129.203740	-7.947286E-8
-129.183116	-1.271566E-6
-129.162492	-1.986821E-6
-129.141869	-2.225240E-6
-129.121245	-3.178914E-6
-129.100621	-3.099442E-6
-129.079998	-4.212062E-6
-129.059374	-5.404154E-6
-129.038751	-6.437302E-6
-129.018127	-7.073085E-6
-128.997503	-7.947286E-6
-128.976880	-8.106232E-6
-128.956256	-8.106232E-6
-128.935632	-6.914139E-6
-128.915009	-6.437302E-6
-128.894385	-5.801519E-6
-128.873761	-5.165736E-6
-128.853138	-3.496806E-6
-128.832514	-1.192093E-6
-128.811891	7.947286E-7
-128.791267	2.861023E-6
-128.770643	4.450480E-6
-128.750020	5.483627E-6
-128.729396	6.834666E-6
-128.708772	7.470449E-6
-128.688149	8.265177E-6
-128.667525	8.265177E-6
-128.646901	8.344650E-6
-128.626278	7.947286E-6
-128.605654	6.834666E-6
-128.585030	5.086263E-6
-128.564407	2.225240E-6
-128.543783	-3.178914E-7
-128.523160	-3.576279E-6
-128.502536	-5.404154E-6
-128.481912	-7.947286E-6
-128.461289	-1.009305E-5
-128.440665	-1.200040E-5
-128.420041	-1.351039E-5
-128.399418	-1.446406E-5
-128.378794	-1.366933E-5
-128.358170	-1.319249E-5
-128.337547	-1.176198E-5
-128.316923	-1.041094E-5
-128.296300	-8.424123E-6
-128.275676	-5.404154E-6
-128.255052	-2.861023E-6
-128.234429	-3.973643E-7
-128.213805	2.463659E-6
-128.193181	5.245209E-6
-128.172558	6.834666E-6
-128.151934	7.947286E-6
-128.131310	9.139379E-6
-128.110687	9.695689E-6
-128.090063	9.616216E-6
-128.069440	9.457270E-6
-128.048816	8.900960E-6
-128.028192	8.026759E-6
-128.007569	7.073085E-6
-127.986945	5.563100E-6
-127.966321	4.053116E-6
-127.945698	2.066294E-6
-127.925074	7.947286E-8
-127.904450	-2.066294E-6
-127.883827	-3.655752E-6
-127.863203	-4.768372E-6
-127.842579	-6.039937E-6
-127.821956	-7.311503E-6
-127.801332	-7.947286E-6
-127.780709	-9.775162E-6
-127.760085	-1.064936E-5
-127.739461	-1.128515E-5
-127.718838	-1.120567E-5
-127.698214	-9.775162E-6
-127.677590	-8.106232E-6
-127.656967	-7.390976E-6
-127.636343	-5.165736E-6
-127.615719	-2.781550E-6
-127.595096	-1.668930E-6
-127.574472	-3.973643E-7
-127.553849	2.463659E-6
-127.533225	5.165736E-6
-127.512601	7.947286E-6
-127.491978	9.377797E-6
-127.471354	1.072884E-5
-127.450730	1.096725E-5
-127.430107	1.120567E-5
-127.409483	1.056989E-5
-127.388859	9.616216E-6
-127.368236	8.583069E-6
-127.347612	7.073085E-6
-127.326989	5.324682E-6
-127.306365	4.371007E-6
-127.285741	2.225240E-6
-127.265118	-3.178914E-7
-127.244494	-2.066294E-6
-127.223870	-3.496806E-6
-127.203247	-4.291534E-6
-127.182623	-5.086263E-6
-127.161999	-5.404154E-6
-127.141376	-6.039937E-6
-127.120752	-5.642573E-6
-127.100128	-5.483627E-6
-127.079505	-4.847844E-6
-127.058881	-3.417333E-6
-127.038258	-2.384186E-6
-127.017634	-1.271566E-6
-126.997010	-3.178914E-7
-126.976387	9.536743E-7
-126.955763	2.225240E-6
-126.935139	4.053116E-6
-126.914516	6.039937E-6
-126.893892	7.073085E-6
-126.873268	7.549922E-6
-126.852645	6.914139E-6
-126.832021	7.152557E-6
-126.811398	7.549922E-6
-126.790774	6.834666E-6
-126.770150	5.563100E-6
-126.749527	3.655752E-6
-126.728903	2.384186E-6
-126.708279	2.384186E-7
-126.687656	-2.622604E-6
-126.667032	-4.053116E-6
-126.646408	-4.529953E-6
-126.625785	-5.006790E-6
-126.605161	-5.563100E-6
-126.584538	-6.596247E-6
-126.563914	-5.960464E-6
-126.543290	-4.609426E-6
-126.522667	-3.417333E-6
-126.502043	-1.907349E-6
-126.481419	-3.178914E-7
-126.460796	2.622604E-6
-126.440172	4.927317E-6
-126.419548	6.914139E-6
-126.398925	8.106232E-6
-126.378301	9.536743E-6
-126.357678	1.152356E-5
-126.337054	1.271566E-5
-126.316430	1.351039E-5
-126.295807	1.335144E-5
-126.275183	1.279513E-5
-126.254559	1.168251E-5
-126.233936	9.775162E-6
-126.213312	6.755193E-6
-126.192688	4.371007E-6
-126.172065	2.861023E-6
-126.151441	1.351039E-6
-126.130817	1.033147E-6
-126.110194	-1.589457E-7
-126.089570	-3.099442E-6
-126.068947	-5.324682E-6
-126.048323	-7.470449E-6
-126.027699	-7.788340E-6
-126.007076	-7.788340E-6
-125.986452	-8.185705E-6
-125.965828	-9.457270E-6
-125.945205	-9.854635E-6
-125.924581	-8.980433E-6
-125.903957	-8.344650E-6
-125.883334	-7.152557E-6
-125.862710	-5.960464E-6
-125.842087	-5.324682E-6
-125.821463	-4.927317E-6
-125.800839	-3.178914E-6
-125.780216	-1.668930E-6
-125.759592	-7.947286E-7
-125.738968	-7.947286E-7
-125.718345	9.536743E-7
-125.697721	1.509984E-6
-125.677097	1.827876E-6
-125.656474	2.781550E-6
-125.635850	2.304713E-6
-125.615227	1.748403E-6
-125.594603	1.351039E-6
-125.573979	1.589457E-7
-125.553356	-3.973643E-7
-125.532732	-2.225240E-6
-125.512108	-3.655752E-6
-125.491485	-4.768372E-6
-125.470861	-5.165736E-6
-125.450237	-5.722046E-6
-125.429614	-7.390976E-6
-125.408990	-8.026759E-6
-125.388366	-7.232030E-6
-125.367743	-6.516774E-6
-125.347119	-6.675720E-6
-125.326496	-6.755193E-6
-125.305872	-4.688899E-6
-125.285248	-3.496806E-6
-125.264625	-2.543132E-6
-125.244001	-1.509984E-6
-125.223377	-8.742015E-7
-125.202754	2.384186E-7
-125.182130	1.033147E-6
-125.161506	2.304713E-6
-125.140883	2.225240E-6
-125.120259	1.748403E-6
-125.099636	1.351039E-6
-125.079012	8.742015E-7
-125.058388	9.536743E-7
-125.037765	5.563100E-7
-125.017141	-7.947286E-8
-124.996517	3.178914E-7
-124.975894	-3.973643E-7
-124.955270	-1.589457E-6
-124.934646	-1.033147E-6
-124.914023	-1.192093E-6
-124.893399	-2.066294E-6
-124.872776	-2.622604E-6
-124.852152	-4.212062E-6
-124.831528	-8.026759E-6
-124.810905	-1.200040E-5
-124.790281	-1.629194E-5
-124.769657	-2.098083E-5
-124.749034	-2.654394E-5
-124.728410	-3.218651E-5
-124.707786	-3.918012E-5
-124.687163	-4.434586E-5
-124.666539	-4.935265E-5
-124.645915	-5.586942E-5
-124.625292	-6.071726E-5
-124.604668	-6.548564E-5
-124.584045	-6.842613E-5
-124.563421	-6.882350E-5
-124.542797	-6.683668E-5
-124.522174	-6.516774E-5
-124.501550	-6.167094E-5
-124.480926	-5.618731E-5
-124.460303	-4.998843E-5
-124.439679	-4.275640E-5
-124.419055	-3.321966E-5
-124.398432	-2.352397E-5
-124.377808	-1.327197E-5
-124.357185	-3.258387E-6
-124.336561	9.854635E-6
-124.315937	2.233187E-5
-124.295314	3.345807E-5
-124.274690	4.434586E-5
-124.254066	5.475680E-5
-124.233443	6.333987E-5
-124.212819	7.081032E-5
-124.192195	7.605553E-5
-124.171572	7.963181E-5
-124.150948	8.328756E-5
-124.130325	8.575122E-5
-124.109701	8.662542E-5
-124.089077	8.551280E-5
-124.068454	8.432070E-5
-124.047830	8.273125E-5
-124.027206	7.923444E-5
-124.006583	7.486343E-5
-123.985959	7.168452E-5
-123.965335	6.604195E-5
-123.944712	6.039937E-5
-123.924088	5.459785E-5
-123.903464	4.855792E-5
-123.882841	4.204114E-5
-123.862217	3.457069E-5
-123.841594	2.741814E-5
-123.820970	2.153714E-5
-123.800346	1.533826E-5
-123.779723	1.001358E-5
-123.759099	5.483627E-6
-123.738475	3.178914E-7
-123.717852	-4.927317E-6
-123.697228	-8.662542E-6
-123.676604	-1.263618E-5
-123.655981	-1.788139E-5
-123.635357	-2.145767E-5
-123.614734	-2.344449E-5
-123.594110	-2.447764E-5
-123.573486	-2.479553E-5
-123.552863	-2.431870E-5
-123.532239	-2.479553E-5
-123.511615	-2.304713E-5
-123.490992	-2.074242E-5
-123.470368	-2.018611E-5
-123.449744	-1.811981E-5
-123.429121	-1.668930E-5
-123.408497	-1.525879E-5
-123.387874	-1.271566E-5
-123.367250	-1.144409E-5
-123.346626	-1.009305E-5
-123.326003	-9.218852E-6
-123.305379	-8.900960E-6
-123.284755	-8.344650E-6
-123.264132	-9.059906E-6
-123.243508	-9.695689E-6
-123.222884	-1.080831E-5
-123.202261	-1.160304E-5
-123.181637	-1.295408E-5
-123.161013	-1.374880E-5
-123.140390	-1.454353E-5
-123.119766	-1.430511E-5
-123.099143	-1.390775E-5
-123.078519	-1.374880E-5
-123.057895	-1.255671E-5
-123.037272	-9.854635E-6
-123.016648	-8.662542E-6
-122.996024	-7.152557E-6
-122.975401	-5.642573E-6
-122.954777	-2.781550E-6
-122.934153	-6.357829E-7
-122.913530	1.827876E-6
-122.892906	4.291534E-6
-122.872283	6.278356E-6
-122.851659	7.867813E-6
-122.831035	9.775162E-6
-122.810412	1.088778E-5
-122.789788	1.120567E-5
-122.769164	1.049042E-5
-122.748541	8.583069E-6
-122.727917	7.629395E-6
-122.707293	5.801519E-6
-122.686670	3.496806E-6
-122.666046	1.192093E-6
-122.645423	-2.225240E-6
-122.624799	-6.039937E-6
-122.604175	-9.377797E-6
-122.583552	-1.287460E-5
-122.562928	-1.502037E-5
-122.542304	-1.843770E-5
-122.521681	-2.002716E-5
-122.501057	-2.082189E-5
-122.480433	-2.129873E-5
-122.459810	-2.153714E-5
-122.439186	-2.090136E-5
-122.418562	-1.978874E-5
-122.397939	-1.859665E-5
-122.377315	-1.732508E-5
-122.356692	-1.565615E-5
-122.336068	-1.319249E-5
-122.315444	-1.056989E-5
-122.294821	-7.788340E-6
-122.274197	-5.165736E-6
-122.253573	-2.622604E-6
-122.232950	6.357829E-7
-122.212326	3.496806E-6
-122.191702	6.437302E-6
-122.171079	8.185705E-6
-122.150455	8.980433E-6
-122.129832	9.616216E-6
-122.109208	1.033147E-5
-122.088584	1.184146E-5
-122.067961	1.160304E-5
-122.047337	1.160304E-5
-122.026713	1.080831E-5
-122.006090	9.695689E-6
-121.985466	9.218852E-6
-121.964842	7.311503E-6
-121.944219	6.357829E-6
-121.923595	4.688899E-6
-121.902972	3.019969E-6
-121.882348	1.907349E-6
-121.861724	8.742015E-7
-121.841101	-3.973643E-7
-121.820477	-2.463659E-6
-121.799853	-3.655752E-6
-121.779230	-4.053116E-6
-121.758606	-4.529953E-6
-121.737982	-5.245209E-6
-121.717359	-6.198883E-6
-121.696735	-6.278356E-6
-121.676111	-7.232030E-6
-121.655488	-7.867813E-6
-121.634864	-7.947286E-6
-121.614241	-7.788340E-6
-121.593617	-7.470449E-6
-121.572993	-6.278356E-6
-121.552370	-5.483627E-6
-121.531746	-3.337860E-6
-121.511122	-1.907349E-6
-121.490499	-1.271566E-6
-121.469875	-1.509984E-6
-121.449251	-1.192093E-6
-121.428628	-9.536743E-7
-121.408004	-4.768372E-7
-121.387381	-8.742015E-7
-121.366757	-2.463659E-6
-121.346133	-2.861023E-6
-121.325510	-3.417333E-6
-121.304886	-4.053116E-6
-121.284262	-3.496806E-6
-121.263639	-3.099442E-6
-121.243015	-2.225240E-6
-121.222391	-5.563100E-7
-121.201768	1.271566E-6
-121.181144	3.337860E-6
-121.160521	5.006790E-6
-121.139897	8.344650E-6
-121.119273	1.056989E-5
-121.098650	1.486142E-5
-121.078026	1.851718E-5
-121.057402	2.185504E-5
-121.036779	2.384186E-5
-121.016155	2.503395E-5
-120.995531	2.574921E-5
-120.974908	2.495448E-5
-120.954284	2.201398E-5
-120.933661	1.891454E-5
-120.913037	1.621246E-5
-120.892413	1.287460E-5
-120.871790	9.218852E-6
-120.851166	4.927317E-6
-120.830542	-2.384186E-7
-120.809919	-4.450480E-6
-120.789295	-9.536743E-6
-120.768671	-1.382828E-5
-120.748048	-1.756350E-5
-120.727424	-1.962980E-5
-120.706800	-2.113978E-5
-120.686177	-2.352397E-5
-120.665553	-2.574921E-5
-120.644930	-2.686183E-5
-120.624306	-2.725919E-5
-120.603682	-2.717972E-5
-120.583059	-2.638499E-5
-120.562435	-2.408028E-5
-120.541811	-2.042452E-5
-120.521188	-1.692772E-5
-120.500564	-1.168251E-5
-120.479940	-6.755193E-6
-120.459317	-3.973643E-7
-120.438693	5.722046E-6
-120.418070	1.088778E-5
-120.397446	1.565615E-5
-120.376822	2.082189E-5
-120.356199	2.447764E-5
-120.335575	2.662341E-5
-120.314951	2.741814E-5
-120.294328	2.805392E-5
-120.273704	2.733866E-5
-120.253080	2.463659E-5
-120.232457	2.082189E-5
-120.211833	1.668930E-5
-120.191210	1.207987E-5
-120.170586	6.755193E-6
-120.149962	5.563100E-7
-120.129339	-5.404154E-6
-120.108715	-1.088778E-5
-120.088091	-1.613299E-5
-120.067468	-2.050400E-5
-120.046844	-2.392133E-5
-120.026220	-2.757708E-5
-120.005597	-2.980232E-5
-119.984973	-3.131231E-5
-119.964349	-3.282229E-5
-119.943726	-3.250440E-5
-119.923102	-3.186862E-5
-119.902479	-3.091494E-5
-119.881855	-2.821287E-5
-119.861231	-2.495448E-5
-119.840608	-2.098083E-5
-119.819984	-1.764297E-5
-119.799360	-1.509984E-5
-119.778737	-1.303355E-5
-119.758113	-9.934107E-6
-119.737489	-6.596247E-6
-119.716866	-3.496806E-6
-119.696242	-1.748403E-6
-119.675619	5.563100E-7
-119.654995	2.066294E-6
-119.634371	2.702077E-6
-119.613748	3.337860E-6
-119.593124	4.053116E-6
-119.572500	5.324682E-6
-119.551877	5.563100E-6
-119.531253	6.596247E-6
-119.510629	6.119410E-6
-119.490006	6.278356E-6
-119.469382	6.596247E-6
-119.448759	6.039937E-6
-119.428135	6.914139E-6
-119.407511	7.947286E-6
-119.386888	9.059906E-6
-119.366264	1.104673E-5
-119.345640	1.207987E-5
-119.325017	1.287460E-5
-119.304393	1.303355E-5
-119.283769	1.398722E-5
-119.263146	1.454353E-5
-119.242522	1.541773E-5
-119.221898	1.438459E-5
-119.201275	1.295408E-5
-119.180651	1.215935E-5
-119.160028	1.112620E-5
-119.139404	8.980433E-6
-119.118780	6.039937E-6
-119.098157	3.178914E-6
-119.077533	7.152557E-7
-119.056909	-2.384186E-6
-119.036286	-5.006790E-6
-119.015662	-8.185705E-6
-118.995038	-1.136462E-5
-118.974415	-1.303355E-5
-118.953791	-1.430511E-5
-118.933168	-1.573563E-5
-118.912544	-1.859665E-5
-118.891920	-2.002716E-5
-118.871297	-1.947085E-5
-118.850673	-1.788139E-5
-118.830049	-1.668930E-5
-118.809426	-1.565615E-5
-118.788802	-1.358986E-5
-118.768178	-1.025200E-5
-118.747555	-7.152557E-6
-118.726931	-4.132589E-6
-118.706308	-2.225240E-6
-118.685684	2.384186E-7
-118.665060	1.907349E-6
-118.644437	3.417333E-6
-118.623813	5.801519E-6
-118.603189	7.867813E-6
-118.582566	8.980433E-6
-118.561942	9.934107E-6
-118.541318	9.536743E-6
-118.520695	1.017253E-5
-118.500071	1.041094E-5
-118.479447	8.106232E-6
-118.458824	6.357829E-6
-118.438200	4.688899E-6
-118.417577	3.814697E-6
-118.396953	1.986821E-6
-118.376329	-1.589457E-7
-118.355706	-2.384186E-6
-118.335082	-4.768372E-6
-118.314458	-6.357829E-6
-118.293835	-7.629395E-6
-118.273211	-7.947286E-6
-118.252587	-8.503596E-6
-118.231964	-8.980433E-6
-118.211340	-8.424123E-6
-118.190717	-6.914139E-6
-118.170093	-5.086263E-6
-118.149469	-5.006790E-6
-118.128846	-3.735224E-6
-118.108222	-2.781550E-6
-118.087598	-1.668930E-6
-118.066975	-8.742015E-7
-118.046351	7.947286E-8
-118.025727	5.563100E-7
-118.005104	6.357829E-7
-117.984480	0.000000
-117.963857	-7.947286E-7
-117.943233	-1.351039E-6
-117.922609	-1.748403E-6
-117.901986	-1.033147E-6
-117.881362	-1.351039E-6
-117.860738	-1.668930E-6
-117.840115	-1.748403E-6
-117.819491	-1.907349E-6
-117.798867	-1.668930E-6
-117.778244	-1.112620E-6
-117.757620	2.384186E-7
-117.736996	9.536743E-7
-117.716373	2.384186E-6
-117.695749	3.814697E-6
-117.675126	4.291534E-6
-117.654502	4.768372E-6
-117.633878	4.847844E-6
-117.613255	5.165736E-6
-117.592631	5.086263E-6
-117.572007	6.596247E-6
-117.551384	7.629395E-6
-117.530760	7.708867E-6
-117.510136	7.390976E-6
-117.489513	6.278356E-6
-117.468889	6.119410E-6
-117.448266	6.278356E-6
-117.427642	6.596247E-6
-117.407018	6.119410E-6
-117.386395	4.768372E-6
-117.365771	3.576279E-6
-117.345147	2.463659E-6
-117.324524	7.152557E-7
-117.303900	-1.589457E-6
-117.283276	-3.655752E-6
-117.262653	-5.165736E-6
-117.242029	-6.755193E-6
-117.221406	-8.742015E-6
-117.200782	-1.064936E-5
-117.180158	-1.096725E-5
-117.159535	-1.104673E-5
-117.138911	-1.112620E-5
-117.118287	-1.152356E-5
-117.097664	-1.041094E-5
-117.077040	-1.033147E-5
-117.056416	-9.695689E-6
-117.035793	-7.470449E-6
-117.015169	-5.324682E-6
-116.994545	-3.496806E-6
-116.973922	-1.748403E-6
-116.953298	-2.384186E-7
-116.932675	1.351039E-6
-116.912051	4.132589E-6
-116.891427	5.483627E-6
-116.870804	7.311503E-6
-116.850180	9.139379E-6
-116.829556	1.049042E-5
-116.808933	1.192093E-5
-116.788309	1.239777E-5
-116.767685	1.279513E-5
-116.747062	1.327197E-5
-116.726438	1.311302E-5
-116.705815	1.080831E-5
-116.685191	9.934107E-6
-116.664567	9.139379E-6
-116.643944	6.993612E-6
-116.623320	5.404154E-6
-116.602696	2.861023E-6
-116.582073	4.768372E-7
-116.561449	-1.430511E-6
-116.540825	-3.417333E-6
-116.520202	-5.086263E-6
-116.499578	-7.073085E-6
-116.478955	-9.298325E-6
-116.458331	-1.136462E-5
-116.437707	-1.247724E-5
-116.417084	-1.311302E-5
-116.396460	-1.319249E-5
-116.375836	-1.327197E-5
-116.355213	-1.223882E-5
-116.334589	-1.231829E-5
-116.313965	-1.215935E-5
-116.293342	-1.168251E-5
-116.272718	-1.025200E-5
-116.252094	-8.185705E-6
-116.231471	-6.914139E-6
-116.210847	-5.006790E-6
-116.190224	-2.622604E-6
-116.169600	3.973643E-7
-116.148976	2.543132E-6
-116.128353	3.496806E-6
-116.107729	4.450480E-6
-116.087105	4.927317E-6
-116.066482	5.245209E-6
-116.045858	6.437302E-6
-116.025234	6.596247E-6
-116.004611	6.357829E-6
-115.983987	6.119410E-6
-115.963364	5.483627E-6
-115.942740	4.927317E-6
-115.922116	4.927317E-6
-115.901493	3.735224E-6
-115.880869	3.019969E-6
-115.860245	1.986821E-6
-115.839622	1.589457E-6
-115.818998	1.827876E-6
-115.798374	1.986821E-6
-115.777751	3.019969E-6
-115.757127	2.384186E-6
-115.736504	1.907349E-6
-115.715880	1.827876E-6
-115.695256	1.907349E-6
-115.674633	1.827876E-6
-115.654009	1.192093E-6
-115.633385	3.973643E-7
-115.612762	2.384186E-7
-115.592138	1.033147E-6
-115.571514	3.178914E-7
-115.550891	2.384186E-7
-115.530267	-5.563100E-7
-115.509644	3.178914E-7
-115.489020	6.357829E-7
-115.468396	3.973643E-7
-115.447773	-2.384186E-7
-115.427149	-1.192093E-6
-115.406525	-7.947286E-7
-115.385902	-1.033147E-6
-115.365278	-1.351039E-6
-115.344654	-1.827876E-6
-115.324031	-2.066294E-6
-115.303407	-3.258387E-6
-115.282783	-3.894170E-6
-115.262160	-5.880992E-6
-115.241536	-6.993612E-6
-115.220913	-7.867813E-6
-115.200289	-8.742015E-6
-115.179665	-9.536743E-6
-115.159042	-1.049042E-5
-115.138418	-1.192093E-5
-115.117794	-1.200040E-5
-115.097171	-1.136462E-5
-115.076547	-1.041094E-5
-115.055923	-9.616216E-6
-115.035300	-7.788340E-6
-115.014676	-6.357829E-6
-114.994053	-5.404154E-6
-114.973429	-3.417333E-6
-114.952805	-8.742015E-7
-114.932182	7.947286E-7
-114.911558	2.225240E-6
-114.890934	2.861023E-6
-114.870311	3.099442E-6
-114.849687	3.178914E-6
-114.829063	2.702077E-6
-114.808440	2.622604E-6
-114.787816	1.986821E-6
-114.767193	7.152557E-7
-114.746569	3.973643E-7
-114.725945	-1.112620E-6
-114.705322	-2.702077E-6
-114.684698	-3.894170E-6
-114.664074	-4.688899E-6
-114.643451	-5.642573E-6
-114.622827	-6.278356E-6
-114.602203	-6.437302E-6
-114.581580	-7.232030E-6
-114.560956	-8.026759E-6
-114.540332	-7.947286E-6
-114.519709	-7.390976E-6
-114.499085	-6.755193E-6
-114.478462	-6.914139E-6
-114.457838	-7.073085E-6
-114.437214	-6.993612E-6
-114.416591	-7.788340E-6
-114.395967	-6.596247E-6
-114.375343	-5.880992E-6
-114.354720	-4.768372E-6
-114.334096	-3.814697E-6
-114.313472	-3.258387E-6
-114.292849	-2.145767E-6
-114.272225	-1.192093E-6
-114.251602	-5.563100E-7
-114.230978	4.768372E-7
-114.210354	1.430511E-6
-114.189731	2.225240E-6
-114.169107	3.178914E-6
-114.148483	4.609426E-6
-114.127860	5.404154E-6
-114.107236	5.642573E-6
-114.086612	6.914139E-6
-114.065989	7.470449E-6
-114.045365	7.470449E-6
-114.024742	8.662542E-6
-114.004118	9.616216E-6
-113.983494	9.934107E-6
-113.962871	9.695689E-6
-113.942247	9.616216E-6
-113.921623	1.041094E-5
-113.901000	1.033147E-5
-113.880376	1.009305E-5
-113.859752	9.218852E-6
-113.839129	8.662542E-6
-113.818505	7.390976E-6
-113.797881	6.437302E-6
-113.777258	7.232030E-6
-113.756634	6.596247E-6
-113.736011	6.198883E-6
-113.715387	4.609426E-6
-113.694763	2.384186E-6
-113.674140	1.589457E-6
-113.653516	5.563100E-7
-113.632892	-1.112620E-6
-113.612269	-2.463659E-6
-113.591645	-4.132589E-6
-113.571021	-4.609426E-6
-113.550398	-4.371007E-6
-113.529774	-5.563100E-6
-113.509151	-6.516774E-6
-113.488527	-8.026759E-6
-113.467903	-9.139379E-6
-113.447280	-9.536743E-6
-113.426656	-1.001358E-5
-113.406032	-1.112620E-5
-113.385409	-1.207987E-5
-113.364785	-1.096725E-5
-113.344161	-1.017253E-5
-113.323538	-8.503596E-6
-113.302914	-7.073085E-6
-113.282291	-7.073085E-6
-113.261667	-6.119410E-6
-113.241043	-4.212062E-6
-113.220420	-1.033147E-6
-113.199796	9.536743E-7
-113.179172	2.066294E-6
-113.158549	4.529953E-6
-113.137925	6.278356E-6
-113.117301	6.437302E-6
-113.096678	7.708867E-6
-113.076054	8.106232E-6
-113.055430	7.947286E-6
-113.034807	7.311503E-6
-113.014183	6.357829E-6
-112.993560	5.006790E-6
-112.972936	2.702077E-6
-112.952312	1.668930E-6
-112.931689	2.384186E-7
-112.911065	-1.668930E-6
-112.890441	-2.940496E-6
-112.869818	-4.212062E-6
-112.849194	-5.086263E-6
-112.828570	-6.437302E-6
-112.807947	-6.357829E-6
-112.787323	-6.357829E-6
-112.766700	-6.198883E-6
-112.746076	-5.642573E-6
-112.725452	-5.404154E-6
-112.704829	-4.529953E-6
-112.684205	-3.337860E-6
-112.663581	-2.304713E-6
-112.642958	-1.509984E-6
-112.622334	-7.947286E-7
-112.601710	-3.973643E-7
-112.581087	0.000000
-112.560463	5.563100E-7
-112.539840	1.827876E-6
-112.519216	2.463659E-6
-112.498592	3.258387E-6
-112.477969	2.384186E-6
-112.457345	1.986821E-6
-112.436721	1.509984E-6
-112.416098	2.145767E-6
-112.395474	1.430511E-6
-112.374850	3.178914E-7
-112.354227	-7.947286E-8
-112.333603	-1.430511E-6
-112.312979	-3.099442E-6
-112.292356	-4.450480E-6
-112.271732	-5.722046E-6
-112.251109	-6.834666E-6
-112.230485	-7.470449E-6
-112.209861	-7.867813E-6
-112.189238	-7.311503E-6
-112.168614	-6.993612E-6
-112.147990	-6.357829E-6
-112.127367	-5.801519E-6
-112.106743	-4.450480E-6
-112.086119	-2.543132E-6
-112.065496	-9.536743E-7
-112.044872	8.742015E-7
-112.024249	2.861023E-6
-112.003625	5.324682E-6
-111.983001	8.026759E-6
-111.962378	1.001358E-5
-111.941754	1.168251E-5
-111.921130	1.358986E-5
-111.900507	1.335144E-5
-111.879883	1.374880E-5
-111.859259	1.335144E-5
-111.838636	1.279513E-5
-111.818012	1.200040E-5
-111.797389	1.168251E-5
-111.776765	1.056989E-5
-111.756141	1.017253E-5
-111.735518	8.900960E-6
-111.714894	7.232030E-6
-111.694270	4.927317E-6
-111.673647	4.529953E-6
-111.653023	3.894170E-6
-111.632399	2.304713E-6
-111.611776	1.033147E-6
-111.591152	-7.947286E-8
-111.570528	2.384186E-7
-111.549905	-2.384186E-7
-111.529281	-1.192093E-6
-111.508658	-2.066294E-6
-111.488034	-1.192093E-6
-111.467410	-7.947286E-7
-111.446787	-6.357829E-7
-111.426163	1.589457E-7
-111.405539	1.668930E-6
-111.384916	3.496806E-6
-111.364292	5.165736E-6
-111.343668	6.198883E-6
-111.323045	7.311503E-6
-111.302421	9.934107E-6
-111.281798	1.239777E-5
-111.261174	1.398722E-5
-111.240550	1.541773E-5
-111.219927	1.597404E-5
-111.199303	1.692772E-5
-111.178679	1.724561E-5
-111.158056	1.708666E-5
-111.137432	1.668930E-5
-111.116808	1.629194E-5
-111.096185	1.502037E-5
-111.075561	1.422564E-5
-111.054938	1.343091E-5
-111.034314	1.303355E-5
-111.013690	1.112620E-5
-110.993067	9.934107E-6
-110.972443	8.742015E-6
-110.951819	8.265177E-6
-110.931196	8.742015E-6
-110.910572	8.742015E-6
-110.889948	9.854635E-6
-110.869325	9.854635E-6
-110.848701	9.934107E-6
-110.828077	1.136462E-5
-110.807454	1.207987E-5
-110.786830	1.207987E-5
-110.766207	1.303355E-5
-110.745583	1.414617E-5
-110.724959	1.502037E-5
-110.704336	1.692772E-5
-110.683712	1.716614E-5
-110.663088	1.732508E-5
-110.642465	1.668930E-5
-110.621841	1.621246E-5
-110.601217	1.581510E-5
-110.580594	1.454353E-5
-110.559970	1.223882E-5
-110.539347	8.980433E-6
-110.518723	5.722046E-6
-110.498099	4.053116E-6
-110.477476	1.907349E-6
-110.456852	-7.947286E-7
-110.436228	-2.940496E-6
-110.415605	-4.450480E-6
-110.394981	-6.198883E-6
-110.374357	-8.662542E-6
-110.353734	-1.009305E-5
-110.333110	-1.033147E-5
-110.312487	-9.695689E-6
-110.291863	-9.616216E-6
-110.271239	-8.821487E-6
-110.250616	-6.596247E-6
-110.229992	-4.768372E-6
-110.209368	-3.019969E-6
-110.188745	-8.742015E-7
-110.168121	1.351039E-6
-110.147497	2.384186E-6
-110.126874	3.735224E-6
-110.106250	5.086263E-6
-110.085626	5.563100E-6
-110.065003	4.688899E-6
-110.044379	4.450480E-6
-110.023756	4.053116E-6
-110.003132	3.576279E-6
-109.982508	1.986821E-6
-109.961885	1.589457E-7
-109.941261	-2.145767E-6
-109.920637	-4.212062E-6
-109.900014	-6.278356E-6
-109.879390	-7.867813E-6
-109.858766	-9.457270E-6
-109.838143	-1.072884E-5
-109.817519	-1.088778E-5
-109.796896	-1.144409E-5
-109.776272	-1.192093E-5
-109.755648	-1.184146E-5
-109.735025	-1.255671E-5
-109.714401	-1.231829E-5
-109.693777	-1.176198E-5
-109.673154	-1.215935E-5
-109.652530	-1.271566E-5
-109.631906	-1.215935E-5
-109.611283	-1.192093E-5
-109.590659	-1.207987E-5
-109.570036	-1.215935E-5
-109.549412	-1.120567E-5
-109.528788	-1.120567E-5
-109.508165	-1.184146E-5
-109.487541	-1.184146E-5
-109.466917	-1.239777E-5
-109.446294	-1.263618E-5
-109.425670	-1.398722E-5
-109.405046	-1.509984E-5
-109.384423	-1.621246E-5
-109.363799	-1.819928E-5
-109.343176	-1.923243E-5
-109.322552	-2.066294E-5
-109.301928	-2.185504E-5
-109.281305	-2.312660E-5
-109.260681	-2.455711E-5
-109.240057	-2.566973E-5
-109.219434	-2.662341E-5
-109.198810	-2.686183E-5
-109.178186	-2.694130E-5
-109.157563	-2.519290E-5
-109.136939	-2.328555E-5
-109.116315	-2.193451E-5
-109.095692	-2.074242E-5
-109.075068	-1.859665E-5
-109.054445	-1.621246E-5
-109.033821	-1.271566E-5
-109.013197	-8.742015E-6
-108.992574	-5.722046E-6
-108.971950	-3.814697E-6
-108.951326	-2.066294E-6
-108.930703	-3.973643E-7
-108.910079	7.947286E-7
-108.889455	6.357829E-7
-108.868832	-4.768372E-7
-108.848208	-1.351039E-6
-108.827585	-4.291534E-6
-108.806961	-8.026759E-6
-108.786337	-1.112620E-5
-108.765714	-1.295408E-5
-108.745090	-1.565615E-5
-108.724466	-1.835823E-5
-108.703843	-2.042452E-5
-108.683219	-2.225240E-5
-108.662595	-2.360344E-5
-108.641972	-2.352397E-5
-108.621348	-2.209345E-5
-108.600725	-2.058347E-5
-108.580101	-1.843770E-5
-108.559477	-1.414617E-5
-108.538854	-9.457270E-6
-108.518230	-5.086263E-6
-108.497606	1.271566E-6
-108.476983	6.675720E-6
-108.456359	1.223882E-5
-108.435735	1.811981E-5
-108.415112	2.455711E-5
-108.394488	3.012021E-5
-108.373864	3.385544E-5
-108.353241	3.751119E-5
-108.332617	4.037221E-5
-108.311994	4.347165E-5
-108.291370	4.386902E-5
-108.270746	4.490217E-5
-108.250123	4.553795E-5
-108.229499	4.434586E-5
-108.208875	4.299482E-5
-108.188252	4.013379E-5
-108.167628	3.703435E-5
-108.147004	3.401438E-5
-108.126381	3.012021E-5
-108.105757	2.582868E-5
-108.085134	2.185504E-5
-108.064510	1.883507E-5
-108.043886	1.541773E-5
-108.023263	1.271566E-5
-108.002639	1.072884E-5
-107.982015	9.218852E-6
-107.961392	7.232030E-6
-107.940768	5.880992E-6
-107.920144	5.801519E-6
-107.899521	6.596247E-6
-107.878897	8.900960E-6
-107.858274	1.168251E-5
-107.837650	1.494090E-5
-107.817026	1.780192E-5
-107.796403	2.209345E-5
-107.775779	2.535184E-5
-107.755155	2.829234E-5
-107.734532	3.139178E-5
-107.713908	3.417333E-5
-107.693284	3.767014E-5
-107.672661	3.981590E-5
-107.652037	4.204114E-5
-107.631413	4.259745E-5
-107.610790	4.227956E-5
-107.590166	4.220009E-5
-107.569543	4.307429E-5
-107.548919	4.227956E-5
-107.528295	4.124641E-5
-107.507672	4.116694E-5
-107.487048	3.965696E-5
-107.466424	3.918012E-5
-107.445801	3.910065E-5
-107.425177	3.886223E-5
-107.404553	3.822645E-5
-107.383930	3.703435E-5
-107.363306	3.735224E-5
-107.342683	3.735224E-5
-107.322059	3.822645E-5
-107.301435	3.918012E-5
-107.280812	4.005432E-5
-107.260188	4.267693E-5
-107.239564	4.506111E-5
-107.218941	4.641215E-5
-107.198317	4.800161E-5
-107.177693	5.046527E-5
-107.157070	5.332629E-5
-107.136446	5.523364E-5
-107.115823	5.666415E-5
-107.095199	5.737940E-5
-107.074575	5.753835E-5
-107.053952	5.825361E-5
-107.033328	5.769730E-5
-107.012704	5.706151E-5
-106.992081	5.658468E-5
-106.971457	5.563100E-5
-106.950833	5.364418E-5
-106.930210	5.118052E-5
-106.909586	4.855792E-5
-106.888962	4.736582E-5
-106.868339	4.545848E-5
-106.847715	4.331271E-5
-106.827092	4.100800E-5
-106.806468	4.029274E-5
-106.785844	4.100800E-5
-106.765221	4.069010E-5
-106.744597	4.045169E-5
-106.723973	4.053116E-5
-106.703350	4.164378E-5
-106.682726	4.378955E-5
-106.662102	4.688899E-5
-106.641479	4.959106E-5
-106.620855	5.205472E-5
-106.600232	5.261103E-5
-106.579608	5.205472E-5
-106.558984	4.982948E-5
-106.538361	4.680951E-5
-106.517737	4.331271E-5
-106.497113	3.782908E-5
-106.476490	3.123283E-5
-106.455866	2.352397E-5
-106.435242	1.613299E-5
-106.414619	8.265177E-6
-106.393995	-3.973643E-7
-106.373372	-9.695689E-6
-106.352748	-1.939138E-5
-106.332124	-2.813339E-5
-106.311501	-3.735224E-5
-106.290877	-4.696846E-5
-106.270253	-5.435944E-5
-106.249630	-6.095568E-5
-106.229006	-6.842613E-5
-106.208382	-7.565816E-5
-106.187759	-8.130074E-5
-106.167135	-8.670489E-5
-106.146511	-9.099642E-5
-106.125888	-9.632111E-5
-106.105264	-0.000101
-106.084641	-0.000107
-106.064017	-0.000112
-106.043393	-0.000115
-106.022770	-0.000119
-106.002146	-0.000124
-105.981522	-0.000128
-105.960899	-0.000132
-105.940275	-0.000136
-105.919651	-0.000140
-105.899028	-0.000142
-105.878404	-0.000145
-105.857781	-0.000147
-105.837157	-0.000147
-105.816533	-0.000146
-105.795910	-0.000145
-105.775286	-0.000143
-105.754662	-0.000143
-105.734039	-0.000142
-105.713415	-0.000141
-105.692791	-0.000139
-105.672168	-0.000137
-105.651544	-0.000136
-105.630921	-0.000135
-105.610297	-0.000135
-105.589673	-0.000134
-105.569050	-0.000136
-105.548426	-0.000138
-105.527802	-0.000141
-105.507179	-0.000143
-105.486555	-0.000149
-105.465931	-0.000156
-105.445308	-0.000164
-105.424684	-0.000175
-105.404060	-0.000186
-105.383437	-0.000197
-105.362813	-0.000207
-105.342190	-0.000215
-105.321566	-0.000221
-105.300942	-0.000224
-105.280319	-0.000222
-105.259695	-0.000214
-105.239071	-0.000202
-105.218448	-0.000187
-105.197824	-0.000169
-105.177200	-0.000153
-105.156577	-0.000139
-105.135953	-0.000135
-105.115330	-0.000140
-105.094706	-0.000158
-105.074082	-0.000199
-105.053459	-0.000260
-105.032835	-0.000344
-105.012211	-0.000451
-104.991588	-0.000578
-104.970964	-0.000736
-104.950340	-0.000900
-104.929717	-0.001065
-104.909093	-0.001245
-104.888470	-0.001430
-104.867846	-0.001607
-104.847222	-0.001762
-104.826599	-0.001880
-104.805975	-0.001949
-104.785351	-0.001974
-104.764728	-0.001955
-104.744104	-0.001870
-104.723480	-0.001737
-104.702857	-0.001546
-104.682233	-0.001301
-104.661609	-0.001013
-104.640986	-0.000679
-104.620362	-0.000314
-104.599739	8.591016E-5
-104.579115	0.000497
-104.558491	0.000902
-104.537868	0.001296
-104.517244	0.001650
-104.496620	0.001959
-104.475997	0.002222
-104.455373	0.002444
-104.434749	0.002626
-104.414126	0.002759
-104.393502	0.002825
-104.372879	0.002846
-104.352255	0.002827
-104.331631	0.002757
-104.311008	0.002648
-104.290384	0.002502
-104.269760	0.002327
-104.249137	0.002136
-104.228513	0.001923
-104.207889	0.001709
-104.187266	0.001500
-104.166642	0.001301
-104.146019	0.001106
-104.125395	0.000911
-104.104771	0.000727
-104.084148	0.000553
-104.063524	0.000393
-104.042900	0.000249
-104.022277	0.000119
-104.001653	1.589457E-6
-103.981029	-9.957949E-5
-103.960406	-0.000187
-103.939782	-0.000260
-103.919159	-0.000319
-103.898535	-0.000367
-103.877911	-0.000405
-103.857288	-0.000436
-103.836664	-0.000461
-103.816040	-0.000478
-103.795417	-0.000489
-103.774793	-0.000493
-103.754169	-0.000492
-103.733546	-0.000487
-103.712922	-0.000482
-103.692298	-0.000476
-103.671675	-0.000466
-103.651051	-0.000455
-103.630428	-0.000440
-103.609804	-0.000425
-103.589180	-0.000409
-103.568557	-0.000393
-103.547933	-0.000377
-103.527309	-0.000362
-103.506686	-0.000346
-103.486062	-0.000330
-103.465438	-0.000315
-103.444815	-0.000301
-103.424191	-0.000288
-103.403568	-0.000275
-103.382944	-0.000262
-103.362320	-0.000251
-103.341697	-0.000238
-103.321073	-0.000226
-103.300449	-0.000214
-103.279826	-0.000203
-103.259202	-0.000194
-103.238578	-0.000184
-103.217955	-0.000174
-103.197331	-0.000164
-103.176708	-0.000155
-103.156084	-0.000148
-103.135460	-0.000141
-103.114837	-0.000134
-103.094213	-0.000127
-103.073589	-0.000120
-103.052966	-0.000114
-103.032342	-0.000109
-103.011718	-0.000104
-102.991095	-9.934107E-5
-102.970471	-9.489059E-5
-102.949847	-9.051959E-5
-102.929224	-8.535385E-5
-102.908600	-8.074443E-5
-102.887977	-7.692973E-5
-102.867353	-7.359187E-5
-102.846729	-7.025401E-5
-102.826106	-6.667773E-5
-102.805482	-6.294250E-5
-102.784858	-6.000201E-5
-102.764235	-5.706151E-5
-102.743611	-5.491575E-5
-102.722987	-5.292892E-5
-102.702364	-5.014737E-5
-102.681740	-4.728635E-5
-102.661117	-4.490217E-5
-102.640493	-4.386902E-5
-102.619869	-4.180272E-5
-102.599246	-3.949801E-5
-102.578622	-3.822645E-5
-102.557998	-3.639857E-5
-102.537375	-3.512700E-5
-102.516751	-3.401438E-5
-102.496127	-3.306071E-5
-102.475504	-3.139178E-5
-102.454880	-2.908707E-5
-102.434257	-2.702077E-5
-102.413633	-2.606710E-5
-102.393009	-2.471606E-5
-102.372386	-2.463659E-5
-102.351762	-2.376239E-5
-102.331138	-2.328555E-5
-102.310515	-2.153714E-5
-102.289891	-2.098083E-5
-102.269267	-2.090136E-5
-102.248644	-1.931190E-5
-102.228020	-1.875559E-5
-102.207396	-1.788139E-5
-102.186773	-1.637141E-5
-102.166149	-1.478195E-5
-102.145526	-1.517932E-5
-102.124902	-1.502037E-5
-102.104278	-1.358986E-5
-102.083655	-1.279513E-5
-102.063031	-1.200040E-5
-102.042407	-1.144409E-5
-102.021784	-1.096725E-5
-102.001160	-1.017253E-5
-101.980536	-1.025200E-5
-101.959913	-1.009305E-5
-101.939289	-9.457270E-6
-101.918666	-9.059906E-6
-101.898042	-8.583069E-6
-101.877418	-7.629395E-6
-101.856795	-6.993612E-6
-101.836171	-6.834666E-6
-101.815547	-6.119410E-6
-101.794924	-6.039937E-6
-101.774300	-5.165736E-6
-101.753676	-5.086263E-6
-101.733053	-4.371007E-6
-101.712429	-4.688899E-6
-101.691806	-4.688899E-6
-101.671182	-3.814697E-6
-101.650558	-2.940496E-6
-101.629935	-3.337860E-6
-101.609311	-3.337860E-6
-101.588687	-3.417333E-6
-101.568064	-2.702077E-6
-101.547440	-2.145767E-6
-101.526816	-2.463659E-6
-101.506193	-2.702077E-6
-101.485569	-2.145767E-6
-101.464945	-1.827876E-6
-101.444322	-1.351039E-6
-101.423698	-1.430511E-6
-101.403075	-1.748403E-6
-101.382451	-1.668930E-6
-101.361827	-6.357829E-7
-101.341204	-6.357829E-7
-101.320580	-5.563100E-7
-101.299956	-5.563100E-7
-101.279333	-7.947286E-8
-101.258709	-4.768372E-7
-101.238085	-3.178914E-7
-101.217462	-1.589457E-7
-101.196838	2.384186E-7
-101.176215	5.563100E-7
-101.155591	3.973643E-7
-101.134967	3.973643E-7
-101.114344	-1.589457E-7
-101.093720	5.563100E-7
-101.073096	-7.947286E-8
-101.052473	4.768372E-7
-101.031849	1.271566E-6
-101.011225	9.536743E-7
-100.990602	5.563100E-7
-100.969978	7.947286E-8
-100.949355	1.271566E-6
-100.928731	1.351039E-6
-100.908107	1.907349E-6
-100.887484	1.430511E-6
-100.866860	1.112620E-6
-100.846236	1.907349E-6
-100.825613	2.145767E-6
-100.804989	2.225240E-6
-100.784365	2.225240E-6
-100.763742	1.430511E-6
-100.743118	1.827876E-6
-100.722494	1.589457E-6
-100.701871	2.543132E-6
-100.681247	2.622604E-6
-100.660624	2.225240E-6
-100.640000	2.304713E-6
-100.619376	2.225240E-6
-100.598753	1.986821E-6
-100.578129	2.066294E-6
-100.557505	1.668930E-6
-100.536882	1.748403E-6
-100.516258	1.192093E-6
-100.495634	1.033147E-6
-100.475011	1.827876E-6
-100.454387	2.304713E-6
-100.433764	1.589457E-6
-100.413140	2.066294E-6
-100.392516	2.622604E-6
-100.371893	1.827876E-6
-100.351269	1.509984E-6
-100.330645	1.907349E-6
-100.310022	2.384186E-6
-100.289398	1.589457E-6
-100.268774	7.152557E-7
-100.248151	1.509984E-6
-100.227527	1.986821E-6
-100.206904	1.748403E-6
-100.186280	1.589457E-6
-100.165656	1.033147E-6
-100.145033	5.563100E-7
-100.124409	6.357829E-7
-100.103785	1.351039E-6
-100.083162	1.827876E-6
-100.062538	1.509984E-6
-100.041914	1.509984E-6
-100.021291	1.271566E-6
