-143.000954	3.258387E-6
-142.980330	3.178914E-6
-142.959707	2.145767E-6
-142.939083	1.430511E-6
-142.918459	1.192093E-6
-142.897836	2.145767E-6
-142.877212	1.509984E-6
-142.856589	9.536743E-7
-142.835965	1.192093E-6
-142.815341	1.509984E-6
-142.794718	2.066294E-6
-142.774094	2.384186E-6
-142.753470	2.622604E-6
-142.732847	3.337860E-6
-142.712223	2.622604E-6
-142.691599	2.225240E-6
-142.670976	2.861023E-6
-142.650352	2.940496E-6
-142.629729	1.907349E-6
-142.609105	2.066294E-6
-142.588481	1.748403E-6
-142.567858	1.112620E-6
-142.547234	3.973643E-7
-142.526610	7.947286E-8
-142.505987	1.192093E-6
-142.485363	1.192093E-6
-142.464739	8.742015E-7
-142.444116	3.973643E-7
-142.423492	3.178914E-7
-142.402868	1.192093E-6
-142.382245	1.589457E-6
-142.361621	2.940496E-6
-142.340998	3.019969E-6
-142.320374	2.702077E-6
-142.299750	3.258387E-6
-142.279127	3.814697E-6
-142.258503	4.768372E-6
-142.237879	4.927317E-6
-142.217256	5.086263E-6
-142.196632	5.006790E-6
-142.176008	3.496806E-6
-142.155385	2.940496E-6
-142.134761	3.178914E-6
-142.114138	2.861023E-6
-142.093514	2.384186E-6
-142.072890	1.748403E-6
-142.052267	7.152557E-7
-142.031643	3.973643E-7
-142.011019	6.357829E-7
-141.990396	2.384186E-7
-141.969772	7.947286E-8
-141.949148	2.384186E-7
-141.928525	7.152557E-7
-141.907901	1.271566E-6
-141.887278	1.351039E-6
-141.866654	1.509984E-6
-141.846030	2.543132E-6
-141.825407	1.986821E-6
-141.804783	1.986821E-6
-141.784159	2.781550E-6
-141.763536	1.986821E-6
-141.742912	2.702077E-6
-141.722288	1.509984E-6
-141.701665	9.536743E-7
-141.681041	-4.768372E-7
-141.660417	-9.536743E-7
-141.639794	-1.827876E-6
-141.619170	-3.258387E-6
-141.598547	-4.688899E-6
-141.577923	-5.165736E-6
-141.557299	-5.880992E-6
-141.536676	-5.880992E-6
-141.516052	-6.119410E-6
-141.495428	-5.722046E-6
-141.474805	-5.642573E-6
-141.454181	-5.722046E-6
-141.433557	-5.483627E-6
-141.412934	-4.927317E-6
-141.392310	-4.291534E-6
-141.371687	-2.940496E-6
-141.351063	-2.543132E-6
-141.330439	-1.907349E-6
-141.309816	-1.033147E-6
-141.289192	-1.192093E-6
-141.268568	-2.384186E-7
-141.247945	7.152557E-7
-141.227321	7.152557E-7
-141.206697	7.947286E-7
-141.186074	6.357829E-7
-141.165450	-1.589457E-7
-141.144827	-1.271566E-6
-141.124203	-1.986821E-6
-141.103579	-2.940496E-6
-141.082956	-4.212062E-6
-141.062332	-4.291534E-6
-141.041708	-4.688899E-6
-141.021085	-5.960464E-6
-141.000461	-7.470449E-6
-140.979837	-8.424123E-6
-140.959214	-7.549922E-6
-140.938590	-6.596247E-6
-140.917966	-7.152557E-6
-140.897343	-7.152557E-6
-140.876719	-6.914139E-6
-140.856096	-6.198883E-6
-140.835472	-6.119410E-6
-140.814848	-6.039937E-6
-140.794225	-6.357829E-6
-140.773601	-6.437302E-6
-140.752977	-6.914139E-6
-140.732354	-8.742015E-6
-140.711730	-1.009305E-5
-140.691106	-1.200040E-5
-140.670483	-1.470248E-5
-140.649859	-1.724561E-5
-140.629236	-1.947085E-5
-140.608612	-2.233187E-5
-140.587988	-2.447764E-5
-140.567365	-2.749761E-5
-140.546741	-3.067652E-5
-140.526117	-3.218651E-5
-140.505494	-3.417333E-5
-140.484870	-3.472964E-5
-140.464246	-3.425280E-5
-140.443623	-3.385544E-5
-140.422999	-3.194809E-5
-140.402376	-2.892812E-5
-140.381752	-2.503395E-5
-140.361128	-2.137820E-5
-140.340505	-1.581510E-5
-140.319881	-1.049042E-5
-140.299257	-5.483627E-6
-140.278634	7.947286E-8
-140.258010	6.198883E-6
-140.237386	1.192093E-5
-140.216763	1.653035E-5
-140.196139	2.209345E-5
-140.175515	2.654394E-5
-140.154892	3.035863E-5
-140.134268	3.377597E-5
-140.113645	3.719330E-5
-140.093021	3.941854E-5
-140.072397	4.045169E-5
-140.051774	4.267693E-5
-140.031150	4.347165E-5
-140.010526	4.196167E-5
-139.989903	4.140536E-5
-139.969279	4.005432E-5
-139.948655	3.878276E-5
-139.928032	3.576279E-5
-139.907408	3.321966E-5
-139.886785	2.964338E-5
-139.866161	2.702077E-5
-139.845537	2.360344E-5
-139.824914	2.090136E-5
-139.804290	1.788139E-5
-139.783666	1.517932E-5
-139.763043	1.295408E-5
-139.742419	1.056989E-5
-139.721795	7.947286E-6
-139.701172	5.642573E-6
-139.680548	3.814697E-6
-139.659925	2.463659E-6
-139.639301	1.509984E-6
-139.618677	1.589457E-7
-139.598054	-7.152557E-7
-139.577430	-1.827876E-6
-139.556806	-2.622604E-6
-139.536183	-3.417333E-6
-139.515559	-3.576279E-6
-139.494935	-4.053116E-6
-139.474312	-4.688899E-6
-139.453688	-6.039937E-6
-139.433064	-7.232030E-6
-139.412441	-7.708867E-6
-139.391817	-8.662542E-6
-139.371194	-8.821487E-6
-139.350570	-9.457270E-6
-139.329946	-9.934107E-6
-139.309323	-1.080831E-5
-139.288699	-1.112620E-5
-139.268075	-1.176198E-5
-139.247452	-1.271566E-5
-139.226828	-1.271566E-5
-139.206204	-1.295408E-5
-139.185581	-1.398722E-5
-139.164957	-1.382828E-5
-139.144334	-1.430511E-5
-139.123710	-1.462301E-5
-139.103086	-1.533826E-5
-139.082463	-1.557668E-5
-139.061839	-1.597404E-5
-139.041215	-1.581510E-5
-139.020592	-1.629194E-5
-138.999968	-1.724561E-5
-138.979344	-1.716614E-5
-138.958721	-1.621246E-5
-138.938097	-1.637141E-5
-138.917474	-1.732508E-5
-138.896850	-1.629194E-5
-138.876226	-1.517932E-5
-138.855603	-1.446406E-5
-138.834979	-1.231829E-5
-138.814355	-9.854635E-6
-138.793732	-7.390976E-6
-138.773108	-4.609426E-6
-138.752484	-1.430511E-6
-138.731861	3.973643E-7
-138.711237	2.702077E-6
-138.690613	5.165736E-6
-138.669990	7.549922E-6
-138.649366	9.934107E-6
-138.628743	1.255671E-5
-138.608119	1.486142E-5
-138.587495	1.732508E-5
-138.566872	1.867612E-5
-138.546248	1.931190E-5
-138.525624	1.986821E-5
-138.505001	1.962980E-5
-138.484377	1.875559E-5
-138.463753	1.788139E-5
-138.443130	1.629194E-5
-138.422506	1.422564E-5
-138.401883	1.215935E-5
-138.381259	9.854635E-6
-138.360635	7.073085E-6
-138.340012	5.404154E-6
-138.319388	3.973643E-6
-138.298764	2.066294E-6
-138.278141	1.589457E-7
-138.257517	-1.351039E-6
-138.236893	-2.384186E-6
-138.216270	-4.371007E-6
-138.195646	-5.880992E-6
-138.175023	-6.119410E-6
-138.154399	-5.880992E-6
-138.133775	-6.437302E-6
-138.113152	-7.629395E-6
-138.092528	-7.867813E-6
-138.071904	-7.867813E-6
-138.051281	-8.424123E-6
-138.030657	-8.344650E-6
-138.010033	-8.821487E-6
-137.989410	-8.980433E-6
-137.968786	-8.503596E-6
-137.948162	-7.549922E-6
-137.927539	-6.516774E-6
-137.906915	-6.278356E-6
-137.886292	-5.404154E-6
-137.865668	-4.212062E-6
-137.845044	-2.622604E-6
-137.824421	-1.430511E-6
-137.803797	3.178914E-7
-137.783173	1.271566E-6
-137.762550	2.702077E-6
-137.741926	3.814697E-6
-137.721302	4.847844E-6
-137.700679	5.563100E-6
-137.680055	4.371007E-6
-137.659432	3.655752E-6
-137.638808	3.178914E-6
-137.618184	2.145767E-6
-137.597561	1.668930E-6
-137.576937	-4.768372E-7
-137.556313	-1.668930E-6
-137.535690	-3.496806E-6
-137.515066	-4.609426E-6
-137.494442	-5.563100E-6
-137.473819	-6.675720E-6
-137.453195	-6.834666E-6
-137.432572	-6.914139E-6
-137.411948	-6.675720E-6
-137.391324	-7.311503E-6
-137.370701	-6.993612E-6
-137.350077	-6.596247E-6
-137.329453	-5.324682E-6
-137.308830	-4.609426E-6
-137.288206	-5.245209E-6
-137.267582	-4.371007E-6
-137.246959	-3.735224E-6
-137.226335	-2.622604E-6
-137.205712	-1.509984E-6
-137.185088	-2.861023E-6
-137.164464	-1.748403E-6
-137.143841	-6.357829E-7
-137.123217	-5.563100E-7
-137.102593	-4.768372E-7
-137.081970	-2.384186E-7
-137.061346	2.384186E-7
-137.040722	7.152557E-7
-137.020099	-7.947286E-8
-136.999475	-7.947286E-8
-136.978851	0.000000
-136.958228	3.178914E-7
-136.937604	1.589457E-6
-136.916981	1.351039E-6
-136.896357	8.742015E-7
-136.875733	1.748403E-6
-136.855110	2.702077E-6
-136.834486	2.543132E-6
-136.813862	2.145767E-6
-136.793239	1.589457E-6
-136.772615	2.225240E-6
-136.751991	1.748403E-6
-136.731368	2.066294E-6
-136.710744	2.463659E-6
-136.690121	1.907349E-6
-136.669497	1.509984E-6
-136.648873	4.768372E-7
-136.628250	7.947286E-8
-136.607626	6.357829E-7
-136.587002	3.178914E-7
-136.566379	-7.152557E-7
-136.545755	-1.271566E-6
-136.525131	-1.748403E-6
-136.504508	-2.622604E-6
-136.483884	-3.019969E-6
-136.463261	-3.576279E-6
-136.442637	-3.655752E-6
-136.422013	-4.450480E-6
-136.401390	-4.291534E-6
-136.380766	-4.212062E-6
-136.360142	-3.099442E-6
-136.339519	-2.861023E-6
-136.318895	-2.145767E-6
-136.298271	-1.509984E-6
-136.277648	-1.509984E-6
-136.257024	-1.033147E-6
-136.236400	-6.357829E-7
-136.215777	7.947286E-8
-136.195153	1.430511E-6
-136.174530	2.384186E-6
-136.153906	3.099442E-6
-136.133282	3.894170E-6
-136.112659	4.132589E-6
-136.092035	3.973643E-6
-136.071411	4.450480E-6
-136.050788	5.960464E-6
-136.030164	6.039937E-6
-136.009540	6.198883E-6
-135.988917	6.914139E-6
-135.968293	6.039937E-6
-135.947670	5.801519E-6
-135.927046	5.880992E-6
-135.906422	6.039937E-6
-135.885799	5.722046E-6
-135.865175	4.927317E-6
-135.844551	3.814697E-6
-135.823928	2.145767E-6
-135.803304	1.033147E-6
-135.782680	-3.973643E-7
-135.762057	-1.509984E-6
-135.741433	-3.576279E-6
-135.720810	-4.132589E-6
-135.700186	-6.198883E-6
-135.679562	-6.755193E-6
-135.658939	-6.834666E-6
-135.638315	-6.834666E-6
-135.617691	-6.039937E-6
-135.597068	-4.450480E-6
-135.576444	-3.894170E-6
-135.555820	-2.861023E-6
-135.535197	-3.099442E-6
-135.514573	-1.271566E-6
-135.493949	1.907349E-6
-135.473326	5.086263E-6
-135.452702	6.914139E-6
-135.432079	7.629395E-6
-135.411455	7.549922E-6
-135.390831	8.026759E-6
-135.370208	8.662542E-6
-135.349584	8.503596E-6
-135.328960	8.265177E-6
-135.308337	8.265177E-6
-135.287713	6.834666E-6
-135.267089	5.086263E-6
-135.246466	3.178914E-6
-135.225842	3.973643E-7
-135.205219	-1.430511E-6
-135.184595	-3.258387E-6
-135.163971	-5.563100E-6
-135.143348	-6.993612E-6
-135.122724	-8.662542E-6
-135.102100	-8.662542E-6
-135.081477	-8.503596E-6
-135.060853	-9.457270E-6
-135.040229	-1.009305E-5
-135.019606	-1.009305E-5
-134.998982	-9.457270E-6
-134.978359	-7.867813E-6
-134.957735	-6.198883E-6
-134.937111	-5.801519E-6
-134.916488	-4.529953E-6
-134.895864	-3.019969E-6
-134.875240	-1.033147E-6
-134.854617	1.589457E-6
-134.833993	2.304713E-6
-134.813369	3.019969E-6
-134.792746	3.655752E-6
-134.772122	3.973643E-6
-134.751498	5.086263E-6
-134.730875	5.404154E-6
-134.710251	4.847844E-6
-134.689628	3.417333E-6
-134.669004	2.543132E-6
-134.648380	1.271566E-6
-134.627757	2.384186E-7
-134.607133	-1.907349E-6
-134.586509	-3.973643E-6
-134.565886	-5.960464E-6
-134.545262	-8.503596E-6
-134.524638	-9.377797E-6
-134.504015	-1.112620E-5
-134.483391	-1.351039E-5
-134.462768	-1.382828E-5
-134.442144	-1.438459E-5
-134.421520	-1.470248E-5
-134.400897	-1.549721E-5
-134.380273	-1.494090E-5
-134.359649	-1.478195E-5
-134.339026	-1.311302E-5
-134.318402	-1.080831E-5
-134.297778	-8.821487E-6
-134.277155	-6.119410E-6
-134.256531	-3.417333E-6
-134.235908	-1.192093E-6
-134.215284	9.536743E-7
-134.194660	2.543132E-6
-134.174037	3.496806E-6
-134.153413	4.450480E-6
-134.132789	4.927317E-6
-134.112166	6.437302E-6
-134.091542	6.993612E-6
-134.070918	6.675720E-6
-134.050295	5.801519E-6
-134.029671	4.688899E-6
-134.009047	2.781550E-6
-133.988424	7.152557E-7
-133.967800	-1.033147E-6
-133.947177	-1.907349E-6
-133.926553	-3.178914E-6
-133.905929	-5.006790E-6
-133.885306	-5.245209E-6
-133.864682	-5.324682E-6
-133.844058	-5.642573E-6
-133.823435	-6.914139E-6
-133.802811	-6.834666E-6
-133.782187	-5.006790E-6
-133.761564	-3.973643E-6
-133.740940	-2.940496E-6
-133.720317	-1.271566E-6
-133.699693	-1.589457E-7
-133.679069	1.271566E-6
-133.658446	3.655752E-6
-133.637822	5.324682E-6
-133.617198	6.675720E-6
-133.596575	7.708867E-6
-133.575951	8.026759E-6
-133.555327	7.629395E-6
-133.534704	7.470449E-6
-133.514080	6.357829E-6
-133.493457	4.450480E-6
-133.472833	1.827876E-6
-133.452209	-5.563100E-7
-133.431586	-1.986821E-6
-133.410962	-3.735224E-6
-133.390338	-6.278356E-6
-133.369715	-8.106232E-6
-133.349091	-9.457270E-6
-133.328467	-1.033147E-5
-133.307844	-1.049042E-5
-133.287220	-1.025200E-5
-133.266596	-1.025200E-5
-133.245973	-9.377797E-6
-133.225349	-7.947286E-6
-133.204726	-6.834666E-6
-133.184102	-5.483627E-6
-133.163478	-3.019969E-6
-133.142855	-1.351039E-6
-133.122231	-4.768372E-7
-133.101607	4.768372E-7
-133.080984	1.748403E-6
-133.060360	3.258387E-6
-133.039736	3.417333E-6
-133.019113	3.337860E-6
-132.998489	3.655752E-6
-132.977866	4.291534E-6
-132.957242	3.337860E-6
-132.936618	2.543132E-6
-132.915995	1.827876E-6
-132.895371	4.768372E-7
-132.874747	-1.192093E-6
-132.854124	-1.907349E-6
-132.833500	-2.781550E-6
-132.812876	-3.576279E-6
-132.792253	-4.291534E-6
-132.771629	-5.165736E-6
-132.751006	-5.563100E-6
-132.730382	-5.245209E-6
-132.709758	-4.768372E-6
-132.689135	-3.576279E-6
-132.668511	-3.099442E-6
-132.647887	-2.702077E-6
-132.627264	-1.271566E-6
-132.606640	1.271566E-6
-132.586016	2.940496E-6
-132.565393	5.165736E-6
-132.544769	7.470449E-6
-132.524145	9.218852E-6
-132.503522	1.080831E-5
-132.482898	1.152356E-5
-132.462275	1.112620E-5
-132.441651	1.033147E-5
-132.421027	9.775162E-6
-132.400404	8.980433E-6
-132.379780	7.629395E-6
-132.359156	5.880992E-6
-132.338533	3.973643E-6
-132.317909	2.225240E-6
-132.297285	1.271566E-6
-132.276662	-1.033147E-6
-132.256038	-2.940496E-6
-132.235415	-4.450480E-6
-132.214791	-6.198883E-6
-132.194167	-7.788340E-6
-132.173544	-5.960464E-6
-132.152920	-5.404154E-6
-132.132296	-4.927317E-6
-132.111673	-3.735224E-6
-132.091049	-1.907349E-6
-132.070425	-3.178914E-7
-132.049802	1.748403E-6
-132.029178	4.053116E-6
-132.008555	6.596247E-6
-131.987931	9.536743E-6
-131.967307	1.184146E-5
-131.946684	1.271566E-5
-131.926060	1.311302E-5
-131.905436	1.414617E-5
-131.884813	1.454353E-5
-131.864189	1.438459E-5
-131.843565	1.343091E-5
-131.822942	1.374880E-5
-131.802318	1.192093E-5
-131.781695	9.536743E-6
-131.761071	7.629395E-6
-131.740447	6.119410E-6
-131.719824	4.212062E-6
-131.699200	2.145767E-6
-131.678576	-3.973643E-7
-131.657953	-2.225240E-6
-131.637329	-4.291534E-6
-131.616705	-6.675720E-6
-131.596082	-8.980433E-6
-131.575458	-9.854635E-6
-131.554834	-1.041094E-5
-131.534211	-1.088778E-5
-131.513587	-1.152356E-5
-131.492964	-1.128515E-5
-131.472340	-1.096725E-5
-131.451716	-1.049042E-5
-131.431093	-8.344650E-6
-131.410469	-6.914139E-6
-131.389845	-5.324682E-6
-131.369222	-4.688899E-6
-131.348598	-2.066294E-6
-131.327974	5.563100E-7
-131.307351	2.463659E-6
-131.286727	3.258387E-6
-131.266104	3.496806E-6
-131.245480	4.688899E-6
-131.224856	4.927317E-6
-131.204233	5.006790E-6
-131.183609	4.212062E-6
-131.162985	3.337860E-6
-131.142362	2.463659E-6
-131.121738	1.112620E-6
-131.101114	-1.112620E-6
-131.080491	-3.496806E-6
-131.059867	-5.801519E-6
-131.039244	-9.059906E-6
-131.018620	-1.017253E-5
-130.997996	-1.144409E-5
-130.977373	-1.287460E-5
-130.956749	-1.398722E-5
-130.936125	-1.525879E-5
-130.915502	-1.684825E-5
-130.894878	-1.708666E-5
-130.874254	-1.804034E-5
-130.853631	-1.796087E-5
-130.833007	-1.653035E-5
-130.812383	-1.446406E-5
-130.791760	-1.398722E-5
-130.771136	-1.366933E-5
-130.750513	-1.184146E-5
-130.729889	-1.064936E-5
-130.709265	-9.298325E-6
-130.688642	-7.947286E-6
-130.668018	-6.675720E-6
-130.647394	-5.642573E-6
-130.626771	-5.165736E-6
-130.606147	-5.722046E-6
-130.585523	-5.165736E-6
-130.564900	-5.006790E-6
-130.544276	-5.642573E-6
-130.523653	-7.708867E-6
-130.503029	-8.503596E-6
-130.482405	-1.009305E-5
-130.461782	-1.168251E-5
-130.441158	-1.335144E-5
-130.420534	-1.565615E-5
-130.399911	-1.796087E-5
-130.379287	-1.875559E-5
-130.358663	-1.907349E-5
-130.338040	-1.907349E-5
-130.317416	-1.851718E-5
-130.296793	-1.708666E-5
-130.276169	-1.502037E-5
-130.255545	-1.247724E-5
-130.234922	-1.001358E-5
-130.214298	-7.232030E-6
-130.193674	-5.006790E-6
-130.173051	-3.576279E-6
-130.152427	-3.019969E-6
-130.131803	-3.735224E-6
-130.111180	-5.880992E-6
-130.090556	-9.457270E-6
-130.069932	-1.509984E-5
-130.049309	-2.272924E-5
-130.028685	-3.258387E-5
-130.008062	-4.386902E-5
-129.987438	-5.563100E-5
-129.966814	-6.953875E-5
-129.946191	-8.241336E-5
-129.925567	-9.457270E-5
-129.904943	-0.000107
-129.884320	-0.000116
-129.863696	-0.000123
-129.843072	-0.000127
-129.822449	-0.000130
-129.801825	-0.000128
-129.781202	-0.000121
-129.760578	-0.000112
-129.739954	-0.000100
-129.719331	-8.447965E-5
-129.698707	-6.588300E-5
-129.678083	-4.458427E-5
-129.657460	-2.018611E-5
-129.636836	3.735224E-6
-129.616212	2.797445E-5
-129.595589	5.332629E-5
-129.574965	7.645289E-5
-129.554342	9.846687E-5
-129.533718	0.000121
-129.513094	0.000139
-129.492471	0.000154
-129.471847	0.000167
-129.451223	0.000175
-129.430600	0.000179
-129.409976	0.000182
-129.389352	0.000180
-129.368729	0.000175
-129.348105	0.000167
-129.327481	0.000157
-129.306858	0.000147
-129.286234	0.000135
-129.265611	0.000121
-129.244987	0.000107
-129.224363	9.250641E-5
-129.203740	7.700920E-5
-129.183116	6.357829E-5
-129.162492	5.094210E-5
-129.141869	3.878276E-5
-129.121245	2.853076E-5
-129.100621	1.986821E-5
-129.079998	1.128515E-5
-129.059374	3.417333E-6
-129.038751	-4.450480E-6
-129.018127	-1.080831E-5
-128.997503	-1.541773E-5
-128.976880	-1.955032E-5
-128.956256	-2.312660E-5
-128.935632	-2.614657E-5
-128.915009	-2.765656E-5
-128.894385	-2.980232E-5
-128.873761	-3.226598E-5
-128.853138	-3.314018E-5
-128.832514	-3.377597E-5
-128.811891	-3.457069E-5
-128.791267	-3.457069E-5
-128.770643	-3.417333E-5
-128.750020	-3.337860E-5
-128.729396	-3.306071E-5
-128.708772	-3.170967E-5
-128.688149	-3.139178E-5
-128.667525	-3.163020E-5
-128.646901	-3.218651E-5
-128.626278	-3.194809E-5
-128.605654	-3.290176E-5
-128.585030	-3.457069E-5
-128.564407	-3.719330E-5
-128.543783	-3.878276E-5
-128.523160	-4.116694E-5
-128.502536	-4.522006E-5
-128.481912	-4.855792E-5
-128.461289	-5.261103E-5
-128.440665	-5.642573E-5
-128.420041	-5.841255E-5
-128.399418	-6.024043E-5
-128.378794	-6.286303E-5
-128.358170	-6.405512E-5
-128.337547	-6.357829E-5
-128.316923	-6.246567E-5
-128.296300	-5.968412E-5
-128.275676	-5.563100E-5
-128.255052	-5.046527E-5
-128.234429	-4.498164E-5
-128.213805	-3.790855E-5
-128.193181	-3.027916E-5
-128.172558	-2.145767E-5
-128.151934	-1.247724E-5
-128.131310	-2.781550E-6
-128.110687	5.563100E-6
-128.090063	1.351039E-5
-128.069440	2.106031E-5
-128.048816	2.884865E-5
-128.028192	3.600121E-5
-128.007569	4.275640E-5
-127.986945	4.903475E-5
-127.966321	5.292892E-5
-127.945698	5.547206E-5
-127.925074	5.722046E-5
-127.904450	5.833308E-5
-127.883827	5.785624E-5
-127.863203	5.714099E-5
-127.842579	5.658468E-5
-127.821956	5.451838E-5
-127.801332	5.189578E-5
-127.780709	4.919370E-5
-127.760085	4.537900E-5
-127.739461	4.132589E-5
-127.718838	3.774961E-5
-127.698214	3.345807E-5
-127.677590	2.940496E-5
-127.656967	2.574921E-5
-127.636343	2.145767E-5
-127.615719	1.653035E-5
-127.595096	1.295408E-5
-127.574472	8.026759E-6
-127.553849	3.099442E-6
-127.533225	-5.563100E-7
-127.512601	-3.973643E-6
-127.491978	-7.073085E-6
-127.471354	-1.056989E-5
-127.450730	-1.263618E-5
-127.430107	-1.541773E-5
-127.409483	-1.724561E-5
-127.388859	-1.819928E-5
-127.368236	-1.859665E-5
-127.347612	-1.955032E-5
-127.326989	-1.994769E-5
-127.306365	-2.002716E-5
-127.285741	-1.915296E-5
-127.265118	-1.827876E-5
-127.244494	-1.676877E-5
-127.223870	-1.517932E-5
-127.203247	-1.406670E-5
-127.182623	-1.351039E-5
-127.161999	-1.144409E-5
-127.141376	-1.049042E-5
-127.120752	-9.218852E-6
-127.100128	-8.185705E-6
-127.079505	-7.470449E-6
-127.058881	-7.073085E-6
-127.038258	-7.708867E-6
-127.017634	-7.708867E-6
-126.997010	-8.344650E-6
-126.976387	-8.503596E-6
-126.955763	-9.377797E-6
-126.935139	-1.072884E-5
-126.914516	-1.041094E-5
-126.893892	-1.088778E-5
-126.873268	-1.088778E-5
-126.852645	-9.775162E-6
-126.832021	-8.821487E-6
-126.811398	-8.026759E-6
-126.790774	-6.596247E-6
-126.770150	-5.245209E-6
-126.749527	-4.371007E-6
-126.728903	-2.940496E-6
-126.708279	-1.589457E-6
-126.687656	-2.384186E-7
-126.667032	1.986821E-6
-126.646408	3.258387E-6
-126.625785	4.291534E-6
-126.605161	5.880992E-6
-126.584538	6.675720E-6
-126.563914	5.801519E-6
-126.543290	6.198883E-6
-126.522667	5.563100E-6
-126.502043	4.371007E-6
-126.481419	3.655752E-6
-126.460796	1.748403E-6
-126.440172	7.947286E-8
-126.419548	-9.536743E-7
-126.398925	-2.543132E-6
-126.378301	-3.417333E-6
-126.357678	-4.450480E-6
-126.337054	-6.914139E-6
-126.316430	-8.424123E-6
-126.295807	-9.695689E-6
-126.275183	-1.056989E-5
-126.254559	-1.128515E-5
-126.233936	-1.120567E-5
-126.213312	-1.072884E-5
-126.192688	-1.033147E-5
-126.172065	-9.298325E-6
-126.151441	-8.503596E-6
-126.130817	-7.788340E-6
-126.110194	-5.960464E-6
-126.089570	-3.814697E-6
-126.068947	-1.907349E-6
-126.048323	-3.178914E-7
-126.027699	1.033147E-6
-126.007076	1.748403E-6
-125.986452	4.053116E-6
-125.965828	6.039937E-6
-125.945205	6.198883E-6
-125.924581	8.106232E-6
-125.903957	8.344650E-6
-125.883334	8.185705E-6
-125.862710	8.900960E-6
-125.842087	9.457270E-6
-125.821463	8.821487E-6
-125.800839	8.106232E-6
-125.780216	7.708867E-6
-125.759592	6.516774E-6
-125.738968	5.960464E-6
-125.718345	6.278356E-6
-125.697721	5.642573E-6
-125.677097	3.894170E-6
-125.656474	2.463659E-6
-125.635850	2.066294E-6
-125.615227	1.112620E-6
-125.594603	1.033147E-6
-125.573979	7.947286E-7
-125.553356	-5.563100E-7
-125.532732	-1.509984E-6
-125.512108	-1.827876E-6
-125.491485	-2.861023E-6
-125.470861	-3.814697E-6
-125.450237	-4.847844E-6
-125.429614	-4.688899E-6
-125.408990	-4.688899E-6
-125.388366	-4.450480E-6
-125.367743	-3.576279E-6
-125.347119	-2.304713E-6
-125.326496	-1.986821E-6
-125.305872	-3.178914E-7
-125.285248	5.563100E-7
-125.264625	1.192093E-6
-125.244001	1.271566E-6
-125.223377	2.145767E-6
-125.202754	2.622604E-6
-125.182130	2.066294E-6
-125.161506	1.589457E-6
-125.140883	1.271566E-6
-125.120259	7.947286E-7
-125.099636	1.192093E-6
-125.079012	8.742015E-7
-125.058388	4.768372E-7
-125.037765	1.192093E-6
-125.017141	1.986821E-6
-124.996517	2.622604E-6
-124.975894	3.099442E-6
-124.955270	4.768372E-6
-124.934646	6.039937E-6
-124.914023	8.106232E-6
-124.893399	1.025200E-5
-124.872776	1.192093E-5
-124.852152	1.343091E-5
-124.831528	1.430511E-5
-124.810905	1.438459E-5
-124.790281	1.517932E-5
-124.769657	1.581510E-5
-124.749034	1.462301E-5
-124.728410	1.303355E-5
-124.707786	1.096725E-5
-124.687163	9.616216E-6
-124.666539	7.390976E-6
-124.645915	4.847844E-6
-124.625292	2.066294E-6
-124.604668	-7.947286E-7
-124.584045	-3.496806E-6
-124.563421	-7.232030E-6
-124.542797	-1.072884E-5
-124.522174	-1.406670E-5
-124.501550	-1.676877E-5
-124.480926	-1.891454E-5
-124.460303	-2.034505E-5
-124.439679	-2.121925E-5
-124.419055	-2.185504E-5
-124.398432	-2.161662E-5
-124.377808	-2.098083E-5
-124.357185	-1.970927E-5
-124.336561	-1.827876E-5
-124.315937	-1.549721E-5
-124.295314	-1.311302E-5
-124.274690	-1.009305E-5
-124.254066	-5.960464E-6
-124.233443	-2.066294E-6
-124.212819	2.066294E-6
-124.192195	5.245209E-6
-124.171572	8.583069E-6
-124.150948	1.168251E-5
-124.130325	1.502037E-5
-124.109701	1.684825E-5
-124.089077	1.756350E-5
-124.068454	1.764297E-5
-124.047830	1.700719E-5
-124.027206	1.462301E-5
-124.006583	1.136462E-5
-123.985959	8.980433E-6
-123.965335	4.291534E-6
-123.944712	-8.742015E-7
-123.924088	-4.688899E-6
-123.903464	-8.821487E-6
-123.882841	-1.390775E-5
-123.862217	-1.843770E-5
-123.841594	-2.177556E-5
-123.820970	-2.487501E-5
-123.800346	-2.606710E-5
-123.779723	-2.789497E-5
-123.759099	-2.876918E-5
-123.738475	-2.988180E-5
-123.717852	-2.916654E-5
-123.697228	-2.781550E-5
-123.676604	-2.606710E-5
-123.655981	-2.328555E-5
-123.635357	-2.137820E-5
-123.614734	-1.970927E-5
-123.594110	-1.764297E-5
-123.573486	-1.430511E-5
-123.552863	-1.168251E-5
-123.532239	-9.616216E-6
-123.511615	-6.993612E-6
-123.490992	-4.768372E-6
-123.470368	-2.861023E-6
-123.449744	-6.357829E-7
-123.429121	6.357829E-7
-123.408497	1.748403E-6
-123.387874	2.304713E-6
-123.367250	2.861023E-6
-123.346626	3.894170E-6
-123.326003	3.735224E-6
-123.305379	4.291534E-6
-123.284755	4.768372E-6
-123.264132	3.496806E-6
-123.243508	3.655752E-6
-123.222884	4.450480E-6
-123.202261	4.291534E-6
-123.181637	4.132589E-6
-123.161013	4.529953E-6
-123.140390	3.735224E-6
-123.119766	4.212062E-6
-123.099143	4.371007E-6
-123.078519	4.847844E-6
-123.057895	4.927317E-6
-123.037272	5.801519E-6
-123.016648	6.119410E-6
-122.996024	6.834666E-6
-122.975401	7.311503E-6
-122.954777	6.596247E-6
-122.934153	5.563100E-6
-122.913530	4.927317E-6
-122.892906	4.053116E-6
-122.872283	3.258387E-6
-122.851659	2.145767E-6
-122.831035	5.563100E-7
-122.810412	-7.152557E-7
-122.789788	-2.145767E-6
-122.769164	-3.496806E-6
-122.748541	-3.894170E-6
-122.727917	-3.894170E-6
-122.707293	-4.291534E-6
-122.686670	-4.609426E-6
-122.666046	-4.609426E-6
-122.645423	-5.245209E-6
-122.624799	-5.165736E-6
-122.604175	-5.006790E-6
-122.583552	-3.735224E-6
-122.562928	-1.748403E-6
-122.542304	-7.152557E-7
-122.521681	7.152557E-7
-122.501057	1.668930E-6
-122.480433	3.178914E-6
-122.459810	4.053116E-6
-122.439186	5.483627E-6
-122.418562	6.755193E-6
-122.397939	8.662542E-6
-122.377315	9.457270E-6
-122.356692	9.695689E-6
-122.336068	8.742015E-6
-122.315444	8.185705E-6
-122.294821	8.900960E-6
-122.274197	8.583069E-6
-122.253573	8.265177E-6
-122.232950	8.821487E-6
-122.212326	7.947286E-6
-122.191702	6.914139E-6
-122.171079	6.834666E-6
-122.150455	6.198883E-6
-122.129832	4.927317E-6
-122.109208	3.258387E-6
-122.088584	2.463659E-6
-122.067961	2.702077E-6
-122.047337	2.543132E-6
-122.026713	3.258387E-6
-122.006090	3.973643E-6
-121.985466	4.609426E-6
-121.964842	4.927317E-6
-121.944219	5.880992E-6
-121.923595	7.232030E-6
-121.902972	7.390976E-6
-121.882348	8.583069E-6
-121.861724	9.775162E-6
-121.841101	1.001358E-5
-121.820477	1.049042E-5
-121.799853	1.056989E-5
-121.779230	1.120567E-5
-121.758606	1.088778E-5
-121.737982	1.096725E-5
-121.717359	1.088778E-5
-121.696735	1.025200E-5
-121.676111	1.041094E-5
-121.655488	1.009305E-5
-121.634864	1.025200E-5
-121.614241	1.144409E-5
-121.593617	1.168251E-5
-121.572993	1.207987E-5
-121.552370	1.327197E-5
-121.531746	1.398722E-5
-121.511122	1.557668E-5
-121.490499	1.668930E-5
-121.469875	1.692772E-5
-121.449251	1.708666E-5
-121.428628	1.843770E-5
-121.408004	1.875559E-5
-121.387381	1.891454E-5
-121.366757	1.915296E-5
-121.346133	1.859665E-5
-121.325510	1.804034E-5
-121.304886	1.756350E-5
-121.284262	1.676877E-5
-121.263639	1.629194E-5
-121.243015	1.597404E-5
-121.222391	1.541773E-5
-121.201768	1.414617E-5
-121.181144	1.247724E-5
-121.160521	1.263618E-5
-121.139897	1.279513E-5
-121.119273	1.144409E-5
-121.098650	1.064936E-5
-121.078026	8.424123E-6
-121.057402	7.629395E-6
-121.036779	6.278356E-6
-121.016155	5.006790E-6
-120.995531	3.496806E-6
-120.974908	2.225240E-6
-120.954284	1.033147E-6
-120.933661	-6.357829E-7
-120.913037	-1.271566E-6
-120.892413	-2.145767E-6
-120.871790	-3.417333E-6
-120.851166	-3.655752E-6
-120.830542	-4.132589E-6
-120.809919	-5.165736E-6
-120.789295	-6.039937E-6
-120.768671	-6.675720E-6
-120.748048	-7.152557E-6
-120.727424	-8.185705E-6
-120.706800	-8.900960E-6
-120.686177	-8.265177E-6
-120.665553	-8.424123E-6
-120.644930	-8.185705E-6
-120.624306	-8.583069E-6
-120.603682	-9.139379E-6
-120.583059	-9.695689E-6
-120.562435	-9.775162E-6
-120.541811	-1.104673E-5
-120.521188	-1.239777E-5
-120.500564	-1.382828E-5
-120.479940	-1.581510E-5
-120.459317	-1.772245E-5
-120.438693	-1.883507E-5
-120.418070	-2.137820E-5
-120.397446	-2.455711E-5
-120.376822	-2.717972E-5
-120.356199	-2.956390E-5
-120.335575	-3.178914E-5
-120.314951	-3.457069E-5
-120.294328	-3.671646E-5
-120.273704	-3.846486E-5
-120.253080	-3.933907E-5
-120.232457	-4.069010E-5
-120.211833	-4.108747E-5
-120.191210	-4.220009E-5
-120.170586	-4.283587E-5
-120.149962	-4.227956E-5
-120.129339	-4.180272E-5
-120.108715	-4.013379E-5
-120.088091	-3.894170E-5
-120.067468	-3.735224E-5
-120.046844	-3.671646E-5
-120.026220	-3.488859E-5
-120.005597	-3.282229E-5
-119.984973	-3.043811E-5
-119.964349	-2.884865E-5
-119.943726	-2.837181E-5
-119.923102	-2.805392E-5
-119.902479	-2.837181E-5
-119.881855	-2.908707E-5
-119.861231	-3.035863E-5
-119.840608	-3.202756E-5
-119.819984	-3.480911E-5
-119.799360	-3.790855E-5
-119.778737	-4.076958E-5
-119.758113	-4.307429E-5
-119.737489	-4.498164E-5
-119.716866	-4.522006E-5
-119.696242	-4.529953E-5
-119.675619	-4.529953E-5
-119.654995	-4.355113E-5
-119.634371	-4.140536E-5
-119.613748	-3.774961E-5
-119.593124	-3.480911E-5
-119.572500	-3.218651E-5
-119.551877	-2.900759E-5
-119.531253	-2.956390E-5
-119.510629	-3.314018E-5
-119.490006	-3.870328E-5
-119.469382	-4.959106E-5
-119.448759	-6.492933E-5
-119.428135	-8.455912E-5
-119.407511	-0.000113
-119.386888	-0.000145
-119.366264	-0.000181
-119.345640	-0.000217
-119.325017	-0.000257
-119.304393	-0.000298
-119.283769	-0.000337
-119.263146	-0.000371
-119.242522	-0.000400
-119.221898	-0.000421
-119.201275	-0.000433
-119.180651	-0.000432
-119.160028	-0.000420
-119.139404	-0.000392
-119.118780	-0.000350
-119.098157	-0.000296
-119.077533	-0.000232
-119.056909	-0.000162
-119.036286	-8.551280E-5
-119.015662	-7.232030E-6
-118.995038	7.430712E-5
-118.974415	0.000155
-118.953791	0.000239
-118.933168	0.000325
-118.912544	0.000399
-118.891920	0.000463
-118.871297	0.000517
-118.850673	0.000561
-118.830049	0.000593
-118.809426	0.000612
-118.788802	0.000622
-118.768178	0.000622
-118.747555	0.000609
-118.726931	0.000586
-118.706308	0.000559
-118.685684	0.000524
-118.665060	0.000482
-118.644437	0.000436
-118.623813	0.000389
-118.603189	0.000342
-118.582566	0.000298
-118.561942	0.000252
-118.541318	0.000206
-118.520695	0.000161
-118.500071	0.000120
-118.479447	8.328756E-5
-118.458824	4.943212E-5
-118.438200	2.026558E-5
-118.417577	-7.311503E-6
-118.396953	-3.218651E-5
-118.376329	-5.276998E-5
-118.355706	-6.977717E-5
-118.335082	-8.328756E-5
-118.314458	-9.449323E-5
-118.293835	-0.000104
-118.273211	-0.000111
-118.252587	-0.000116
-118.231964	-0.000119
-118.211340	-0.000120
-118.190717	-0.000122
-118.170093	-0.000122
-118.149469	-0.000122
-118.128846	-0.000119
-118.108222	-0.000114
-118.087598	-0.000111
-118.066975	-0.000107
-118.046351	-0.000102
-118.025727	-9.759267E-5
-118.005104	-9.361903E-5
-117.984480	-8.932749E-5
-117.963857	-8.543332E-5
-117.943233	-8.010864E-5
-117.922609	-7.597605E-5
-117.901986	-7.120768E-5
-117.881362	-6.691615E-5
-117.860738	-6.262461E-5
-117.840115	-5.873044E-5
-117.819491	-5.539258E-5
-117.798867	-5.133947E-5
-117.778244	-4.824003E-5
-117.757620	-4.498164E-5
-117.736996	-4.148483E-5
-117.716373	-3.846486E-5
-117.695749	-3.592173E-5
-117.675126	-3.314018E-5
-117.654502	-3.099442E-5
-117.633878	-2.948443E-5
-117.613255	-2.821287E-5
-117.592631	-2.606710E-5
-117.572007	-2.439817E-5
-117.551384	-2.257029E-5
-117.530760	-2.153714E-5
-117.510136	-2.201398E-5
-117.489513	-2.098083E-5
-117.468889	-1.986821E-5
-117.448266	-1.962980E-5
-117.427642	-1.962980E-5
-117.407018	-1.891454E-5
-117.386395	-1.867612E-5
-117.365771	-1.780192E-5
-117.345147	-1.740456E-5
-117.324524	-1.645088E-5
-117.303900	-1.605352E-5
-117.283276	-1.645088E-5
-117.262653	-1.613299E-5
-117.242029	-1.653035E-5
-117.221406	-1.605352E-5
-117.200782	-1.676877E-5
-117.180158	-1.653035E-5
-117.159535	-1.660983E-5
-117.138911	-1.517932E-5
-117.118287	-1.390775E-5
-117.097664	-1.247724E-5
-117.077040	-1.184146E-5
-117.056416	-9.695689E-6
-117.035793	-7.947286E-6
-117.015169	-5.483627E-6
-116.994545	-3.735224E-6
-116.973922	-1.907349E-6
-116.953298	-3.973643E-7
-116.932675	1.907349E-6
-116.912051	3.496806E-6
-116.891427	4.371007E-6
-116.870804	4.291534E-6
-116.850180	3.735224E-6
-116.829556	4.291534E-6
-116.808933	5.006790E-6
-116.788309	3.894170E-6
-116.767685	2.384186E-6
-116.747062	5.563100E-7
-116.726438	-7.947286E-7
-116.705815	-2.463659E-6
-116.685191	-4.529953E-6
-116.664567	-5.324682E-6
-116.643944	-6.516774E-6
-116.623320	-7.867813E-6
-116.602696	-8.026759E-6
-116.582073	-7.549922E-6
-116.561449	-7.073085E-6
-116.540825	-6.834666E-6
-116.520202	-6.596247E-6
-116.499578	-6.357829E-6
-116.478955	-5.324682E-6
-116.458331	-4.291534E-6
-116.437707	-3.496806E-6
-116.417084	-2.861023E-6
-116.396460	-2.145767E-6
-116.375836	-1.351039E-6
-116.355213	-3.178914E-7
-116.334589	0.000000
-116.313965	-3.178914E-7
-116.293342	-1.589457E-7
-116.272718	-3.178914E-7
-116.252094	2.384186E-7
-116.231471	5.563100E-7
-116.210847	5.563100E-7
-116.190224	-5.563100E-7
-116.169600	-7.152557E-7
-116.148976	-1.192093E-6
-116.128353	-1.430511E-6
-116.107729	-2.145767E-6
-116.087105	-3.417333E-6
-116.066482	-4.529953E-6
-116.045858	-5.960464E-6
-116.025234	-6.596247E-6
-116.004611	-7.390976E-6
-115.983987	-7.073085E-6
-115.963364	-6.755193E-6
-115.942740	-5.880992E-6
-115.922116	-5.245209E-6
-115.901493	-3.973643E-6
-115.880869	-2.225240E-6
-115.860245	-9.536743E-7
-115.839622	8.742015E-7
-115.818998	3.655752E-6
-115.798374	5.404154E-6
-115.777751	7.708867E-6
-115.757127	8.503596E-6
-115.736504	9.775162E-6
-115.715880	1.112620E-5
-115.695256	1.160304E-5
-115.674633	1.239777E-5
-115.654009	1.263618E-5
-115.633385	1.168251E-5
-115.612762	1.112620E-5
-115.592138	1.017253E-5
-115.571514	8.344650E-6
-115.550891	7.947286E-6
-115.530267	7.152557E-6
-115.509644	5.324682E-6
-115.489020	3.894170E-6
-115.468396	3.417333E-6
-115.447773	2.463659E-6
-115.427149	1.827876E-6
-115.406525	9.536743E-7
-115.385902	7.947286E-7
-115.365278	2.384186E-7
-115.344654	0.000000
-115.324031	-1.112620E-6
-115.303407	-2.225240E-6
-115.282783	-1.748403E-6
-115.262160	-1.509984E-6
-115.241536	-1.668930E-6
-115.220913	-1.827876E-6
-115.200289	-1.907349E-6
-115.179665	-4.768372E-7
-115.159042	1.112620E-6
-115.138418	3.178914E-6
-115.117794	4.371007E-6
-115.097171	6.516774E-6
-115.076547	8.344650E-6
-115.055923	1.033147E-5
-115.035300	1.144409E-5
-115.014676	1.200040E-5
-114.994053	1.295408E-5
-114.973429	1.351039E-5
-114.952805	1.382828E-5
-114.932182	1.351039E-5
-114.911558	1.239777E-5
-114.890934	1.168251E-5
-114.870311	1.033147E-5
-114.849687	8.821487E-6
-114.829063	7.470449E-6
-114.808440	6.278356E-6
-114.787816	5.086263E-6
-114.767193	4.450480E-6
-114.746569	3.178914E-6
-114.725945	2.781550E-6
-114.705322	2.225240E-6
-114.684698	1.509984E-6
-114.664074	1.907349E-6
-114.643451	2.304713E-6
-114.622827	2.384186E-6
-114.602203	3.337860E-6
-114.581580	4.768372E-6
-114.560956	5.801519E-6
-114.540332	5.880992E-6
-114.519709	7.152557E-6
-114.499085	8.662542E-6
-114.478462	9.695689E-6
-114.457838	9.934107E-6
-114.437214	1.088778E-5
-114.416591	1.049042E-5
-114.395967	1.009305E-5
-114.375343	1.064936E-5
-114.354720	9.457270E-6
-114.334096	8.424123E-6
-114.313472	7.073085E-6
-114.292849	5.483627E-6
-114.272225	3.814697E-6
-114.251602	2.384186E-6
-114.230978	1.112620E-6
-114.210354	-1.589457E-7
-114.189731	-1.033147E-6
-114.169107	-2.861023E-6
-114.148483	-4.291534E-6
-114.127860	-5.722046E-6
-114.107236	-6.198883E-6
-114.086612	-5.722046E-6
-114.065989	-4.450480E-6
-114.045365	-3.019969E-6
-114.024742	-7.947286E-7
-114.004118	3.973643E-7
-113.983494	2.622604E-6
-113.962871	4.371007E-6
-113.942247	6.198883E-6
-113.921623	6.834666E-6
-113.901000	7.549922E-6
-113.880376	7.470449E-6
-113.859752	6.755193E-6
-113.839129	6.834666E-6
-113.818505	6.119410E-6
-113.797881	4.609426E-6
-113.777258	1.986821E-6
-113.756634	-1.589457E-7
-113.736011	-2.384186E-6
-113.715387	-5.086263E-6
-113.694763	-7.629395E-6
-113.674140	-9.695689E-6
-113.653516	-1.168251E-5
-113.632892	-1.343091E-5
-113.612269	-1.462301E-5
-113.591645	-1.478195E-5
-113.571021	-1.358986E-5
-113.550398	-1.398722E-5
-113.529774	-1.430511E-5
-113.509151	-1.422564E-5
-113.488527	-1.398722E-5
-113.467903	-1.215935E-5
-113.447280	-1.049042E-5
-113.426656	-1.001358E-5
-113.406032	-9.854635E-6
-113.385409	-9.377797E-6
-113.364785	-8.344650E-6
-113.344161	-6.914139E-6
-113.323538	-6.516774E-6
-113.302914	-6.675720E-6
-113.282291	-6.437302E-6
-113.261667	-6.039937E-6
-113.241043	-5.404154E-6
-113.220420	-6.198883E-6
-113.199796	-7.708867E-6
-113.179172	-8.106232E-6
-113.158549	-8.900960E-6
-113.137925	-9.139379E-6
-113.117301	-1.041094E-5
-113.096678	-1.160304E-5
-113.076054	-1.239777E-5
-113.055430	-1.374880E-5
-113.034807	-1.446406E-5
-113.014183	-1.533826E-5
-112.993560	-1.629194E-5
-112.972936	-1.597404E-5
-112.952312	-1.621246E-5
-112.931689	-1.597404E-5
-112.911065	-1.549721E-5
-112.890441	-1.462301E-5
-112.869818	-1.335144E-5
-112.849194	-1.096725E-5
-112.828570	-9.457270E-6
-112.807947	-8.503596E-6
-112.787323	-7.311503E-6
-112.766700	-5.245209E-6
-112.746076	-2.622604E-6
-112.725452	-8.742015E-7
-112.704829	-4.768372E-7
-112.684205	-8.742015E-7
-112.663581	-6.357829E-7
-112.642958	-1.430511E-6
-112.622334	-3.019969E-6
-112.601710	-5.245209E-6
-112.581087	-7.232030E-6
-112.560463	-9.059906E-6
-112.539840	-1.168251E-5
-112.519216	-1.382828E-5
-112.498592	-1.645088E-5
-112.477969	-1.804034E-5
-112.457345	-1.899401E-5
-112.436721	-1.978874E-5
-112.416098	-2.042452E-5
-112.395474	-1.978874E-5
-112.374850	-1.883507E-5
-112.354227	-1.772245E-5
-112.333603	-1.486142E-5
-112.312979	-1.160304E-5
-112.292356	-7.708867E-6
-112.271732	-3.735224E-6
-112.251109	2.384186E-7
-112.230485	5.960464E-6
-112.209861	1.064936E-5
-112.189238	1.438459E-5
-112.168614	1.724561E-5
-112.147990	2.066294E-5
-112.127367	2.193451E-5
-112.106743	2.392133E-5
-112.086119	2.535184E-5
-112.065496	2.670288E-5
-112.044872	2.662341E-5
-112.024249	2.670288E-5
-112.003625	2.630552E-5
-111.983001	2.582868E-5
-111.962378	2.344449E-5
-111.941754	2.098083E-5
-111.921130	1.947085E-5
-111.900507	1.724561E-5
-111.879883	1.382828E-5
-111.859259	1.128515E-5
-111.838636	8.742015E-6
-111.818012	6.675720E-6
-111.797389	4.847844E-6
-111.776765	1.907349E-6
-111.756141	6.357829E-7
-111.735518	5.563100E-7
-111.714894	1.589457E-6
-111.694270	3.337860E-6
-111.673647	5.880992E-6
-111.653023	7.947286E-6
-111.632399	9.695689E-6
-111.611776	1.128515E-5
-111.591152	1.311302E-5
-111.570528	1.549721E-5
-111.549905	1.827876E-5
-111.529281	2.113978E-5
-111.508658	2.415975E-5
-111.488034	2.725919E-5
-111.467410	2.868970E-5
-111.446787	2.932549E-5
-111.426163	2.964338E-5
-111.405539	3.043811E-5
-111.384916	3.123283E-5
-111.364292	3.186862E-5
-111.343668	3.266335E-5
-111.323045	3.377597E-5
-111.302421	3.337860E-5
-111.281798	3.353755E-5
-111.261174	3.298124E-5
-111.240550	3.353755E-5
-111.219927	3.314018E-5
-111.199303	3.218651E-5
-111.178679	3.242493E-5
-111.158056	3.290176E-5
-111.137432	3.337860E-5
-111.116808	3.409386E-5
-111.096185	3.504753E-5
-111.075561	3.671646E-5
-111.054938	3.767014E-5
-111.034314	3.878276E-5
-111.013690	3.957748E-5
-110.993067	4.069010E-5
-110.972443	4.259745E-5
-110.951819	4.426638E-5
-110.931196	4.601479E-5
-110.910572	4.704793E-5
-110.889948	4.808108E-5
-110.869325	4.967054E-5
-110.848701	4.927317E-5
-110.828077	4.879634E-5
-110.807454	4.855792E-5
-110.786830	4.736582E-5
-110.766207	4.585584E-5
-110.745583	4.466375E-5
-110.724959	4.251798E-5
-110.704336	4.084905E-5
-110.683712	3.941854E-5
-110.663088	3.735224E-5
-110.642465	3.536542E-5
-110.621841	3.266335E-5
-110.601217	3.186862E-5
-110.580594	3.043811E-5
-110.559970	3.091494E-5
-110.539347	3.115336E-5
-110.518723	3.107389E-5
-110.498099	3.170967E-5
-110.477476	3.290176E-5
-110.456852	3.417333E-5
-110.436228	3.584226E-5
-110.415605	3.584226E-5
-110.394981	3.544490E-5
-110.374357	3.560384E-5
-110.353734	3.488859E-5
-110.333110	3.457069E-5
-110.312487	3.242493E-5
-110.291863	3.107389E-5
-110.271239	2.876918E-5
-110.250616	2.519290E-5
-110.229992	2.034505E-5
-110.209368	1.462301E-5
-110.188745	7.867813E-6
-110.168121	1.589457E-7
-110.147497	-7.708867E-6
-110.126874	-1.414617E-5
-110.106250	-2.042452E-5
-110.085626	-2.622604E-5
-110.065003	-3.194809E-5
-110.044379	-3.767014E-5
-110.023756	-4.331271E-5
-110.003132	-4.720688E-5
-109.982508	-5.189578E-5
-109.961885	-5.578995E-5
-109.941261	-6.000201E-5
-109.920637	-6.556511E-5
-109.900014	-6.930033E-5
-109.879390	-7.295609E-5
-109.858766	-7.661184E-5
-109.838143	-7.987022E-5
-109.817519	-8.225441E-5
-109.796896	-8.543332E-5
-109.776272	-8.932749E-5
-109.755648	-9.322166E-5
-109.735025	-9.640058E-5
-109.714401	-9.910266E-5
-109.693777	-0.000102
-109.673154	-0.000105
-109.652530	-0.000108
-109.631906	-0.000107
-109.611283	-0.000107
-109.590659	-0.000107
-109.570036	-0.000107
-109.549412	-0.000106
-109.528788	-0.000105
-109.508165	-0.000103
-109.487541	-0.000101
-109.466917	-9.910266E-5
-109.446294	-9.751320E-5
-109.425670	-9.616216E-5
-109.405046	-9.520849E-5
-109.384423	-9.417534E-5
-109.363799	-9.457270E-5
-109.343176	-9.544690E-5
-109.322552	-9.608269E-5
-109.301928	-9.830793E-5
-109.281305	-0.000101
-109.260681	-0.000105
-109.240057	-0.000111
-109.219434	-0.000119
-109.198810	-0.000127
-109.178186	-0.000136
-109.157563	-0.000146
-109.136939	-0.000154
-109.116315	-0.000161
-109.095692	-0.000166
-109.075068	-0.000169
-109.054445	-0.000167
-109.033821	-0.000161
-109.013197	-0.000151
-108.992574	-0.000138
-108.971950	-0.000123
-108.951326	-0.000108
-108.930703	-9.520849E-5
-108.910079	-8.885066E-5
-108.889455	-9.067853E-5
-108.868832	-0.000104
-108.848208	-0.000133
-108.827585	-0.000178
-108.806961	-0.000242
-108.786337	-0.000325
-108.765714	-0.000429
-108.745090	-0.000554
-108.724466	-0.000691
-108.703843	-0.000825
-108.683219	-0.000963
-108.662595	-0.001096
-108.641972	-0.001223
-108.621348	-0.001337
-108.600725	-0.001424
-108.580101	-0.001477
-108.559477	-0.001492
-108.538854	-0.001466
-108.518230	-0.001395
-108.497606	-0.001276
-108.476983	-0.001116
-108.456359	-0.000913
-108.435735	-0.000675
-108.415112	-0.000408
-108.394488	-0.000110
-108.373864	0.000190
-108.353241	0.000485
-108.332617	0.000784
-108.311994	0.001078
-108.291370	0.001354
-108.270746	0.001585
-108.250123	0.001776
-108.229499	0.001923
-108.208875	0.002037
-108.188252	0.002115
-108.167628	0.002143
-108.147004	0.002127
-108.126381	0.002084
-108.105757	0.002019
-108.085134	0.001930
-108.064510	0.001813
-108.043886	0.001671
-108.023263	0.001511
-108.002639	0.001348
-107.982015	0.001184
-107.961392	0.001020
-107.940768	0.000860
-107.920144	0.000706
-107.899521	0.000564
-107.878897	0.000423
-107.858274	0.000298
-107.837650	0.000187
-107.817026	8.257230E-5
-107.796403	-7.708867E-6
-107.775779	-8.749962E-5
-107.755155	-0.000155
-107.734532	-0.000215
-107.713908	-0.000266
-107.693284	-0.000307
-107.672661	-0.000340
-107.652037	-0.000364
-107.631413	-0.000379
-107.610790	-0.000392
-107.590166	-0.000398
-107.569543	-0.000402
-107.548919	-0.000401
-107.528295	-0.000397
-107.507672	-0.000391
-107.487048	-0.000382
-107.466424	-0.000373
-107.445801	-0.000364
-107.425177	-0.000352
-107.404553	-0.000340
-107.383930	-0.000328
-107.363306	-0.000314
-107.342683	-0.000300
-107.322059	-0.000286
-107.301435	-0.000271
-107.280812	-0.000257
-107.260188	-0.000243
-107.239564	-0.000230
-107.218941	-0.000218
-107.198317	-0.000207
-107.177693	-0.000197
-107.157070	-0.000187
-107.136446	-0.000176
-107.115823	-0.000167
-107.095199	-0.000157
-107.074575	-0.000147
-107.053952	-0.000138
-107.033328	-0.000130
-107.012704	-0.000123
-106.992081	-0.000115
-106.971457	-0.000109
-106.950833	-0.000103
-106.930210	-9.648005E-5
-106.909586	-8.996328E-5
-106.888962	-8.487701E-5
-106.868339	-8.026759E-5
-106.847715	-7.510185E-5
-106.827092	-7.112821E-5
-106.806468	-6.739299E-5
-106.785844	-6.310145E-5
-106.765221	-5.976359E-5
-106.744597	-5.594889E-5
-106.723973	-5.284945E-5
-106.703350	-4.982948E-5
-106.682726	-4.641215E-5
-106.662102	-4.371007E-5
-106.641479	-4.140536E-5
-106.620855	-3.965696E-5
-106.600232	-3.695488E-5
-106.579608	-3.488859E-5
-106.558984	-3.250440E-5
-106.538361	-3.019969E-5
-106.517737	-2.868970E-5
-106.497113	-2.765656E-5
-106.476490	-2.614657E-5
-106.455866	-2.400080E-5
-106.435242	-2.249082E-5
-106.414619	-2.217293E-5
-106.393995	-2.145767E-5
-106.373372	-1.970927E-5
-106.352748	-1.788139E-5
-106.332124	-1.732508E-5
-106.311501	-1.676877E-5
-106.290877	-1.613299E-5
-106.270253	-1.517932E-5
-106.249630	-1.406670E-5
-106.229006	-1.327197E-5
-106.208382	-1.231829E-5
-106.187759	-1.168251E-5
-106.167135	-1.136462E-5
-106.146511	-1.104673E-5
-106.125888	-1.080831E-5
-106.105264	-1.033147E-5
-106.084641	-9.298325E-6
-106.064017	-8.980433E-6
-106.043393	-8.742015E-6
-106.022770	-8.026759E-6
-106.002146	-8.185705E-6
-105.981522	-7.549922E-6
-105.960899	-7.152557E-6
-105.940275	-6.914139E-6
-105.919651	-6.278356E-6
-105.899028	-5.960464E-6
-105.878404	-5.880992E-6
-105.857781	-5.324682E-6
-105.837157	-5.801519E-6
-105.816533	-5.483627E-6
-105.795910	-5.404154E-6
-105.775286	-5.404154E-6
-105.754662	-4.847844E-6
-105.734039	-3.337860E-6
-105.713415	-3.099442E-6
-105.692791	-2.781550E-6
-105.672168	-2.543132E-6
-105.651544	-3.019969E-6
-105.630921	-3.337860E-6
-105.610297	-2.781550E-6
-105.589673	-2.861023E-6
-105.569050	-2.225240E-6
-105.548426	-2.622604E-6
-105.527802	-2.622604E-6
-105.507179	-3.099442E-6
-105.486555	-2.940496E-6
-105.465931	-2.145767E-6
-105.445308	-2.066294E-6
-105.424684	-2.304713E-6
-105.404060	-1.271566E-6
-105.383437	-7.947286E-7
-105.362813	-8.742015E-7
-105.342190	-1.668930E-6
-105.321566	-2.145767E-6
-105.300942	-1.112620E-6
-105.280319	-1.192093E-6
-105.259695	-1.271566E-6
-105.239071	-6.357829E-7
-105.218448	-6.357829E-7
-105.197824	-4.768372E-7
-105.177200	-5.563100E-7
-105.156577	-3.178914E-7
-105.135953	-1.112620E-6
-105.115330	-8.742015E-7
-105.094706	-7.947286E-8
-105.074082	-5.563100E-7
-105.053459	-7.152557E-7
-105.032835	-5.563100E-7
-105.012211	-1.033147E-6
-104.991588	-8.742015E-7
-104.970964	1.589457E-7
-104.950340	4.768372E-7
-104.929717	1.589457E-7
-104.909093	2.384186E-7
-104.888470	-1.589457E-7
-104.867846	-1.589457E-7
-104.847222	3.178914E-7
-104.826599	2.384186E-7
-104.805975	-6.357829E-7
-104.785351	-5.563100E-7
-104.764728	-5.563100E-7
-104.744104	-4.768372E-7
-104.723480	-5.563100E-7
-104.702857	-3.973643E-7
-104.682233	4.768372E-7
-104.661609	1.589457E-7
-104.640986	1.589457E-7
-104.620362	7.947286E-7
-104.599739	7.152557E-7
-104.579115	8.742015E-7
-104.558491	1.192093E-6
-104.537868	1.033147E-6
-104.517244	1.271566E-6
-104.496620	1.351039E-6
-104.475997	1.351039E-6
-104.455373	2.066294E-6
-104.434749	2.145767E-6
-104.414126	2.145767E-6
-104.393502	1.827876E-6
-104.372879	1.827876E-6
-104.352255	2.304713E-6
-104.331631	2.225240E-6
-104.311008	1.748403E-6
-104.290384	1.986821E-6
-104.269760	2.384186E-6
-104.249137	1.668930E-6
-104.228513	2.145767E-6
-104.207889	2.463659E-6
-104.187266	2.304713E-6
-104.166642	1.907349E-6
-104.146019	1.589457E-6
-104.125395	1.351039E-6
-104.104771	2.145767E-6
-104.084148	2.861023E-6
-104.063524	2.225240E-6
-104.042900	2.384186E-6
-104.022277	3.337860E-6
-104.001653	3.258387E-6
-103.981029	2.781550E-6
-103.960406	2.622604E-6
-103.939782	2.940496E-6
-103.919159	1.509984E-6
-103.898535	1.112620E-6
-103.877911	1.271566E-6
-103.857288	1.827876E-6
-103.836664	1.589457E-6
-103.816040	1.589457E-6
-103.795417	2.225240E-6
-103.774793	1.430511E-6
-103.754169	9.536743E-7
-103.733546	7.152557E-7
-103.712922	7.152557E-7
-103.692298	9.536743E-7
-103.671675	6.357829E-7
-103.651051	4.768372E-7
-103.630428	-1.589457E-7
-103.609804	1.589457E-7
-103.589180	1.589457E-6
-103.568557	9.536743E-7
-103.547933	5.563100E-7
-103.527309	7.947286E-7
-103.506686	1.509984E-6
-103.486062	1.271566E-6
-103.465438	1.430511E-6
-103.444815	1.351039E-6
-103.424191	1.986821E-6
-103.403568	1.589457E-6
-103.382944	1.192093E-6
-103.362320	1.589457E-6
-103.341697	1.192093E-6
-103.321073	3.178914E-7
-103.300449	5.563100E-7
-103.279826	8.742015E-7
-103.259202	3.973643E-7
-103.238578	3.178914E-7
-103.217955	1.033147E-6
-103.197331	6.357829E-7
-103.176708	0.000000
-103.156084	4.768372E-7
-103.135460	7.947286E-8
-103.114837	-7.947286E-8
-103.094213	-1.589457E-7
-103.073589	-2.384186E-7
-103.052966	0.000000
-103.032342	-2.384186E-7
-103.011718	6.357829E-7
-102.991095	7.152557E-7
-102.970471	0.000000
-102.949847	7.947286E-8
-102.929224	-7.152557E-7
-102.908600	7.947286E-8
-102.887977	3.178914E-7
-102.867353	5.563100E-7
-102.846729	8.742015E-7
-102.826106	4.768372E-7
-102.805482	-7.947286E-7
-102.784858	1.589457E-7
-102.764235	5.563100E-7
-102.743611	3.973643E-7
-102.722987	3.178914E-7
-102.702364	-7.947286E-8
-102.681740	-6.357829E-7
-102.661117	-1.112620E-6
-102.640493	-1.033147E-6
-102.619869	-3.178914E-7
-102.599246	7.947286E-8
-102.578622	-9.536743E-7
-102.557998	-1.192093E-6
-102.537375	-1.271566E-6
-102.516751	-8.742015E-7
-102.496127	-9.536743E-7
-102.475504	-9.536743E-7
-102.454880	-1.112620E-6
-102.434257	-9.536743E-7
-102.413633	-8.742015E-7
-102.393009	-1.033147E-6
-102.372386	-3.973643E-7
-102.351762	-3.178914E-7
-102.331138	-2.384186E-7
-102.310515	-9.536743E-7
-102.289891	-1.351039E-6
-102.269267	-1.589457E-6
-102.248644	-1.192093E-6
-102.228020	-8.742015E-7
-102.207396	-7.947286E-7
-102.186773	-7.152557E-7
-102.166149	-7.947286E-8
-102.145526	-3.178914E-7
-102.124902	-7.152557E-7
-102.104278	-3.973643E-7
-102.083655	0.000000
-102.063031	3.178914E-7
-102.042407	3.178914E-7
-102.021784	-1.589457E-7
-102.001160	-5.563100E-7
-101.980536	-1.668930E-6
-101.959913	-1.192093E-6
-101.939289	-6.357829E-7
-101.918666	-8.742015E-7
-101.898042	-1.589457E-6
-101.877418	-2.304713E-6
-101.856795	-2.463659E-6
-101.836171	-1.033147E-6
-101.815547	-6.357829E-7
-101.794924	-1.589457E-6
-101.774300	-5.563100E-7
-101.753676	7.947286E-8
-101.733053	-2.384186E-7
-101.712429	-4.768372E-7
-101.691806	-3.973643E-7
-101.671182	-1.112620E-6
-101.650558	-1.033147E-6
-101.629935	-6.357829E-7
-101.609311	-4.768372E-7
-101.588687	-9.536743E-7
-101.568064	-7.947286E-7
-101.547440	-6.357829E-7
-101.526816	-7.947286E-7
-101.506193	-7.947286E-7
-101.485569	1.589457E-7
-101.464945	-7.947286E-7
-101.444322	0.000000
-101.423698	7.947286E-8
-101.403075	-3.178914E-7
-101.382451	-5.563100E-7
-101.361827	-1.033147E-6
-101.341204	-1.112620E-6
-101.320580	-7.947286E-8
-101.299956	7.947286E-7
-101.279333	2.384186E-7
-101.258709	-3.973643E-7
-101.238085	3.178914E-7
-101.217462	9.536743E-7
-101.196838	-3.178914E-7
-101.176215	-6.357829E-7
-101.155591	-7.947286E-7
-101.134967	-7.947286E-8
-101.114344	-3.178914E-7
-101.093720	-7.152557E-7
-101.073096	-6.357829E-7
-101.052473	-5.563100E-7
-101.031849	-3.178914E-7
-101.011225	-3.973643E-7
-100.990602	3.178914E-7
-100.969978	-1.589457E-7
-100.949355	-3.178914E-7
-100.928731	-3.973643E-7
-100.908107	0.000000
-100.887484	-1.589457E-7
-100.866860	-7.947286E-8
-100.846236	-3.973643E-7
-100.825613	-1.351039E-6
-100.804989	-8.742015E-7
-100.784365	-7.947286E-8
-100.763742	-1.589457E-7
-100.743118	-3.973643E-7
-100.722494	-7.947286E-8
-100.701871	-3.178914E-7
-100.681247	1.589457E-7
-100.660624	7.947286E-7
-100.640000	1.192093E-6
-100.619376	5.563100E-7
-100.598753	2.384186E-7
-100.578129	-1.589457E-7
-100.557505	-8.742015E-7
-100.536882	-7.947286E-8
-100.516258	-7.947286E-8
-100.495634	7.152557E-7
-100.475011	3.178914E-7
-100.454387	9.536743E-7
-100.433764	1.589457E-7
-100.413140	7.152557E-7
-100.392516	4.768372E-7
-100.371893	-3.178914E-7
-100.351269	-4.768372E-7
-100.330645	0.000000
-100.310022	-7.947286E-8
-100.289398	8.742015E-7
-100.268774	7.152557E-7
-100.248151	-1.589457E-7
-100.227527	-3.178914E-7
-100.206904	-3.178914E-7
-100.186280	0.000000
-100.165656	6.357829E-7
-100.145033	1.589457E-7
-100.124409	-2.384186E-7
-100.103785	-2.384186E-7
-100.083162	-3.178914E-7
-100.062538	3.973643E-7
-100.041914	5.563100E-7
-100.021291	9.536743E-7
