-143.000954	2.384186E-6
-142.980330	2.225240E-6
-142.959707	1.907349E-6
-142.939083	1.351039E-6
-142.918459	7.152557E-7
-142.897836	9.536743E-7
-142.877212	1.430511E-6
-142.856589	1.509984E-6
-142.835965	1.112620E-6
-142.815341	6.357829E-7
-142.794718	7.152557E-7
-142.774094	1.986821E-6
-142.753470	2.940496E-6
-142.732847	3.019969E-6
-142.712223	2.861023E-6
-142.691599	2.384186E-6
-142.670976	2.066294E-6
-142.650352	1.668930E-6
-142.629729	2.066294E-6
-142.609105	1.986821E-6
-142.588481	1.033147E-6
-142.567858	9.536743E-7
-142.547234	1.112620E-6
-142.526610	6.357829E-7
-142.505987	7.947286E-7
-142.485363	5.563100E-7
-142.464739	-7.947286E-8
-142.444116	1.589457E-7
-142.423492	-7.947286E-8
-142.402868	7.947286E-7
-142.382245	1.748403E-6
-142.361621	1.907349E-6
-142.340998	2.622604E-6
-142.320374	3.258387E-6
-142.299750	3.019969E-6
-142.279127	4.450480E-6
-142.258503	5.324682E-6
-142.237879	4.768372E-6
-142.217256	4.529953E-6
-142.196632	4.450480E-6
-142.176008	4.847844E-6
-142.155385	3.973643E-6
-142.134761	3.894170E-6
-142.114138	3.735224E-6
-142.093514	2.543132E-6
-142.072890	1.748403E-6
-142.052267	1.430511E-6
-142.031643	1.509984E-6
-142.011019	9.536743E-7
-141.990396	3.178914E-7
-141.969772	1.589457E-7
-141.949148	3.973643E-7
-141.928525	1.112620E-6
-141.907901	1.907349E-6
-141.887278	1.509984E-6
-141.866654	2.463659E-6
-141.846030	2.622604E-6
-141.825407	2.543132E-6
-141.804783	3.019969E-6
-141.784159	2.066294E-6
-141.763536	2.861023E-6
-141.742912	2.225240E-6
-141.722288	1.748403E-6
-141.701665	1.033147E-6
-141.681041	-7.947286E-8
-141.660417	-1.668930E-6
-141.639794	-2.543132E-6
-141.619170	-3.496806E-6
-141.598547	-4.609426E-6
-141.577923	-5.880992E-6
-141.557299	-6.198883E-6
-141.536676	-7.390976E-6
-141.516052	-8.026759E-6
-141.495428	-6.755193E-6
-141.474805	-6.437302E-6
-141.454181	-6.357829E-6
-141.433557	-6.437302E-6
-141.412934	-6.357829E-6
-141.392310	-4.688899E-6
-141.371687	-3.258387E-6
-141.351063	-2.781550E-6
-141.330439	-1.907349E-6
-141.309816	-1.668930E-6
-141.289192	-9.536743E-7
-141.268568	-1.192093E-6
-141.247945	-1.033147E-6
-141.227321	7.947286E-8
-141.206697	1.589457E-7
-141.186074	1.589457E-7
-141.165450	-5.563100E-7
-141.144827	-1.192093E-6
-141.124203	-2.384186E-6
-141.103579	-2.940496E-6
-141.082956	-4.609426E-6
-141.062332	-5.960464E-6
-141.041708	-5.880992E-6
-141.021085	-6.516774E-6
-141.000461	-7.232030E-6
-140.979837	-7.152557E-6
-140.959214	-7.390976E-6
-140.938590	-8.900960E-6
-140.917966	-8.900960E-6
-140.897343	-7.311503E-6
-140.876719	-7.152557E-6
-140.856096	-6.596247E-6
-140.835472	-6.596247E-6
-140.814848	-6.278356E-6
-140.794225	-5.960464E-6
-140.773601	-5.960464E-6
-140.752977	-6.278356E-6
-140.732354	-6.755193E-6
-140.711730	-8.265177E-6
-140.691106	-9.934107E-6
-140.670483	-1.319249E-5
-140.649859	-1.509984E-5
-140.629236	-1.692772E-5
-140.608612	-1.875559E-5
-140.587988	-2.161662E-5
-140.567365	-2.559026E-5
-140.546741	-2.821287E-5
-140.526117	-3.043811E-5
-140.505494	-3.202756E-5
-140.484870	-3.369649E-5
-140.464246	-3.441175E-5
-140.443623	-3.393491E-5
-140.422999	-3.306071E-5
-140.402376	-3.043811E-5
-140.381752	-2.765656E-5
-140.361128	-2.447764E-5
-140.340505	-2.010663E-5
-140.319881	-1.517932E-5
-140.299257	-1.136462E-5
-140.278634	-5.404154E-6
-140.258010	5.563100E-7
-140.237386	5.324682E-6
-140.216763	1.033147E-5
-140.196139	1.549721E-5
-140.175515	2.098083E-5
-140.154892	2.598763E-5
-140.134268	3.043811E-5
-140.113645	3.433228E-5
-140.093021	3.743172E-5
-140.072397	3.957748E-5
-140.051774	4.164378E-5
-140.031150	4.259745E-5
-140.010526	4.259745E-5
-139.989903	4.235903E-5
-139.969279	4.140536E-5
-139.948655	4.013379E-5
-139.928032	3.846486E-5
-139.907408	3.639857E-5
-139.886785	3.290176E-5
-139.866161	2.964338E-5
-139.845537	2.654394E-5
-139.824914	2.360344E-5
-139.804290	2.074242E-5
-139.783666	1.764297E-5
-139.763043	1.462301E-5
-139.742419	1.207987E-5
-139.721795	1.025200E-5
-139.701172	7.947286E-6
-139.680548	5.483627E-6
-139.659925	3.337860E-6
-139.639301	1.907349E-6
-139.618677	4.768372E-7
-139.598054	-1.589457E-7
-139.577430	-7.947286E-8
-139.556806	-1.271566E-6
-139.536183	-2.066294E-6
-139.515559	-2.543132E-6
-139.494935	-3.417333E-6
-139.474312	-4.291534E-6
-139.453688	-5.404154E-6
-139.433064	-6.437302E-6
-139.412441	-6.914139E-6
-139.391817	-7.867813E-6
-139.371194	-8.662542E-6
-139.350570	-9.457270E-6
-139.329946	-1.025200E-5
-139.309323	-1.176198E-5
-139.288699	-1.207987E-5
-139.268075	-1.128515E-5
-139.247452	-1.168251E-5
-139.226828	-1.263618E-5
-139.206204	-1.335144E-5
-139.185581	-1.335144E-5
-139.164957	-1.343091E-5
-139.144334	-1.335144E-5
-139.123710	-1.502037E-5
-139.103086	-1.565615E-5
-139.082463	-1.645088E-5
-139.061839	-1.653035E-5
-139.041215	-1.756350E-5
-139.020592	-1.835823E-5
-138.999968	-1.915296E-5
-138.979344	-1.947085E-5
-138.958721	-1.899401E-5
-138.938097	-1.788139E-5
-138.917474	-1.772245E-5
-138.896850	-1.660983E-5
-138.876226	-1.557668E-5
-138.855603	-1.438459E-5
-138.834979	-1.351039E-5
-138.814355	-1.072884E-5
-138.793732	-7.788340E-6
-138.773108	-5.245209E-6
-138.752484	-2.225240E-6
-138.731861	0.000000
-138.711237	3.258387E-6
-138.690613	6.755193E-6
-138.669990	9.616216E-6
-138.649366	1.200040E-5
-138.628743	1.358986E-5
-138.608119	1.589457E-5
-138.587495	1.748403E-5
-138.566872	1.891454E-5
-138.546248	1.923243E-5
-138.525624	1.891454E-5
-138.505001	1.970927E-5
-138.484377	1.955032E-5
-138.463753	1.867612E-5
-138.443130	1.788139E-5
-138.422506	1.629194E-5
-138.401883	1.351039E-5
-138.381259	1.041094E-5
-138.360635	7.549922E-6
-138.340012	6.278356E-6
-138.319388	4.529953E-6
-138.298764	2.622604E-6
-138.278141	8.742015E-7
-138.257517	-9.536743E-7
-138.236893	-1.668930E-6
-138.216270	-2.940496E-6
-138.195646	-4.688899E-6
-138.175023	-4.609426E-6
-138.154399	-5.722046E-6
-138.133775	-6.596247E-6
-138.113152	-7.152557E-6
-138.092528	-7.549922E-6
-138.071904	-7.708867E-6
-138.051281	-7.549922E-6
-138.030657	-7.947286E-6
-138.010033	-8.742015E-6
-137.989410	-8.980433E-6
-137.968786	-8.344650E-6
-137.948162	-8.106232E-6
-137.927539	-6.278356E-6
-137.906915	-5.801519E-6
-137.886292	-4.688899E-6
-137.865668	-3.258387E-6
-137.845044	-2.304713E-6
-137.824421	-1.430511E-6
-137.803797	7.947286E-8
-137.783173	2.066294E-6
-137.762550	3.417333E-6
-137.741926	4.847844E-6
-137.721302	4.609426E-6
-137.700679	4.212062E-6
-137.680055	3.973643E-6
-137.659432	3.258387E-6
-137.638808	2.225240E-6
-137.618184	1.986821E-6
-137.597561	3.973643E-7
-137.576937	-8.742015E-7
-137.556313	-1.827876E-6
-137.535690	-3.178914E-6
-137.515066	-4.371007E-6
-137.494442	-6.039937E-6
-137.473819	-6.516774E-6
-137.453195	-7.390976E-6
-137.432572	-7.311503E-6
-137.411948	-6.278356E-6
-137.391324	-5.404154E-6
-137.370701	-5.165736E-6
-137.350077	-5.483627E-6
-137.329453	-5.165736E-6
-137.308830	-4.371007E-6
-137.288206	-4.053116E-6
-137.267582	-3.099442E-6
-137.246959	-2.384186E-6
-137.226335	-2.543132E-6
-137.205712	-2.066294E-6
-137.185088	-1.986821E-6
-137.164464	-1.430511E-6
-137.143841	-1.112620E-6
-137.123217	-7.947286E-7
-137.102593	-7.152557E-7
-137.081970	-6.357829E-7
-137.061346	3.178914E-7
-137.040722	9.536743E-7
-137.020099	9.536743E-7
-136.999475	1.589457E-7
-136.978851	5.563100E-7
-136.958228	1.192093E-6
-136.937604	8.742015E-7
-136.916981	1.351039E-6
-136.896357	9.536743E-7
-136.875733	1.351039E-6
-136.855110	1.907349E-6
-136.834486	2.781550E-6
-136.813862	2.543132E-6
-136.793239	1.748403E-6
-136.772615	1.589457E-6
-136.751991	9.536743E-7
-136.731368	1.271566E-6
-136.710744	2.384186E-6
-136.690121	2.225240E-6
-136.669497	2.066294E-6
-136.648873	1.112620E-6
-136.628250	1.430511E-6
-136.607626	9.536743E-7
-136.587002	-2.384186E-7
-136.566379	-9.536743E-7
-136.545755	-1.351039E-6
-136.525131	-1.748403E-6
-136.504508	-1.827876E-6
-136.483884	-1.907349E-6
-136.463261	-1.827876E-6
-136.442637	-3.417333E-6
-136.422013	-4.053116E-6
-136.401390	-2.781550E-6
-136.380766	-2.781550E-6
-136.360142	-3.178914E-6
-136.339519	-2.861023E-6
-136.318895	-1.509984E-6
-136.298271	-1.748403E-6
-136.277648	-1.351039E-6
-136.257024	-7.947286E-8
-136.236400	5.563100E-7
-136.215777	1.112620E-6
-136.195153	1.668930E-6
-136.174530	2.225240E-6
-136.153906	3.496806E-6
-136.133282	3.894170E-6
-136.112659	4.450480E-6
-136.092035	5.245209E-6
-136.071411	4.847844E-6
-136.050788	5.165736E-6
-136.030164	6.039937E-6
-136.009540	6.119410E-6
-135.988917	6.596247E-6
-135.968293	6.278356E-6
-135.947670	5.722046E-6
-135.927046	6.675720E-6
-135.906422	6.278356E-6
-135.885799	6.596247E-6
-135.865175	6.039937E-6
-135.844551	4.450480E-6
-135.823928	2.622604E-6
-135.803304	7.947286E-7
-135.782680	-1.589457E-7
-135.762057	-5.563100E-7
-135.741433	-2.940496E-6
-135.720810	-5.165736E-6
-135.700186	-6.675720E-6
-135.679562	-6.834666E-6
-135.658939	-7.232030E-6
-135.638315	-7.152557E-6
-135.617691	-6.993612E-6
-135.597068	-6.834666E-6
-135.576444	-5.086263E-6
-135.555820	-1.907349E-6
-135.535197	-7.947286E-8
-135.514573	1.192093E-6
-135.493949	2.702077E-6
-135.473326	4.768372E-6
-135.452702	6.039937E-6
-135.432079	8.185705E-6
-135.411455	9.616216E-6
-135.390831	1.017253E-5
-135.370208	1.136462E-5
-135.349584	1.160304E-5
-135.328960	1.128515E-5
-135.308337	9.616216E-6
-135.287713	7.390976E-6
-135.267089	5.722046E-6
-135.246466	3.417333E-6
-135.225842	1.589457E-6
-135.205219	-6.357829E-7
-135.184595	-2.622604E-6
-135.163971	-4.053116E-6
-135.143348	-5.324682E-6
-135.122724	-6.755193E-6
-135.102100	-8.026759E-6
-135.081477	-8.821487E-6
-135.060853	-9.218852E-6
-135.040229	-9.616216E-6
-135.019606	-9.218852E-6
-134.998982	-9.139379E-6
-134.978359	-8.503596E-6
-134.957735	-6.516774E-6
-134.937111	-4.529953E-6
-134.916488	-3.735224E-6
-134.895864	-2.702077E-6
-134.875240	-3.973643E-7
-134.854617	4.768372E-7
-134.833993	1.351039E-6
-134.813369	2.702077E-6
-134.792746	3.814697E-6
-134.772122	3.814697E-6
-134.751498	3.973643E-6
-134.730875	4.291534E-6
-134.710251	3.735224E-6
-134.689628	3.655752E-6
-134.669004	2.225240E-6
-134.648380	9.536743E-7
-134.627757	-1.112620E-6
-134.607133	-2.622604E-6
-134.586509	-4.688899E-6
-134.565886	-6.675720E-6
-134.545262	-8.503596E-6
-134.524638	-1.001358E-5
-134.504015	-1.144409E-5
-134.483391	-1.215935E-5
-134.462768	-1.319249E-5
-134.442144	-1.351039E-5
-134.421520	-1.374880E-5
-134.400897	-1.390775E-5
-134.380273	-1.327197E-5
-134.359649	-1.263618E-5
-134.339026	-1.136462E-5
-134.318402	-9.377797E-6
-134.297778	-7.390976E-6
-134.277155	-5.006790E-6
-134.256531	-2.463659E-6
-134.235908	-5.563100E-7
-134.215284	3.178914E-7
-134.194660	1.986821E-6
-134.174037	3.576279E-6
-134.153413	4.927317E-6
-134.132789	5.722046E-6
-134.112166	6.437302E-6
-134.091542	5.642573E-6
-134.070918	5.086263E-6
-134.050295	4.529953E-6
-134.029671	3.496806E-6
-134.009047	1.589457E-6
-133.988424	7.947286E-8
-133.967800	-1.271566E-6
-133.947177	-2.066294E-6
-133.926553	-3.258387E-6
-133.905929	-5.801519E-6
-133.885306	-7.152557E-6
-133.864682	-7.788340E-6
-133.844058	-7.073085E-6
-133.823435	-6.357829E-6
-133.802811	-5.563100E-6
-133.782187	-5.563100E-6
-133.761564	-5.086263E-6
-133.740940	-3.735224E-6
-133.720317	-1.748403E-6
-133.699693	-3.973643E-7
-133.679069	1.509984E-6
-133.658446	2.622604E-6
-133.637822	3.894170E-6
-133.617198	5.165736E-6
-133.596575	5.086263E-6
-133.575951	5.483627E-6
-133.555327	5.324682E-6
-133.534704	5.006790E-6
-133.514080	5.245209E-6
-133.493457	3.814697E-6
-133.472833	1.271566E-6
-133.452209	-8.742015E-7
-133.431586	-2.463659E-6
-133.410962	-4.212062E-6
-133.390338	-5.563100E-6
-133.369715	-6.596247E-6
-133.349091	-8.583069E-6
-133.328467	-9.457270E-6
-133.307844	-1.033147E-5
-133.287220	-1.088778E-5
-133.266596	-9.934107E-6
-133.245973	-9.139379E-6
-133.225349	-7.947286E-6
-133.204726	-6.357829E-6
-133.184102	-5.245209E-6
-133.163478	-3.178914E-6
-133.142855	-1.271566E-6
-133.122231	6.357829E-7
-133.101607	1.748403E-6
-133.080984	2.066294E-6
-133.060360	1.986821E-6
-133.039736	3.099442E-6
-133.019113	2.940496E-6
-132.998489	2.702077E-6
-132.977866	2.225240E-6
-132.957242	2.225240E-6
-132.936618	1.668930E-6
-132.915995	1.033147E-6
-132.895371	4.768372E-7
-132.874747	-6.357829E-7
-132.854124	-1.589457E-6
-132.833500	-1.827876E-6
-132.812876	-3.496806E-6
-132.792253	-3.973643E-6
-132.771629	-4.212062E-6
-132.751006	-4.609426E-6
-132.730382	-4.609426E-6
-132.709758	-3.814697E-6
-132.689135	-2.861023E-6
-132.668511	-2.145767E-6
-132.647887	-1.589457E-6
-132.627264	-8.742015E-7
-132.606640	7.947286E-8
-132.586016	1.748403E-6
-132.565393	3.496806E-6
-132.544769	5.960464E-6
-132.524145	7.311503E-6
-132.503522	8.344650E-6
-132.482898	9.059906E-6
-132.462275	9.059906E-6
-132.441651	9.695689E-6
-132.421027	9.457270E-6
-132.400404	8.026759E-6
-132.379780	6.198883E-6
-132.359156	5.642573E-6
-132.338533	4.688899E-6
-132.317909	3.178914E-6
-132.297285	7.152557E-7
-132.276662	-7.947286E-7
-132.256038	-2.543132E-6
-132.235415	-4.291534E-6
-132.214791	-5.404154E-6
-132.194167	-6.914139E-6
-132.173544	-6.993612E-6
-132.152920	-6.039937E-6
-132.132296	-5.483627E-6
-132.111673	-4.450480E-6
-132.091049	-2.384186E-6
-132.070425	-8.742015E-7
-132.049802	1.192093E-6
-132.029178	3.576279E-6
-132.008555	6.914139E-6
-131.987931	9.457270E-6
-131.967307	1.160304E-5
-131.946684	1.279513E-5
-131.926060	1.406670E-5
-131.905436	1.422564E-5
-131.884813	1.358986E-5
-131.864189	1.351039E-5
-131.843565	1.358986E-5
-131.822942	1.247724E-5
-131.802318	1.136462E-5
-131.781695	9.775162E-6
-131.761071	8.185705E-6
-131.740447	5.801519E-6
-131.719824	3.655752E-6
-131.699200	1.827876E-6
-131.678576	4.768372E-7
-131.657953	-2.066294E-6
-131.637329	-4.847844E-6
-131.616705	-6.278356E-6
-131.596082	-6.675720E-6
-131.575458	-7.867813E-6
-131.554834	-8.106232E-6
-131.534211	-7.470449E-6
-131.513587	-8.424123E-6
-131.492964	-9.059906E-6
-131.472340	-8.185705E-6
-131.451716	-8.185705E-6
-131.431093	-7.947286E-6
-131.410469	-6.278356E-6
-131.389845	-4.609426E-6
-131.369222	-1.907349E-6
-131.348598	5.563100E-7
-131.327974	9.536743E-7
-131.307351	1.907349E-6
-131.286727	2.781550E-6
-131.266104	3.258387E-6
-131.245480	4.053116E-6
-131.224856	4.768372E-6
-131.204233	5.245209E-6
-131.183609	4.291534E-6
-131.162985	3.894170E-6
-131.142362	2.781550E-6
-131.121738	7.947286E-7
-131.101114	-1.509984E-6
-131.080491	-3.655752E-6
-131.059867	-5.324682E-6
-131.039244	-7.470449E-6
-131.018620	-9.616216E-6
-130.997996	-1.184146E-5
-130.977373	-1.295408E-5
-130.956749	-1.446406E-5
-130.936125	-1.533826E-5
-130.915502	-1.621246E-5
-130.894878	-1.676877E-5
-130.874254	-1.684825E-5
-130.853631	-1.581510E-5
-130.833007	-1.565615E-5
-130.812383	-1.573563E-5
-130.791760	-1.549721E-5
-130.771136	-1.446406E-5
-130.750513	-1.279513E-5
-130.729889	-1.112620E-5
-130.709265	-9.854635E-6
-130.688642	-7.867813E-6
-130.668018	-5.960464E-6
-130.647394	-5.880992E-6
-130.626771	-5.801519E-6
-130.606147	-4.768372E-6
-130.585523	-4.291534E-6
-130.564900	-5.563100E-6
-130.544276	-6.278356E-6
-130.523653	-6.516774E-6
-130.503029	-8.026759E-6
-130.482405	-9.298325E-6
-130.461782	-1.207987E-5
-130.441158	-1.430511E-5
-130.420534	-1.589457E-5
-130.399911	-1.748403E-5
-130.379287	-1.899401E-5
-130.358663	-1.978874E-5
-130.338040	-1.978874E-5
-130.317416	-1.804034E-5
-130.296793	-1.692772E-5
-130.276169	-1.541773E-5
-130.255545	-1.287460E-5
-130.234922	-1.056989E-5
-130.214298	-8.026759E-6
-130.193674	-6.039937E-6
-130.173051	-3.973643E-6
-130.152427	-2.384186E-6
-130.131803	-2.543132E-6
-130.111180	-4.053116E-6
-130.090556	-6.914139E-6
-130.069932	-1.303355E-5
-130.049309	-2.050400E-5
-130.028685	-2.876918E-5
-130.008062	-3.918012E-5
-129.987438	-5.118052E-5
-129.966814	-6.294250E-5
-129.946191	-7.565816E-5
-129.925567	-8.829435E-5
-129.904943	-0.000100
-129.884320	-0.000112
-129.863696	-0.000121
-129.843072	-0.000127
-129.822449	-0.000130
-129.801825	-0.000130
-129.781202	-0.000126
-129.760578	-0.000119
-129.739954	-0.000108
-129.719331	-9.346008E-5
-129.698707	-7.510185E-5
-129.678083	-5.483627E-5
-129.657460	-3.353755E-5
-129.636836	-1.088778E-5
-129.616212	1.319249E-5
-129.595589	3.957748E-5
-129.574965	6.397565E-5
-129.554342	8.614858E-5
-129.533718	0.000109
-129.513094	0.000128
-129.492471	0.000146
-129.471847	0.000161
-129.451223	0.000170
-129.430600	0.000177
-129.409976	0.000180
-129.389352	0.000180
-129.368729	0.000177
-129.348105	0.000171
-129.327481	0.000163
-129.306858	0.000153
-129.286234	0.000142
-129.265611	0.000129
-129.244987	0.000115
-129.224363	0.000100
-129.203740	8.575122E-5
-129.183116	7.247925E-5
-129.162492	5.992254E-5
-129.141869	4.704793E-5
-129.121245	3.592173E-5
-129.100621	2.646446E-5
-129.079998	1.788139E-5
-129.059374	9.139379E-6
-129.038751	1.430511E-6
-129.018127	-6.516774E-6
-128.997503	-1.207987E-5
-128.976880	-1.668930E-5
-128.956256	-2.098083E-5
-128.935632	-2.447764E-5
-128.915009	-2.662341E-5
-128.894385	-2.996127E-5
-128.873761	-3.250440E-5
-128.853138	-3.329913E-5
-128.832514	-3.321966E-5
-128.811891	-3.393491E-5
-128.791267	-3.457069E-5
-128.770643	-3.480911E-5
-128.750020	-3.496806E-5
-128.729396	-3.457069E-5
-128.708772	-3.393491E-5
-128.688149	-3.385544E-5
-128.667525	-3.369649E-5
-128.646901	-3.329913E-5
-128.626278	-3.361702E-5
-128.605654	-3.441175E-5
-128.585030	-3.520648E-5
-128.564407	-3.663699E-5
-128.543783	-3.886223E-5
-128.523160	-4.204114E-5
-128.502536	-4.514058E-5
-128.481912	-4.704793E-5
-128.461289	-5.086263E-5
-128.440665	-5.388260E-5
-128.420041	-5.777677E-5
-128.399418	-6.143252E-5
-128.378794	-6.341934E-5
-128.358170	-6.437302E-5
-128.337547	-6.461143E-5
-128.316923	-6.254514E-5
-128.296300	-5.976359E-5
-128.275676	-5.571047E-5
-128.255052	-5.269051E-5
-128.234429	-4.680951E-5
-128.213805	-3.965696E-5
-128.193181	-3.131231E-5
-128.172558	-2.272924E-5
-128.151934	-1.239777E-5
-128.131310	-3.894170E-6
-128.110687	6.119410E-6
-128.090063	1.422564E-5
-128.069440	2.209345E-5
-128.048816	2.932549E-5
-128.028192	3.687541E-5
-128.007569	4.386902E-5
-127.986945	4.919370E-5
-127.966321	5.308787E-5
-127.945698	5.618731E-5
-127.925074	5.801519E-5
-127.904450	5.809466E-5
-127.883827	5.777677E-5
-127.863203	5.761782E-5
-127.842579	5.650520E-5
-127.821956	5.427996E-5
-127.801332	5.237261E-5
-127.780709	4.951159E-5
-127.760085	4.633268E-5
-127.739461	4.220009E-5
-127.718838	3.751119E-5
-127.698214	3.274282E-5
-127.677590	2.829234E-5
-127.656967	2.368291E-5
-127.636343	1.955032E-5
-127.615719	1.557668E-5
-127.595096	1.215935E-5
-127.574472	8.662542E-6
-127.553849	4.768372E-6
-127.533225	-7.947286E-8
-127.512601	-3.655752E-6
-127.491978	-6.198883E-6
-127.471354	-9.377797E-6
-127.450730	-1.223882E-5
-127.430107	-1.414617E-5
-127.409483	-1.660983E-5
-127.388859	-1.827876E-5
-127.368236	-1.811981E-5
-127.347612	-1.875559E-5
-127.326989	-1.947085E-5
-127.306365	-1.907349E-5
-127.285741	-1.923243E-5
-127.265118	-1.804034E-5
-127.244494	-1.708666E-5
-127.223870	-1.549721E-5
-127.203247	-1.470248E-5
-127.182623	-1.343091E-5
-127.161999	-1.176198E-5
-127.141376	-9.616216E-6
-127.120752	-8.583069E-6
-127.100128	-8.185705E-6
-127.079505	-8.424123E-6
-127.058881	-7.947286E-6
-127.038258	-7.867813E-6
-127.017634	-8.900960E-6
-126.997010	-8.821487E-6
-126.976387	-9.457270E-6
-126.955763	-8.821487E-6
-126.935139	-9.218852E-6
-126.914516	-9.854635E-6
-126.893892	-1.009305E-5
-126.873268	-1.001358E-5
-126.852645	-1.033147E-5
-126.832021	-9.775162E-6
-126.811398	-8.980433E-6
-126.790774	-7.390976E-6
-126.770150	-5.722046E-6
-126.749527	-3.973643E-6
-126.728903	-2.622604E-6
-126.708279	-7.947286E-7
-126.687656	9.536743E-7
-126.667032	2.463659E-6
-126.646408	4.450480E-6
-126.625785	6.039937E-6
-126.605161	6.596247E-6
-126.584538	6.357829E-6
-126.563914	5.722046E-6
-126.543290	5.563100E-6
-126.522667	5.563100E-6
-126.502043	4.609426E-6
-126.481419	3.496806E-6
-126.460796	2.781550E-6
-126.440172	1.827876E-6
-126.419548	-1.589457E-7
-126.398925	-1.192093E-6
-126.378301	-2.781550E-6
-126.357678	-3.496806E-6
-126.337054	-4.688899E-6
-126.316430	-6.675720E-6
-126.295807	-8.026759E-6
-126.275183	-7.390976E-6
-126.254559	-9.059906E-6
-126.233936	-9.218852E-6
-126.213312	-8.980433E-6
-126.192688	-9.139379E-6
-126.172065	-7.788340E-6
-126.151441	-6.834666E-6
-126.130817	-5.801519E-6
-126.110194	-5.006790E-6
-126.089570	-3.894170E-6
-126.068947	-1.668930E-6
-126.048323	0.000000
-126.027699	1.271566E-6
-126.007076	2.543132E-6
-125.986452	3.973643E-6
-125.965828	5.086263E-6
-125.945205	6.516774E-6
-125.924581	8.265177E-6
-125.903957	9.457270E-6
-125.883334	9.059906E-6
-125.862710	8.503596E-6
-125.842087	8.662542E-6
-125.821463	8.344650E-6
-125.800839	7.947286E-6
-125.780216	7.549922E-6
-125.759592	7.629395E-6
-125.738968	7.152557E-6
-125.718345	6.119410E-6
-125.697721	5.960464E-6
-125.677097	5.404154E-6
-125.656474	4.927317E-6
-125.635850	3.178914E-6
-125.615227	2.781550E-6
-125.594603	2.225240E-6
-125.573979	9.536743E-7
-125.553356	7.947286E-8
-125.532732	-5.563100E-7
-125.512108	-2.304713E-6
-125.491485	-2.463659E-6
-125.470861	-2.622604E-6
-125.450237	-3.337860E-6
-125.429614	-3.814697E-6
-125.408990	-3.655752E-6
-125.388366	-3.894170E-6
-125.367743	-3.178914E-6
-125.347119	-2.066294E-6
-125.326496	-1.112620E-6
-125.305872	-3.973643E-7
-125.285248	0.000000
-125.264625	9.536743E-7
-125.244001	1.748403E-6
-125.223377	1.986821E-6
-125.202754	1.986821E-6
-125.182130	1.907349E-6
-125.161506	1.589457E-6
-125.140883	1.351039E-6
-125.120259	1.509984E-6
-125.099636	1.748403E-6
-125.079012	1.351039E-6
-125.058388	1.192093E-6
-125.037765	1.112620E-6
-125.017141	2.066294E-6
-124.996517	2.861023E-6
-124.975894	3.576279E-6
-124.955270	5.006790E-6
-124.934646	6.516774E-6
-124.914023	8.742015E-6
-124.893399	1.128515E-5
-124.872776	1.343091E-5
-124.852152	1.533826E-5
-124.831528	1.605352E-5
-124.810905	1.645088E-5
-124.790281	1.684825E-5
-124.769657	1.708666E-5
-124.749034	1.637141E-5
-124.728410	1.470248E-5
-124.707786	1.255671E-5
-124.687163	1.064936E-5
-124.666539	7.629395E-6
-124.645915	5.006790E-6
-124.625292	1.827876E-6
-124.604668	-1.748403E-6
-124.584045	-3.655752E-6
-124.563421	-7.073085E-6
-124.542797	-9.854635E-6
-124.522174	-1.215935E-5
-124.501550	-1.446406E-5
-124.480926	-1.589457E-5
-124.460303	-1.732508E-5
-124.439679	-1.883507E-5
-124.419055	-1.978874E-5
-124.398432	-2.010663E-5
-124.377808	-1.939138E-5
-124.357185	-1.835823E-5
-124.336561	-1.700719E-5
-124.315937	-1.478195E-5
-124.295314	-1.263618E-5
-124.274690	-9.616216E-6
-124.254066	-6.755193E-6
-124.233443	-2.145767E-6
-124.212819	1.668930E-6
-124.192195	5.404154E-6
-124.171572	9.218852E-6
-124.150948	1.295408E-5
-124.130325	1.581510E-5
-124.109701	1.748403E-5
-124.089077	1.827876E-5
-124.068454	1.788139E-5
-124.047830	1.684825E-5
-124.027206	1.509984E-5
-124.006583	1.160304E-5
-123.985959	7.232030E-6
-123.965335	3.178914E-6
-123.944712	-1.509984E-6
-123.924088	-5.642573E-6
-123.903464	-9.377797E-6
-123.882841	-1.303355E-5
-123.862217	-1.724561E-5
-123.841594	-2.129873E-5
-123.820970	-2.368291E-5
-123.800346	-2.519290E-5
-123.779723	-2.741814E-5
-123.759099	-2.940496E-5
-123.738475	-2.876918E-5
-123.717852	-2.813339E-5
-123.697228	-2.725919E-5
-123.676604	-2.638499E-5
-123.655981	-2.487501E-5
-123.635357	-2.288818E-5
-123.614734	-2.018611E-5
-123.594110	-1.843770E-5
-123.573486	-1.478195E-5
-123.552863	-1.200040E-5
-123.532239	-1.041094E-5
-123.511615	-8.424123E-6
-123.490992	-6.596247E-6
-123.470368	-4.847844E-6
-123.449744	-3.178914E-6
-123.429121	-1.668930E-6
-123.408497	3.178914E-7
-123.387874	1.668930E-6
-123.367250	1.589457E-6
-123.346626	1.827876E-6
-123.326003	1.748403E-6
-123.305379	2.384186E-6
-123.284755	2.225240E-6
-123.264132	2.225240E-6
-123.243508	2.622604E-6
-123.222884	2.066294E-6
-123.202261	2.225240E-6
-123.181637	2.702077E-6
-123.161013	2.384186E-6
-123.140390	2.781550E-6
-123.119766	2.304713E-6
-123.099143	2.702077E-6
-123.078519	3.496806E-6
-123.057895	3.894170E-6
-123.037272	3.655752E-6
-123.016648	3.655752E-6
-122.996024	3.973643E-6
-122.975401	4.450480E-6
-122.954777	4.450480E-6
-122.934153	3.814697E-6
-122.913530	3.099442E-6
-122.892906	1.986821E-6
-122.872283	1.907349E-6
-122.851659	5.563100E-7
-122.831035	-1.271566E-6
-122.810412	-2.145767E-6
-122.789788	-2.781550E-6
-122.769164	-3.655752E-6
-122.748541	-4.291534E-6
-122.727917	-4.529953E-6
-122.707293	-5.006790E-6
-122.686670	-4.609426E-6
-122.666046	-4.609426E-6
-122.645423	-3.735224E-6
-122.624799	-2.543132E-6
-122.604175	-3.973643E-7
-122.583552	-1.589457E-7
-122.562928	-2.384186E-7
-122.542304	7.152557E-7
-122.521681	1.986821E-6
-122.501057	2.622604E-6
-122.480433	3.417333E-6
-122.459810	4.053116E-6
-122.439186	5.563100E-6
-122.418562	5.483627E-6
-122.397939	7.311503E-6
-122.377315	7.708867E-6
-122.356692	8.503596E-6
-122.336068	1.001358E-5
-122.315444	1.049042E-5
-122.294821	1.056989E-5
-122.274197	9.934107E-6
-122.253573	8.821487E-6
-122.232950	8.424123E-6
-122.212326	8.185705E-6
-122.191702	7.311503E-6
-122.171079	6.675720E-6
-122.150455	6.357829E-6
-122.129832	5.563100E-6
-122.109208	4.688899E-6
-122.088584	4.688899E-6
-122.067961	4.529953E-6
-122.047337	4.371007E-6
-122.026713	3.894170E-6
-122.006090	4.132589E-6
-121.985466	5.006790E-6
-121.964842	5.324682E-6
-121.944219	6.357829E-6
-121.923595	6.834666E-6
-121.902972	7.152557E-6
-121.882348	8.185705E-6
-121.861724	9.139379E-6
-121.841101	1.041094E-5
-121.820477	1.128515E-5
-121.799853	1.160304E-5
-121.779230	1.033147E-5
-121.758606	1.009305E-5
-121.737982	1.072884E-5
-121.717359	1.112620E-5
-121.696735	1.088778E-5
-121.676111	1.064936E-5
-121.655488	1.049042E-5
-121.634864	1.041094E-5
-121.614241	1.080831E-5
-121.593617	1.136462E-5
-121.572993	1.215935E-5
-121.552370	1.374880E-5
-121.531746	1.438459E-5
-121.511122	1.581510E-5
-121.490499	1.804034E-5
-121.469875	1.891454E-5
-121.449251	1.994769E-5
-121.428628	2.090136E-5
-121.408004	2.098083E-5
-121.387381	2.082189E-5
-121.366757	2.082189E-5
-121.346133	2.018611E-5
-121.325510	1.962980E-5
-121.304886	1.939138E-5
-121.284262	1.867612E-5
-121.263639	1.708666E-5
-121.243015	1.668930E-5
-121.222391	1.525879E-5
-121.201768	1.446406E-5
-121.181144	1.351039E-5
-121.160521	1.279513E-5
-121.139897	1.223882E-5
-121.119273	1.056989E-5
-121.098650	9.616216E-6
-121.078026	8.662542E-6
-121.057402	7.152557E-6
-121.036779	6.437302E-6
-121.016155	4.688899E-6
-120.995531	3.496806E-6
-120.974908	2.702077E-6
-120.954284	1.192093E-6
-120.933661	1.192093E-6
-120.913037	6.357829E-7
-120.892413	-4.768372E-7
-120.871790	-1.430511E-6
-120.851166	-3.019969E-6
-120.830542	-3.973643E-6
-120.809919	-4.768372E-6
-120.789295	-5.563100E-6
-120.768671	-6.198883E-6
-120.748048	-6.357829E-6
-120.727424	-6.596247E-6
-120.706800	-6.596247E-6
-120.686177	-6.119410E-6
-120.665553	-6.675720E-6
-120.644930	-7.788340E-6
-120.624306	-9.059906E-6
-120.603682	-8.900960E-6
-120.583059	-8.980433E-6
-120.562435	-9.377797E-6
-120.541811	-1.112620E-5
-120.521188	-1.247724E-5
-120.500564	-1.358986E-5
-120.479940	-1.494090E-5
-120.459317	-1.692772E-5
-120.438693	-1.955032E-5
-120.418070	-2.137820E-5
-120.397446	-2.352397E-5
-120.376822	-2.630552E-5
-120.356199	-2.868970E-5
-120.335575	-3.043811E-5
-120.314951	-3.298124E-5
-120.294328	-3.600121E-5
-120.273704	-3.862381E-5
-120.253080	-3.965696E-5
-120.232457	-4.076958E-5
-120.211833	-4.164378E-5
-120.191210	-4.156431E-5
-120.170586	-4.084905E-5
-120.149962	-4.029274E-5
-120.129339	-4.029274E-5
-120.108715	-3.965696E-5
-120.088091	-3.886223E-5
-120.067468	-3.782908E-5
-120.046844	-3.647804E-5
-120.026220	-3.449122E-5
-120.005597	-3.306071E-5
-119.984973	-3.170967E-5
-119.964349	-3.043811E-5
-119.943726	-2.956390E-5
-119.923102	-2.940496E-5
-119.902479	-2.940496E-5
-119.881855	-2.972285E-5
-119.861231	-3.035863E-5
-119.840608	-3.306071E-5
-119.819984	-3.623962E-5
-119.799360	-3.751119E-5
-119.778737	-4.021327E-5
-119.758113	-4.267693E-5
-119.737489	-4.490217E-5
-119.716866	-4.728635E-5
-119.696242	-4.704793E-5
-119.675619	-4.641215E-5
-119.654995	-4.545848E-5
-119.634371	-4.275640E-5
-119.613748	-3.918012E-5
-119.593124	-3.631910E-5
-119.572500	-3.306071E-5
-119.551877	-2.900759E-5
-119.531253	-2.813339E-5
-119.510629	-2.964338E-5
-119.490006	-3.480911E-5
-119.469382	-4.410744E-5
-119.448759	-5.745888E-5
-119.428135	-7.470449E-5
-119.407511	-0.000102
-119.386888	-0.000132
-119.366264	-0.000167
-119.345640	-0.000206
-119.325017	-0.000244
-119.304393	-0.000283
-119.283769	-0.000324
-119.263146	-0.000361
-119.242522	-0.000392
-119.221898	-0.000414
-119.201275	-0.000426
-119.180651	-0.000428
-119.160028	-0.000422
-119.139404	-0.000401
-119.118780	-0.000363
-119.098157	-0.000314
-119.077533	-0.000254
-119.056909	-0.000184
-119.036286	-0.000109
-119.015662	-3.099442E-5
-118.995038	5.022685E-5
-118.974415	0.000131
-118.953791	0.000216
-118.933168	0.000297
-118.912544	0.000374
-118.891920	0.000441
-118.871297	0.000500
-118.850673	0.000548
-118.830049	0.000583
-118.809426	0.000604
-118.788802	0.000615
-118.768178	0.000614
-118.747555	0.000607
-118.726931	0.000593
-118.706308	0.000566
-118.685684	0.000529
-118.665060	0.000487
-118.644437	0.000442
-118.623813	0.000394
-118.603189	0.000349
-118.582566	0.000303
-118.561942	0.000258
-118.541318	0.000215
-118.520695	0.000173
-118.500071	0.000133
-118.479447	9.385745E-5
-118.458824	5.833308E-5
-118.438200	2.741814E-5
-118.417577	3.973643E-7
-118.396953	-2.741814E-5
-118.376329	-4.887581E-5
-118.355706	-6.635984E-5
-118.335082	-8.026759E-5
-118.314458	-9.242694E-5
-118.293835	-0.000101
-118.273211	-0.000108
-118.252587	-0.000113
-118.231964	-0.000118
-118.211340	-0.000120
-118.190717	-0.000121
-118.170093	-0.000121
-118.149469	-0.000119
-118.128846	-0.000118
-118.108222	-0.000116
-118.087598	-0.000112
-118.066975	-0.000108
-118.046351	-0.000104
-118.025727	-9.830793E-5
-118.005104	-9.401639E-5
-117.984480	-8.916855E-5
-117.963857	-8.408229E-5
-117.943233	-7.867813E-5
-117.922609	-7.446607E-5
-117.901986	-7.057190E-5
-117.881362	-6.651878E-5
-117.860738	-6.310145E-5
-117.840115	-5.912781E-5
-117.819491	-5.555153E-5
-117.798867	-5.213420E-5
-117.778244	-4.887581E-5
-117.757620	-4.514058E-5
-117.736996	-4.251798E-5
-117.716373	-3.989538E-5
-117.695749	-3.711383E-5
-117.675126	-3.433228E-5
-117.654502	-3.123283E-5
-117.633878	-2.940496E-5
-117.613255	-2.916654E-5
-117.592631	-2.813339E-5
-117.572007	-2.686183E-5
-117.551384	-2.495448E-5
-117.530760	-2.360344E-5
-117.510136	-2.249082E-5
-117.489513	-2.137820E-5
-117.468889	-2.090136E-5
-117.448266	-2.058347E-5
-117.427642	-1.955032E-5
-117.407018	-1.923243E-5
-117.386395	-1.923243E-5
-117.365771	-1.970927E-5
-117.345147	-1.931190E-5
-117.324524	-1.923243E-5
-117.303900	-1.875559E-5
-117.283276	-1.811981E-5
-117.262653	-1.843770E-5
-117.242029	-1.811981E-5
-117.221406	-1.716614E-5
-117.200782	-1.748403E-5
-117.180158	-1.700719E-5
-117.159535	-1.740456E-5
-117.138911	-1.629194E-5
-117.118287	-1.382828E-5
-117.097664	-1.295408E-5
-117.077040	-1.247724E-5
-117.056416	-1.128515E-5
-117.035793	-8.662542E-6
-117.015169	-6.834666E-6
-116.994545	-4.053116E-6
-116.973922	-1.827876E-6
-116.953298	-1.589457E-7
-116.932675	9.536743E-7
-116.912051	3.655752E-6
-116.891427	5.245209E-6
-116.870804	5.483627E-6
-116.850180	5.642573E-6
-116.829556	6.278356E-6
-116.808933	5.483627E-6
-116.788309	3.735224E-6
-116.767685	3.019969E-6
-116.747062	1.748403E-6
-116.726438	3.178914E-7
-116.705815	-1.192093E-6
-116.685191	-3.099442E-6
-116.664567	-4.927317E-6
-116.643944	-5.404154E-6
-116.623320	-5.880992E-6
-116.602696	-6.516774E-6
-116.582073	-7.152557E-6
-116.561449	-7.470449E-6
-116.540825	-7.311503E-6
-116.520202	-6.357829E-6
-116.499578	-5.801519E-6
-116.478955	-5.483627E-6
-116.458331	-4.132589E-6
-116.437707	-3.735224E-6
-116.417084	-2.940496E-6
-116.396460	-1.907349E-6
-116.375836	-1.509984E-6
-116.355213	-9.536743E-7
-116.334589	-7.947286E-7
-116.313965	-2.384186E-7
-116.293342	2.384186E-7
-116.272718	6.357829E-7
-116.252094	1.271566E-6
-116.231471	2.066294E-6
-116.210847	1.351039E-6
-116.190224	7.947286E-8
-116.169600	-1.112620E-6
-116.148976	-1.033147E-6
-116.128353	-1.907349E-6
-116.107729	-3.258387E-6
-116.087105	-3.576279E-6
-116.066482	-4.291534E-6
-116.045858	-5.165736E-6
-116.025234	-6.119410E-6
-116.004611	-6.437302E-6
-115.983987	-6.437302E-6
-115.963364	-6.755193E-6
-115.942740	-5.960464E-6
-115.922116	-4.847844E-6
-115.901493	-3.894170E-6
-115.880869	-2.384186E-6
-115.860245	-7.947286E-7
-115.839622	1.192093E-6
-115.818998	2.861023E-6
-115.798374	4.927317E-6
-115.777751	6.437302E-6
-115.757127	8.503596E-6
-115.736504	9.377797E-6
-115.715880	1.049042E-5
-115.695256	1.144409E-5
-115.674633	1.160304E-5
-115.654009	1.176198E-5
-115.633385	1.223882E-5
-115.612762	1.112620E-5
-115.592138	9.298325E-6
-115.571514	9.854635E-6
-115.550891	9.377797E-6
-115.530267	8.344650E-6
-115.509644	6.437302E-6
-115.489020	4.847844E-6
-115.468396	4.768372E-6
-115.447773	3.894170E-6
-115.427149	1.748403E-6
-115.406525	6.357829E-7
-115.385902	6.357829E-7
-115.365278	-1.589457E-7
-115.344654	-1.271566E-6
-115.324031	-1.351039E-6
-115.303407	-1.192093E-6
-115.282783	-1.351039E-6
-115.262160	-1.271566E-6
-115.241536	-1.192093E-6
-115.220913	-8.742015E-7
-115.200289	-1.589457E-7
-115.179665	1.192093E-6
-115.159042	1.827876E-6
-115.138418	3.019969E-6
-115.117794	5.563100E-6
-115.097171	8.344650E-6
-115.076547	9.695689E-6
-115.055923	1.056989E-5
-115.035300	1.295408E-5
-115.014676	1.446406E-5
-114.994053	1.478195E-5
-114.973429	1.541773E-5
-114.952805	1.517932E-5
-114.932182	1.478195E-5
-114.911558	1.470248E-5
-114.890934	1.430511E-5
-114.870311	1.311302E-5
-114.849687	1.160304E-5
-114.829063	1.009305E-5
-114.808440	9.139379E-6
-114.787816	7.232030E-6
-114.767193	6.437302E-6
-114.746569	4.768372E-6
-114.725945	3.655752E-6
-114.705322	3.576279E-6
-114.684698	3.814697E-6
-114.664074	3.973643E-6
-114.643451	4.927317E-6
-114.622827	5.245209E-6
-114.602203	5.722046E-6
-114.581580	6.437302E-6
-114.560956	7.311503E-6
-114.540332	7.947286E-6
-114.519709	8.424123E-6
-114.499085	1.009305E-5
-114.478462	1.025200E-5
-114.457838	1.096725E-5
-114.437214	1.207987E-5
-114.416591	1.207987E-5
-114.395967	1.168251E-5
-114.375343	1.239777E-5
-114.354720	1.144409E-5
-114.334096	1.088778E-5
-114.313472	9.695689E-6
-114.292849	7.549922E-6
-114.272225	6.039937E-6
-114.251602	4.768372E-6
-114.230978	3.019969E-6
-114.210354	7.947286E-8
-114.189731	-1.748403E-6
-114.169107	-2.940496E-6
-114.148483	-4.212062E-6
-114.127860	-4.212062E-6
-114.107236	-4.212062E-6
-114.086612	-3.496806E-6
-114.065989	-2.940496E-6
-114.045365	-2.145767E-6
-114.024742	-1.271566E-6
-114.004118	5.563100E-7
-113.983494	3.019969E-6
-113.962871	4.132589E-6
-113.942247	6.198883E-6
-113.921623	8.344650E-6
-113.901000	1.001358E-5
-113.880376	1.041094E-5
-113.859752	9.616216E-6
-113.839129	8.265177E-6
-113.818505	7.470449E-6
-113.797881	5.324682E-6
-113.777258	2.861023E-6
-113.756634	6.357829E-7
-113.736011	-1.748403E-6
-113.715387	-4.847844E-6
-113.694763	-7.470449E-6
-113.674140	-1.025200E-5
-113.653516	-1.255671E-5
-113.632892	-1.406670E-5
-113.612269	-1.573563E-5
-113.591645	-1.573563E-5
-113.571021	-1.605352E-5
-113.550398	-1.613299E-5
-113.529774	-1.637141E-5
-113.509151	-1.637141E-5
-113.488527	-1.660983E-5
-113.467903	-1.637141E-5
-113.447280	-1.525879E-5
-113.426656	-1.430511E-5
-113.406032	-1.279513E-5
-113.385409	-1.112620E-5
-113.364785	-9.536743E-6
-113.344161	-8.742015E-6
-113.323538	-8.106232E-6
-113.302914	-7.867813E-6
-113.282291	-7.470449E-6
-113.261667	-7.549922E-6
-113.241043	-8.503596E-6
-113.220420	-8.980433E-6
-113.199796	-9.457270E-6
-113.179172	-1.001358E-5
-113.158549	-1.056989E-5
-113.137925	-1.128515E-5
-113.117301	-1.223882E-5
-113.096678	-1.255671E-5
-113.076054	-1.414617E-5
-113.055430	-1.494090E-5
-113.034807	-1.700719E-5
-113.014183	-1.780192E-5
-112.993560	-1.740456E-5
-112.972936	-1.764297E-5
-112.952312	-1.851718E-5
-112.931689	-1.780192E-5
-112.911065	-1.692772E-5
-112.890441	-1.549721E-5
-112.869818	-1.454353E-5
-112.849194	-1.287460E-5
-112.828570	-1.112620E-5
-112.807947	-8.980433E-6
-112.787323	-6.834666E-6
-112.766700	-4.688899E-6
-112.746076	-3.178914E-6
-112.725452	-3.258387E-6
-112.704829	-3.337860E-6
-112.684205	-3.894170E-6
-112.663581	-4.688899E-6
-112.642958	-5.642573E-6
-112.622334	-6.834666E-6
-112.601710	-9.139379E-6
-112.581087	-1.200040E-5
-112.560463	-1.430511E-5
-112.539840	-1.684825E-5
-112.519216	-1.939138E-5
-112.498592	-2.145767E-5
-112.477969	-2.368291E-5
-112.457345	-2.503395E-5
-112.436721	-2.598763E-5
-112.416098	-2.670288E-5
-112.395474	-2.630552E-5
-112.374850	-2.527237E-5
-112.354227	-2.280871E-5
-112.333603	-1.970927E-5
-112.312979	-1.621246E-5
-112.292356	-1.136462E-5
-112.271732	-7.390976E-6
-112.251109	-3.019969E-6
-112.230485	3.019969E-6
-112.209861	7.708867E-6
-112.189238	1.271566E-5
-112.168614	1.772245E-5
-112.147990	2.264977E-5
-112.127367	2.630552E-5
-112.106743	2.876918E-5
-112.086119	2.972285E-5
-112.065496	3.019969E-5
-112.044872	3.075600E-5
-112.024249	3.051758E-5
-112.003625	2.940496E-5
-111.983001	2.805392E-5
-111.962378	2.614657E-5
-111.941754	2.455711E-5
-111.921130	2.201398E-5
-111.900507	1.764297E-5
-111.879883	1.406670E-5
-111.859259	1.184146E-5
-111.838636	9.536743E-6
-111.818012	7.470449E-6
-111.797389	4.132589E-6
-111.776765	7.152557E-7
-111.756141	-7.152557E-7
-111.735518	-1.589457E-7
-111.714894	1.589457E-6
-111.694270	3.735224E-6
-111.673647	5.801519E-6
-111.653023	7.708867E-6
-111.632399	1.001358E-5
-111.611776	1.192093E-5
-111.591152	1.454353E-5
-111.570528	1.827876E-5
-111.549905	2.082189E-5
-111.529281	2.288818E-5
-111.508658	2.535184E-5
-111.488034	2.749761E-5
-111.467410	2.956390E-5
-111.446787	3.059705E-5
-111.426163	3.194809E-5
-111.405539	3.250440E-5
-111.384916	3.409386E-5
-111.364292	3.480911E-5
-111.343668	3.480911E-5
-111.323045	3.496806E-5
-111.302421	3.504753E-5
-111.281798	3.449122E-5
-111.261174	3.496806E-5
-111.240550	3.528595E-5
-111.219927	3.472964E-5
-111.199303	3.496806E-5
-111.178679	3.457069E-5
-111.158056	3.465017E-5
-111.137432	3.377597E-5
-111.116808	3.449122E-5
-111.096185	3.520648E-5
-111.075561	3.592173E-5
-111.054938	3.759066E-5
-111.034314	3.854434E-5
-111.013690	4.005432E-5
-110.993067	4.220009E-5
-110.972443	4.251798E-5
-110.951819	4.402796E-5
-110.931196	4.609426E-5
-110.910572	4.760424E-5
-110.889948	4.895528E-5
-110.869325	4.967054E-5
-110.848701	4.943212E-5
-110.828077	4.863739E-5
-110.807454	4.776319E-5
-110.786830	4.744530E-5
-110.766207	4.720688E-5
-110.745583	4.704793E-5
-110.724959	4.458427E-5
-110.704336	4.331271E-5
-110.683712	4.140536E-5
-110.663088	4.037221E-5
-110.642465	3.759066E-5
-110.621841	3.576279E-5
-110.601217	3.600121E-5
-110.580594	3.520648E-5
-110.559970	3.425280E-5
-110.539347	3.480911E-5
-110.518723	3.472964E-5
-110.498099	3.472964E-5
-110.477476	3.512700E-5
-110.456852	3.536542E-5
-110.436228	3.743172E-5
-110.415605	3.806750E-5
-110.394981	3.933907E-5
-110.374357	3.949801E-5
-110.353734	3.878276E-5
-110.333110	3.647804E-5
-110.312487	3.465017E-5
-110.291863	3.218651E-5
-110.271239	2.924601E-5
-110.250616	2.519290E-5
-110.229992	1.867612E-5
-110.209368	1.160304E-5
-110.188745	6.198883E-6
-110.168121	1.589457E-7
-110.147497	-6.198883E-6
-110.126874	-1.382828E-5
-110.106250	-2.090136E-5
-110.085626	-2.773603E-5
-110.065003	-3.472964E-5
-110.044379	-4.108747E-5
-110.023756	-4.601479E-5
-110.003132	-5.030632E-5
-109.982508	-5.491575E-5
-109.961885	-5.833308E-5
-109.941261	-6.175041E-5
-109.920637	-6.453196E-5
-109.900014	-6.794930E-5
-109.879390	-7.247925E-5
-109.858766	-7.621447E-5
-109.838143	-7.915497E-5
-109.817519	-8.241336E-5
-109.796896	-8.606911E-5
-109.776272	-8.988380E-5
-109.755648	-9.385745E-5
-109.735025	-9.592374E-5
-109.714401	-9.862582E-5
-109.693777	-0.000102
-109.673154	-0.000105
-109.652530	-0.000107
-109.631906	-0.000108
-109.611283	-0.000109
-109.590659	-0.000109
-109.570036	-0.000108
-109.549412	-0.000107
-109.528788	-0.000106
-109.508165	-0.000103
-109.487541	-0.000102
-109.466917	-0.000100
-109.446294	-9.814898E-5
-109.425670	-9.727478E-5
-109.405046	-9.520849E-5
-109.384423	-9.425481E-5
-109.363799	-9.512901E-5
-109.343176	-9.592374E-5
-109.322552	-9.679794E-5
-109.301928	-9.846687E-5
-109.281305	-0.000102
-109.260681	-0.000107
-109.240057	-0.000114
-109.219434	-0.000121
-109.198810	-0.000128
-109.178186	-0.000138
-109.157563	-0.000147
-109.136939	-0.000155
-109.116315	-0.000162
-109.095692	-0.000167
-109.075068	-0.000169
-109.054445	-0.000167
-109.033821	-0.000161
-109.013197	-0.000150
-108.992574	-0.000139
-108.971950	-0.000125
-108.951326	-0.000110
-108.930703	-9.878476E-5
-108.910079	-9.290377E-5
-108.889455	-9.600321E-5
-108.868832	-0.000110
-108.848208	-0.000139
-108.827585	-0.000185
-108.806961	-0.000247
-108.786337	-0.000332
-108.765714	-0.000434
-108.745090	-0.000566
-108.724466	-0.000711
-108.703843	-0.000847
-108.683219	-0.000979
-108.662595	-0.001119
-108.641972	-0.001248
-108.621348	-0.001354
-108.600725	-0.001428
-108.580101	-0.001472
-108.559477	-0.001487
-108.538854	-0.001454
-108.518230	-0.001369
-108.497606	-0.001238
-108.476983	-0.001064
-108.456359	-0.000857
-108.435735	-0.000620
-108.415112	-0.000352
-108.394488	-5.793571E-5
-108.373864	0.000230
-108.353241	0.000505
-108.332617	0.000790
-108.311994	0.001086
-108.291370	0.001369
-108.270746	0.001603
-108.250123	0.001789
-108.229499	0.001927
-108.208875	0.002038
-108.188252	0.002109
-108.167628	0.002140
-108.147004	0.002133
-108.126381	0.002094
-108.105757	0.002019
-108.085134	0.001914
-108.064510	0.001788
-108.043886	0.001647
-108.023263	0.001492
-108.002639	0.001328
-107.982015	0.001159
-107.961392	0.000989
-107.940768	0.000831
-107.920144	0.000682
-107.899521	0.000538
-107.878897	0.000401
-107.858274	0.000279
-107.837650	0.000172
-107.817026	7.367134E-5
-107.796403	-1.676877E-5
-107.775779	-9.504954E-5
-107.755155	-0.000163
-107.734532	-0.000222
-107.713908	-0.000270
-107.693284	-0.000307
-107.672661	-0.000336
-107.652037	-0.000360
-107.631413	-0.000378
-107.610790	-0.000389
-107.590166	-0.000395
-107.569543	-0.000397
-107.548919	-0.000395
-107.528295	-0.000390
-107.507672	-0.000384
-107.487048	-0.000376
-107.466424	-0.000367
-107.445801	-0.000357
-107.425177	-0.000343
-107.404553	-0.000330
-107.383930	-0.000316
-107.363306	-0.000302
-107.342683	-0.000288
-107.322059	-0.000275
-107.301435	-0.000261
-107.280812	-0.000248
-107.260188	-0.000237
-107.239564	-0.000223
-107.218941	-0.000212
-107.198317	-0.000201
-107.177693	-0.000191
-107.157070	-0.000182
-107.136446	-0.000172
-107.115823	-0.000164
-107.095199	-0.000155
-107.074575	-0.000145
-107.053952	-0.000136
-107.033328	-0.000129
-107.012704	-0.000122
-106.992081	-0.000116
-106.971457	-0.000110
-106.950833	-0.000103
-106.930210	-9.735425E-5
-106.909586	-9.210904E-5
-106.888962	-8.757909E-5
-106.868339	-8.273125E-5
-106.847715	-7.708867E-5
-106.827092	-7.239978E-5
-106.806468	-6.810824E-5
-106.785844	-6.397565E-5
-106.765221	-6.047885E-5
-106.744597	-5.737940E-5
-106.723973	-5.396207E-5
-106.703350	-5.110105E-5
-106.682726	-4.824003E-5
-106.662102	-4.529953E-5
-106.641479	-4.299482E-5
-106.620855	-4.061063E-5
-106.600232	-3.862381E-5
-106.579608	-3.703435E-5
-106.558984	-3.409386E-5
-106.538361	-3.186862E-5
-106.517737	-3.004074E-5
-106.497113	-2.908707E-5
-106.476490	-2.670288E-5
-106.455866	-2.606710E-5
-106.435242	-2.519290E-5
-106.414619	-2.272924E-5
-106.393995	-2.145767E-5
-106.373372	-1.986821E-5
-106.352748	-1.819928E-5
-106.332124	-1.764297E-5
-106.311501	-1.692772E-5
-106.290877	-1.660983E-5
-106.270253	-1.549721E-5
-106.249630	-1.470248E-5
-106.229006	-1.374880E-5
-106.208382	-1.319249E-5
-106.187759	-1.231829E-5
-106.167135	-1.112620E-5
-106.146511	-1.080831E-5
-106.125888	-1.080831E-5
-106.105264	-1.064936E-5
-106.084641	-9.695689E-6
-106.064017	-9.139379E-6
-106.043393	-9.059906E-6
-106.022770	-7.947286E-6
-106.002146	-7.152557E-6
-105.981522	-7.390976E-6
-105.960899	-6.755193E-6
-105.940275	-5.960464E-6
-105.919651	-5.722046E-6
-105.899028	-5.483627E-6
-105.878404	-5.563100E-6
-105.857781	-5.722046E-6
-105.837157	-5.722046E-6
-105.816533	-5.483627E-6
-105.795910	-4.529953E-6
-105.775286	-4.450480E-6
-105.754662	-4.847844E-6
-105.734039	-4.132589E-6
-105.713415	-3.576279E-6
-105.692791	-3.417333E-6
-105.672168	-3.019969E-6
-105.651544	-3.019969E-6
-105.630921	-3.894170E-6
-105.610297	-3.337860E-6
-105.589673	-3.178914E-6
-105.569050	-2.622604E-6
-105.548426	-2.543132E-6
-105.527802	-2.940496E-6
-105.507179	-2.304713E-6
-105.486555	-2.225240E-6
-105.465931	-2.145767E-6
-105.445308	-2.225240E-6
-105.424684	-2.543132E-6
-105.404060	-2.622604E-6
-105.383437	-2.543132E-6
-105.362813	-2.463659E-6
-105.342190	-2.225240E-6
-105.321566	-2.304713E-6
-105.300942	-1.509984E-6
-105.280319	-1.430511E-6
-105.259695	-1.668930E-6
-105.239071	-1.589457E-6
-105.218448	-1.589457E-6
-105.197824	-1.827876E-6
-105.177200	-2.304713E-6
-105.156577	-1.986821E-6
-105.135953	-1.509984E-6
-105.115330	-1.589457E-6
-105.094706	-1.748403E-6
-105.074082	-1.509984E-6
-105.053459	-1.271566E-6
-105.032835	-1.589457E-6
-105.012211	-2.543132E-6
-104.991588	-1.668930E-6
-104.970964	-1.192093E-6
-104.950340	-6.357829E-7
-104.929717	1.589457E-7
-104.909093	-3.178914E-7
-104.888470	-1.589457E-7
-104.867846	6.357829E-7
-104.847222	2.384186E-7
-104.826599	-1.589457E-7
-104.805975	-5.563100E-7
-104.785351	-2.384186E-7
-104.764728	1.033147E-6
-104.744104	4.768372E-7
-104.723480	7.152557E-7
-104.702857	7.152557E-7
-104.682233	7.152557E-7
-104.661609	1.112620E-6
-104.640986	1.589457E-6
-104.620362	1.907349E-6
-104.599739	1.986821E-6
-104.579115	1.907349E-6
-104.558491	1.986821E-6
-104.537868	2.384186E-6
-104.517244	2.543132E-6
-104.496620	2.066294E-6
-104.475997	1.827876E-6
-104.455373	2.066294E-6
-104.434749	2.384186E-6
-104.414126	2.622604E-6
-104.393502	2.702077E-6
-104.372879	2.384186E-6
-104.352255	2.066294E-6
-104.331631	1.668930E-6
-104.311008	1.986821E-6
-104.290384	2.622604E-6
-104.269760	2.463659E-6
-104.249137	2.781550E-6
-104.228513	2.543132E-6
-104.207889	2.702077E-6
-104.187266	2.384186E-6
-104.166642	2.543132E-6
-104.146019	2.940496E-6
-104.125395	1.668930E-6
-104.104771	2.384186E-6
-104.084148	2.622604E-6
-104.063524	1.986821E-6
-104.042900	1.827876E-6
-104.022277	2.145767E-6
-104.001653	2.225240E-6
-103.981029	1.589457E-6
-103.960406	1.112620E-6
-103.939782	1.192093E-6
-103.919159	1.827876E-6
-103.898535	1.907349E-6
-103.877911	1.668930E-6
-103.857288	1.509984E-6
-103.836664	1.271566E-6
-103.816040	9.536743E-7
-103.795417	7.152557E-7
-103.774793	1.271566E-6
-103.754169	8.742015E-7
-103.733546	7.152557E-7
-103.712922	8.742015E-7
-103.692298	7.947286E-7
-103.671675	6.357829E-7
-103.651051	1.589457E-7
-103.630428	9.536743E-7
-103.609804	1.112620E-6
-103.589180	8.742015E-7
-103.568557	6.357829E-7
-103.547933	1.112620E-6
-103.527309	1.430511E-6
-103.506686	1.509984E-6
-103.486062	1.668930E-6
-103.465438	1.430511E-6
-103.444815	8.742015E-7
-103.424191	7.152557E-7
-103.403568	3.178914E-7
-103.382944	4.768372E-7
-103.362320	9.536743E-7
-103.341697	3.178914E-7
-103.321073	5.563100E-7
-103.300449	1.430511E-6
-103.279826	1.192093E-6
-103.259202	1.271566E-6
-103.238578	1.033147E-6
-103.217955	3.973643E-7
-103.197331	6.357829E-7
-103.176708	7.152557E-7
-103.156084	8.742015E-7
-103.135460	7.152557E-7
-103.114837	1.589457E-7
-103.094213	7.947286E-8
-103.073589	-3.178914E-7
-103.052966	3.973643E-7
-103.032342	9.536743E-7
-103.011718	1.192093E-6
-102.991095	1.351039E-6
-102.970471	7.947286E-7
-102.949847	8.742015E-7
-102.929224	-3.178914E-7
-102.908600	-7.152557E-7
-102.887977	-1.589457E-7
-102.867353	3.973643E-7
-102.846729	-2.384186E-7
-102.826106	-3.178914E-7
-102.805482	3.973643E-7
-102.784858	1.112620E-6
-102.764235	7.947286E-8
-102.743611	-5.563100E-7
-102.722987	-7.152557E-7
-102.702364	-1.033147E-6
-102.681740	-2.384186E-7
-102.661117	1.589457E-7
-102.640493	8.742015E-7
-102.619869	6.357829E-7
-102.599246	-1.589457E-7
-102.578622	-3.178914E-7
-102.557998	-7.947286E-8
-102.537375	-3.178914E-7
-102.516751	-5.563100E-7
-102.496127	-1.271566E-6
-102.475504	-1.430511E-6
-102.454880	-1.351039E-6
-102.434257	-7.947286E-7
-102.413633	7.947286E-8
-102.393009	8.742015E-7
-102.372386	3.178914E-7
-102.351762	-7.947286E-8
-102.331138	0.000000
-102.310515	-2.384186E-7
-102.289891	-7.152557E-7
-102.269267	-5.563100E-7
-102.248644	-1.589457E-7
-102.228020	-7.947286E-8
-102.207396	2.384186E-7
-102.186773	-5.563100E-7
-102.166149	-4.768372E-7
-102.145526	1.589457E-7
-102.124902	-3.178914E-7
-102.104278	-7.947286E-8
-102.083655	-5.563100E-7
-102.063031	-1.271566E-6
-102.042407	-7.152557E-7
-102.021784	-3.973643E-7
-102.001160	-3.178914E-7
-101.980536	-1.589457E-7
-101.959913	0.000000
-101.939289	-6.357829E-7
-101.918666	-9.536743E-7
-101.898042	-9.536743E-7
-101.877418	-1.112620E-6
-101.856795	-7.152557E-7
-101.836171	2.384186E-7
-101.815547	0.000000
-101.794924	0.000000
-101.774300	-2.384186E-7
-101.753676	-7.152557E-7
-101.733053	-6.357829E-7
-101.712429	-1.192093E-6
-101.691806	-1.192093E-6
-101.671182	-1.509984E-6
-101.650558	-8.742015E-7
-101.629935	-6.357829E-7
-101.609311	-6.357829E-7
-101.588687	-3.178914E-7
-101.568064	-5.563100E-7
-101.547440	-4.768372E-7
-101.526816	7.947286E-8
-101.506193	-3.973643E-7
-101.485569	-1.351039E-6
-101.464945	-1.827876E-6
-101.444322	-1.033147E-6
-101.423698	-5.563100E-7
-101.403075	-5.563100E-7
-101.382451	-2.384186E-7
-101.361827	-5.563100E-7
-101.341204	-7.152557E-7
-101.320580	-6.357829E-7
-101.299956	0.000000
-101.279333	-3.178914E-7
-101.258709	1.589457E-7
-101.238085	2.384186E-7
-101.217462	-6.357829E-7
-101.196838	-7.152557E-7
-101.176215	-5.563100E-7
-101.155591	-6.357829E-7
-101.134967	-6.357829E-7
-101.114344	-5.563100E-7
-101.093720	-8.742015E-7
-101.073096	-7.947286E-7
-101.052473	0.000000
-101.031849	3.973643E-7
-101.011225	3.178914E-7
-100.990602	-3.973643E-7
-100.969978	-1.271566E-6
-100.949355	-7.947286E-8
-100.928731	3.178914E-7
-100.908107	-2.384186E-7
-100.887484	7.947286E-8
-100.866860	-7.947286E-8
-100.846236	5.563100E-7
-100.825613	-2.384186E-7
-100.804989	-2.384186E-7
-100.784365	2.384186E-7
-100.763742	4.768372E-7
-100.743118	1.589457E-7
-100.722494	-2.384186E-7
-100.701871	1.589457E-7
-100.681247	0.000000
-100.660624	-3.973643E-7
-100.640000	5.563100E-7
-100.619376	3.178914E-7
-100.598753	-5.563100E-7
-100.578129	-3.973643E-7
-100.557505	2.384186E-7
-100.536882	7.947286E-7
-100.516258	-3.178914E-7
-100.495634	3.178914E-7
-100.475011	1.589457E-7
-100.454387	-3.973643E-7
-100.433764	7.947286E-8
-100.413140	-7.947286E-8
-100.392516	-7.947286E-8
-100.371893	4.768372E-7
-100.351269	0.000000
-100.330645	-3.973643E-7
-100.310022	-8.742015E-7
-100.289398	-7.947286E-8
-100.268774	-1.589457E-7
-100.248151	1.589457E-7
-100.227527	7.947286E-8
-100.206904	-4.768372E-7
-100.186280	-3.973643E-7
-100.165656	-3.973643E-7
-100.145033	-4.768372E-7
-100.124409	-6.357829E-7
-100.103785	2.384186E-7
-100.083162	2.384186E-7
-100.062538	-4.768372E-7
-100.041914	-7.947286E-8
-100.021291	-7.152557E-7
