-143.000954	3.019969E-6
-142.980330	3.099442E-6
-142.959707	2.463659E-6
-142.939083	1.986821E-6
-142.918459	1.748403E-6
-142.897836	1.430511E-6
-142.877212	1.430511E-6
-142.856589	1.430511E-6
-142.835965	1.907349E-6
-142.815341	2.463659E-6
-142.794718	1.271566E-6
-142.774094	1.271566E-6
-142.753470	1.748403E-6
-142.732847	2.463659E-6
-142.712223	2.702077E-6
-142.691599	2.861023E-6
-142.670976	3.258387E-6
-142.650352	2.702077E-6
-142.629729	1.986821E-6
-142.609105	2.384186E-6
-142.588481	2.145767E-6
-142.567858	8.742015E-7
-142.547234	-1.589457E-7
-142.526610	-1.589457E-7
-142.505987	1.589457E-7
-142.485363	-2.384186E-7
-142.464739	-9.536743E-7
-142.444116	-5.563100E-7
-142.423492	0.000000
-142.402868	0.000000
-142.382245	9.536743E-7
-142.361621	1.192093E-6
-142.340998	1.430511E-6
-142.320374	1.907349E-6
-142.299750	2.463659E-6
-142.279127	2.861023E-6
-142.258503	3.814697E-6
-142.237879	3.973643E-6
-142.217256	4.053116E-6
-142.196632	4.371007E-6
-142.176008	4.927317E-6
-142.155385	5.086263E-6
-142.134761	4.609426E-6
-142.114138	2.781550E-6
-142.093514	2.304713E-6
-142.072890	1.986821E-6
-142.052267	3.973643E-7
-142.031643	2.384186E-7
-142.011019	1.589457E-7
-141.990396	-1.589457E-7
-141.969772	5.563100E-7
-141.949148	7.947286E-7
-141.928525	1.271566E-6
-141.907901	1.033147E-6
-141.887278	2.384186E-6
-141.866654	2.702077E-6
-141.846030	3.735224E-6
-141.825407	4.291534E-6
-141.804783	3.894170E-6
-141.784159	3.576279E-6
-141.763536	2.781550E-6
-141.742912	1.589457E-6
-141.722288	1.192093E-6
-141.701665	1.112620E-6
-141.681041	1.589457E-7
-141.660417	-8.742015E-7
-141.639794	-2.781550E-6
-141.619170	-3.814697E-6
-141.598547	-4.609426E-6
-141.577923	-4.688899E-6
-141.557299	-5.722046E-6
-141.536676	-7.232030E-6
-141.516052	-7.073085E-6
-141.495428	-6.596247E-6
-141.474805	-5.722046E-6
-141.454181	-5.960464E-6
-141.433557	-6.675720E-6
-141.412934	-5.483627E-6
-141.392310	-4.609426E-6
-141.371687	-3.894170E-6
-141.351063	-2.463659E-6
-141.330439	-1.986821E-6
-141.309816	-1.509984E-6
-141.289192	-1.509984E-6
-141.268568	-1.827876E-6
-141.247945	-1.351039E-6
-141.227321	-8.742015E-7
-141.206697	-1.351039E-6
-141.186074	-1.112620E-6
-141.165450	-8.742015E-7
-141.144827	-1.351039E-6
-141.124203	-1.827876E-6
-141.103579	-2.622604E-6
-141.082956	-2.543132E-6
-141.062332	-3.337860E-6
-141.041708	-4.847844E-6
-141.021085	-6.516774E-6
-141.000461	-7.073085E-6
-140.979837	-7.549922E-6
-140.959214	-8.106232E-6
-140.938590	-8.742015E-6
-140.917966	-8.344650E-6
-140.897343	-7.470449E-6
-140.876719	-6.755193E-6
-140.856096	-6.119410E-6
-140.835472	-6.834666E-6
-140.814848	-6.516774E-6
-140.794225	-6.119410E-6
-140.773601	-6.675720E-6
-140.752977	-7.390976E-6
-140.732354	-8.424123E-6
-140.711730	-8.980433E-6
-140.691106	-1.088778E-5
-140.670483	-1.343091E-5
-140.649859	-1.676877E-5
-140.629236	-1.835823E-5
-140.608612	-2.090136E-5
-140.587988	-2.368291E-5
-140.567365	-2.694130E-5
-140.546741	-3.051758E-5
-140.526117	-3.218651E-5
-140.505494	-3.314018E-5
-140.484870	-3.401438E-5
-140.464246	-3.465017E-5
-140.443623	-3.449122E-5
-140.422999	-3.282229E-5
-140.402376	-3.083547E-5
-140.381752	-2.773603E-5
-140.361128	-2.368291E-5
-140.340505	-1.859665E-5
-140.319881	-1.358986E-5
-140.299257	-8.424123E-6
-140.278634	-3.258387E-6
-140.258010	2.304713E-6
-140.237386	7.867813E-6
-140.216763	1.335144E-5
-140.196139	1.891454E-5
-140.175515	2.431870E-5
-140.154892	2.900759E-5
-140.134268	3.234545E-5
-140.113645	3.544490E-5
-140.093021	3.910065E-5
-140.072397	4.156431E-5
-140.051774	4.299482E-5
-140.031150	4.402796E-5
-140.010526	4.426638E-5
-139.989903	4.402796E-5
-139.969279	4.204114E-5
-139.948655	4.069010E-5
-139.928032	3.902117E-5
-139.907408	3.616015E-5
-139.886785	3.353755E-5
-139.866161	3.075600E-5
-139.845537	2.694130E-5
-139.824914	2.312660E-5
-139.804290	1.986821E-5
-139.783666	1.645088E-5
-139.763043	1.374880E-5
-139.742419	1.096725E-5
-139.721795	8.900960E-6
-139.701172	6.914139E-6
-139.680548	4.371007E-6
-139.659925	2.702077E-6
-139.639301	1.986821E-6
-139.618677	-7.947286E-8
-139.598054	-1.033147E-6
-139.577430	-1.907349E-6
-139.556806	-3.258387E-6
-139.536183	-4.053116E-6
-139.515559	-4.371007E-6
-139.494935	-4.688899E-6
-139.474312	-5.165736E-6
-139.453688	-6.357829E-6
-139.433064	-6.755193E-6
-139.412441	-7.232030E-6
-139.391817	-8.424123E-6
-139.371194	-9.457270E-6
-139.350570	-9.695689E-6
-139.329946	-9.616216E-6
-139.309323	-9.775162E-6
-139.288699	-1.025200E-5
-139.268075	-1.104673E-5
-139.247452	-1.160304E-5
-139.226828	-1.184146E-5
-139.206204	-1.207987E-5
-139.185581	-1.215935E-5
-139.164957	-1.295408E-5
-139.144334	-1.366933E-5
-139.123710	-1.470248E-5
-139.103086	-1.430511E-5
-139.082463	-1.581510E-5
-139.061839	-1.637141E-5
-139.041215	-1.724561E-5
-139.020592	-1.819928E-5
-138.999968	-1.875559E-5
-138.979344	-1.827876E-5
-138.958721	-1.891454E-5
-138.938097	-1.843770E-5
-138.917474	-1.788139E-5
-138.896850	-1.684825E-5
-138.876226	-1.549721E-5
-138.855603	-1.438459E-5
-138.834979	-1.215935E-5
-138.814355	-9.298325E-6
-138.793732	-6.675720E-6
-138.773108	-5.086263E-6
-138.752484	-2.225240E-6
-138.731861	2.384186E-7
-138.711237	2.781550E-6
-138.690613	5.165736E-6
-138.669990	7.311503E-6
-138.649366	1.072884E-5
-138.628743	1.327197E-5
-138.608119	1.589457E-5
-138.587495	1.819928E-5
-138.566872	1.867612E-5
-138.546248	1.986821E-5
-138.525624	2.002716E-5
-138.505001	1.994769E-5
-138.484377	1.907349E-5
-138.463753	1.788139E-5
-138.443130	1.676877E-5
-138.422506	1.517932E-5
-138.401883	1.255671E-5
-138.381259	1.017253E-5
-138.360635	8.662542E-6
-138.340012	6.357829E-6
-138.319388	4.212062E-6
-138.298764	2.304713E-6
-138.278141	2.384186E-7
-138.257517	-1.192093E-6
-138.236893	-2.543132E-6
-138.216270	-3.576279E-6
-138.195646	-3.894170E-6
-138.175023	-4.609426E-6
-138.154399	-5.801519E-6
-138.133775	-7.152557E-6
-138.113152	-7.549922E-6
-138.092528	-7.390976E-6
-138.071904	-7.549922E-6
-138.051281	-8.106232E-6
-138.030657	-7.390976E-6
-138.010033	-7.390976E-6
-137.989410	-7.708867E-6
-137.968786	-7.708867E-6
-137.948162	-7.549922E-6
-137.927539	-6.596247E-6
-137.906915	-5.722046E-6
-137.886292	-4.768372E-6
-137.865668	-3.576279E-6
-137.845044	-3.099442E-6
-137.824421	-1.748403E-6
-137.803797	0.000000
-137.783173	1.668930E-6
-137.762550	2.304713E-6
-137.741926	2.702077E-6
-137.721302	3.576279E-6
-137.700679	3.576279E-6
-137.680055	4.212062E-6
-137.659432	3.417333E-6
-137.638808	2.861023E-6
-137.618184	1.509984E-6
-137.597561	4.768372E-7
-137.576937	-7.152557E-7
-137.556313	-1.986821E-6
-137.535690	-3.337860E-6
-137.515066	-4.053116E-6
-137.494442	-5.880992E-6
-137.473819	-6.834666E-6
-137.453195	-6.596247E-6
-137.432572	-6.675720E-6
-137.411948	-6.834666E-6
-137.391324	-6.755193E-6
-137.370701	-6.278356E-6
-137.350077	-5.483627E-6
-137.329453	-5.006790E-6
-137.308830	-5.006790E-6
-137.288206	-4.132589E-6
-137.267582	-3.894170E-6
-137.246959	-3.019969E-6
-137.226335	-2.781550E-6
-137.205712	-3.258387E-6
-137.185088	-2.225240E-6
-137.164464	-1.430511E-6
-137.143841	-1.192093E-6
-137.123217	-1.112620E-6
-137.102593	-3.973643E-7
-137.081970	-4.768372E-7
-137.061346	7.947286E-8
-137.040722	3.178914E-7
-137.020099	7.152557E-7
-136.999475	1.589457E-6
-136.978851	1.668930E-6
-136.958228	1.509984E-6
-136.937604	2.622604E-6
-136.916981	2.384186E-6
-136.896357	2.145767E-6
-136.875733	2.066294E-6
-136.855110	2.384186E-6
-136.834486	2.543132E-6
-136.813862	2.384186E-6
-136.793239	2.781550E-6
-136.772615	2.384186E-6
-136.751991	1.589457E-6
-136.731368	1.986821E-6
-136.710744	1.986821E-6
-136.690121	1.986821E-6
-136.669497	1.112620E-6
-136.648873	1.033147E-6
-136.628250	9.536743E-7
-136.607626	1.112620E-6
-136.587002	7.152557E-7
-136.566379	-5.563100E-7
-136.545755	-1.271566E-6
-136.525131	-1.112620E-6
-136.504508	-1.112620E-6
-136.483884	-1.509984E-6
-136.463261	-2.622604E-6
-136.442637	-3.417333E-6
-136.422013	-4.212062E-6
-136.401390	-3.655752E-6
-136.380766	-2.861023E-6
-136.360142	-2.304713E-6
-136.339519	-2.304713E-6
-136.318895	-2.463659E-6
-136.298271	-1.986821E-6
-136.277648	-1.192093E-6
-136.257024	-5.563100E-7
-136.236400	-1.589457E-7
-136.215777	1.112620E-6
-136.195153	1.509984E-6
-136.174530	2.304713E-6
-136.153906	3.019969E-6
-136.133282	3.019969E-6
-136.112659	3.337860E-6
-136.092035	3.814697E-6
-136.071411	5.245209E-6
-136.050788	5.880992E-6
-136.030164	5.801519E-6
-136.009540	5.483627E-6
-135.988917	4.927317E-6
-135.968293	5.006790E-6
-135.947670	4.371007E-6
-135.927046	4.927317E-6
-135.906422	4.688899E-6
-135.885799	4.609426E-6
-135.865175	3.973643E-6
-135.844551	3.337860E-6
-135.823928	2.463659E-6
-135.803304	1.351039E-6
-135.782680	3.178914E-7
-135.762057	-1.271566E-6
-135.741433	-2.463659E-6
-135.720810	-3.894170E-6
-135.700186	-5.483627E-6
-135.679562	-5.563100E-6
-135.658939	-5.324682E-6
-135.638315	-6.278356E-6
-135.617691	-6.993612E-6
-135.597068	-6.516774E-6
-135.576444	-4.768372E-6
-135.555820	-3.417333E-6
-135.535197	-1.986821E-6
-135.514573	-2.384186E-7
-135.493949	1.430511E-6
-135.473326	2.861023E-6
-135.452702	4.609426E-6
-135.432079	5.563100E-6
-135.411455	6.993612E-6
-135.390831	7.788340E-6
-135.370208	7.867813E-6
-135.349584	7.232030E-6
-135.328960	7.629395E-6
-135.308337	7.867813E-6
-135.287713	5.801519E-6
-135.267089	4.450480E-6
-135.246466	2.543132E-6
-135.225842	1.192093E-6
-135.205219	-1.033147E-6
-135.184595	-2.622604E-6
-135.163971	-3.973643E-6
-135.143348	-5.722046E-6
-135.122724	-6.675720E-6
-135.102100	-7.390976E-6
-135.081477	-8.185705E-6
-135.060853	-9.616216E-6
-135.040229	-9.377797E-6
-135.019606	-8.821487E-6
-134.998982	-8.265177E-6
-134.978359	-7.152557E-6
-134.957735	-6.278356E-6
-134.937111	-4.927317E-6
-134.916488	-3.655752E-6
-134.895864	-2.781550E-6
-134.875240	-1.112620E-6
-134.854617	7.947286E-8
-134.833993	1.827876E-6
-134.813369	3.019969E-6
-134.792746	3.655752E-6
-134.772122	3.655752E-6
-134.751498	3.576279E-6
-134.730875	3.973643E-6
-134.710251	4.053116E-6
-134.689628	2.781550E-6
-134.669004	1.907349E-6
-134.648380	8.742015E-7
-134.627757	-8.742015E-7
-134.607133	-2.145767E-6
-134.586509	-3.735224E-6
-134.565886	-5.324682E-6
-134.545262	-7.549922E-6
-134.524638	-8.742015E-6
-134.504015	-9.934107E-6
-134.483391	-1.168251E-5
-134.462768	-1.295408E-5
-134.442144	-1.351039E-5
-134.421520	-1.390775E-5
-134.400897	-1.374880E-5
-134.380273	-1.319249E-5
-134.359649	-1.200040E-5
-134.339026	-1.136462E-5
-134.318402	-9.218852E-6
-134.297778	-6.675720E-6
-134.277155	-4.291534E-6
-134.256531	-2.861023E-6
-134.235908	-6.357829E-7
-134.215284	1.351039E-6
-134.194660	2.543132E-6
-134.174037	4.212062E-6
-134.153413	4.609426E-6
-134.132789	5.324682E-6
-134.112166	5.404154E-6
-134.091542	5.563100E-6
-134.070918	4.927317E-6
-134.050295	4.609426E-6
-134.029671	3.973643E-6
-134.009047	2.543132E-6
-133.988424	1.589457E-7
-133.967800	-1.430511E-6
-133.947177	-2.543132E-6
-133.926553	-4.053116E-6
-133.905929	-4.768372E-6
-133.885306	-5.642573E-6
-133.864682	-6.357829E-6
-133.844058	-6.596247E-6
-133.823435	-6.437302E-6
-133.802811	-7.073085E-6
-133.782187	-6.993612E-6
-133.761564	-5.086263E-6
-133.740940	-3.655752E-6
-133.720317	-2.463659E-6
-133.699693	-5.563100E-7
-133.679069	1.192093E-6
-133.658446	3.019969E-6
-133.637822	4.450480E-6
-133.617198	5.404154E-6
-133.596575	6.755193E-6
-133.575951	7.152557E-6
-133.555327	6.834666E-6
-133.534704	5.324682E-6
-133.514080	5.245209E-6
-133.493457	3.417333E-6
-133.472833	1.430511E-6
-133.452209	-5.563100E-7
-133.431586	-2.304713E-6
-133.410962	-3.576279E-6
-133.390338	-4.688899E-6
-133.369715	-5.483627E-6
-133.349091	-6.675720E-6
-133.328467	-8.583069E-6
-133.307844	-8.344650E-6
-133.287220	-8.185705E-6
-133.266596	-8.900960E-6
-133.245973	-8.900960E-6
-133.225349	-7.232030E-6
-133.204726	-5.165736E-6
-133.184102	-3.576279E-6
-133.163478	-2.225240E-6
-133.142855	-1.351039E-6
-133.122231	-7.152557E-7
-133.101607	1.192093E-6
-133.080984	2.066294E-6
-133.060360	2.225240E-6
-133.039736	2.066294E-6
-133.019113	2.384186E-6
-132.998489	2.225240E-6
-132.977866	2.384186E-6
-132.957242	2.145767E-6
-132.936618	1.589457E-6
-132.915995	5.563100E-7
-132.895371	-3.973643E-7
-132.874747	-1.589457E-6
-132.854124	-2.463659E-6
-132.833500	-2.861023E-6
-132.812876	-4.132589E-6
-132.792253	-4.688899E-6
-132.771629	-4.927317E-6
-132.751006	-4.768372E-6
-132.730382	-4.927317E-6
-132.709758	-6.039937E-6
-132.689135	-4.768372E-6
-132.668511	-2.145767E-6
-132.647887	-1.589457E-7
-132.627264	6.357829E-7
-132.606640	1.668930E-6
-132.586016	3.099442E-6
-132.565393	5.006790E-6
-132.544769	6.755193E-6
-132.524145	7.390976E-6
-132.503522	7.549922E-6
-132.482898	8.980433E-6
-132.462275	9.934107E-6
-132.441651	9.934107E-6
-132.421027	9.218852E-6
-132.400404	8.662542E-6
-132.379780	7.629395E-6
-132.359156	6.516774E-6
-132.338533	4.291534E-6
-132.317909	2.066294E-6
-132.297285	-3.973643E-7
-132.276662	-1.827876E-6
-132.256038	-3.814697E-6
-132.235415	-4.688899E-6
-132.214791	-5.245209E-6
-132.194167	-6.516774E-6
-132.173544	-6.675720E-6
-132.152920	-6.993612E-6
-132.132296	-5.960464E-6
-132.111673	-4.609426E-6
-132.091049	-2.702077E-6
-132.070425	-3.178914E-7
-132.049802	1.907349E-6
-132.029178	4.609426E-6
-132.008555	6.675720E-6
-131.987931	8.583069E-6
-131.967307	1.088778E-5
-131.946684	1.215935E-5
-131.926060	1.263618E-5
-131.905436	1.271566E-5
-131.884813	1.263618E-5
-131.864189	1.335144E-5
-131.843565	1.374880E-5
-131.822942	1.192093E-5
-131.802318	1.041094E-5
-131.781695	9.377797E-6
-131.761071	7.708867E-6
-131.740447	5.722046E-6
-131.719824	4.132589E-6
-131.699200	2.702077E-6
-131.678576	0.000000
-131.657953	-2.225240E-6
-131.637329	-4.371007E-6
-131.616705	-4.609426E-6
-131.596082	-6.278356E-6
-131.575458	-7.629395E-6
-131.554834	-7.390976E-6
-131.534211	-6.993612E-6
-131.513587	-8.026759E-6
-131.492964	-8.821487E-6
-131.472340	-8.742015E-6
-131.451716	-8.344650E-6
-131.431093	-6.516774E-6
-131.410469	-5.563100E-6
-131.389845	-4.529953E-6
-131.369222	-2.384186E-6
-131.348598	-8.742015E-7
-131.327974	-2.384186E-7
-131.307351	6.357829E-7
-131.286727	2.145767E-6
-131.266104	3.178914E-6
-131.245480	4.688899E-6
-131.224856	4.609426E-6
-131.204233	4.371007E-6
-131.183609	3.417333E-6
-131.162985	2.463659E-6
-131.142362	1.351039E-6
-131.121738	-5.563100E-7
-131.101114	-2.543132E-6
-131.080491	-4.132589E-6
-131.059867	-5.642573E-6
-131.039244	-6.834666E-6
-131.018620	-8.026759E-6
-130.997996	-1.033147E-5
-130.977373	-1.160304E-5
-130.956749	-1.215935E-5
-130.936125	-1.366933E-5
-130.915502	-1.486142E-5
-130.894878	-1.597404E-5
-130.874254	-1.541773E-5
-130.853631	-1.613299E-5
-130.833007	-1.517932E-5
-130.812383	-1.462301E-5
-130.791760	-1.398722E-5
-130.771136	-1.287460E-5
-130.750513	-1.176198E-5
-130.729889	-1.025200E-5
-130.709265	-9.059906E-6
-130.688642	-7.867813E-6
-130.668018	-6.914139E-6
-130.647394	-6.198883E-6
-130.626771	-5.404154E-6
-130.606147	-5.324682E-6
-130.585523	-4.927317E-6
-130.564900	-5.960464E-6
-130.544276	-7.073085E-6
-130.523653	-7.708867E-6
-130.503029	-8.742015E-6
-130.482405	-9.934107E-6
-130.461782	-1.112620E-5
-130.441158	-1.279513E-5
-130.420534	-1.470248E-5
-130.399911	-1.629194E-5
-130.379287	-1.851718E-5
-130.358663	-1.947085E-5
-130.338040	-1.923243E-5
-130.317416	-1.819928E-5
-130.296793	-1.772245E-5
-130.276169	-1.613299E-5
-130.255545	-1.319249E-5
-130.234922	-1.104673E-5
-130.214298	-8.742015E-6
-130.193674	-6.437302E-6
-130.173051	-4.688899E-6
-130.152427	-3.417333E-6
-130.131803	-3.178914E-6
-130.111180	-5.165736E-6
-130.090556	-8.106232E-6
-130.069932	-1.335144E-5
-130.049309	-2.090136E-5
-130.028685	-3.067652E-5
-130.008062	-4.116694E-5
-129.987438	-5.276998E-5
-129.966814	-6.612142E-5
-129.946191	-7.915497E-5
-129.925567	-9.036064E-5
-129.904943	-0.000103
-129.884320	-0.000113
-129.863696	-0.000122
-129.843072	-0.000128
-129.822449	-0.000130
-129.801825	-0.000130
-129.781202	-0.000124
-129.760578	-0.000116
-129.739954	-0.000104
-129.719331	-9.028117E-5
-129.698707	-7.247925E-5
-129.678083	-5.229314E-5
-129.657460	-3.139178E-5
-129.636836	-8.106232E-6
-129.616212	1.605352E-5
-129.595589	4.021327E-5
-129.574965	6.429354E-5
-129.554342	8.686384E-5
-129.533718	0.000107
-129.513094	0.000128
-129.492471	0.000146
-129.471847	0.000159
-129.451223	0.000169
-129.430600	0.000175
-129.409976	0.000179
-129.389352	0.000179
-129.368729	0.000176
-129.348105	0.000172
-129.327481	0.000164
-129.306858	0.000154
-129.286234	0.000141
-129.265611	0.000128
-129.244987	0.000114
-129.224363	9.957949E-5
-129.203740	8.551280E-5
-129.183116	7.216136E-5
-129.162492	5.841255E-5
-129.141869	4.649162E-5
-129.121245	3.584226E-5
-129.100621	2.527237E-5
-129.079998	1.573563E-5
-129.059374	6.755193E-6
-129.038751	-1.192093E-6
-129.018127	-7.788340E-6
-128.997503	-1.319249E-5
-128.976880	-1.772245E-5
-128.956256	-2.106031E-5
-128.935632	-2.447764E-5
-128.915009	-2.741814E-5
-128.894385	-3.019969E-5
-128.873761	-3.170967E-5
-128.853138	-3.282229E-5
-128.832514	-3.369649E-5
-128.811891	-3.425280E-5
-128.791267	-3.409386E-5
-128.770643	-3.401438E-5
-128.750020	-3.353755E-5
-128.729396	-3.306071E-5
-128.708772	-3.226598E-5
-128.688149	-3.250440E-5
-128.667525	-3.226598E-5
-128.646901	-3.170967E-5
-128.626278	-3.170967E-5
-128.605654	-3.250440E-5
-128.585030	-3.298124E-5
-128.564407	-3.536542E-5
-128.543783	-3.838539E-5
-128.523160	-4.172325E-5
-128.502536	-4.545848E-5
-128.481912	-4.831950E-5
-128.461289	-5.181630E-5
-128.440665	-5.563100E-5
-128.420041	-5.984306E-5
-128.399418	-6.222725E-5
-128.378794	-6.389618E-5
-128.358170	-6.477038E-5
-128.337547	-6.604195E-5
-128.316923	-6.524722E-5
-128.296300	-6.238619E-5
-128.275676	-5.873044E-5
-128.255052	-5.324682E-5
-128.234429	-4.712741E-5
-128.213805	-4.061063E-5
-128.193181	-3.258387E-5
-128.172558	-2.392133E-5
-128.151934	-1.422564E-5
-128.131310	-5.006790E-6
-128.110687	4.609426E-6
-128.090063	1.430511E-5
-128.069440	2.272924E-5
-128.048816	3.035863E-5
-128.028192	3.767014E-5
-128.007569	4.418691E-5
-127.986945	4.967054E-5
-127.966321	5.340576E-5
-127.945698	5.539258E-5
-127.925074	5.682309E-5
-127.904450	5.793571E-5
-127.883827	5.912781E-5
-127.863203	5.952517E-5
-127.842579	5.849202E-5
-127.821956	5.690257E-5
-127.801332	5.467733E-5
-127.780709	5.014737E-5
-127.760085	4.593531E-5
-127.739461	4.212062E-5
-127.718838	3.830592E-5
-127.698214	3.425280E-5
-127.677590	3.012021E-5
-127.656967	2.551079E-5
-127.636343	2.074242E-5
-127.615719	1.613299E-5
-127.595096	1.192093E-5
-127.574472	8.503596E-6
-127.553849	3.337860E-6
-127.533225	-5.563100E-7
-127.512601	-4.132589E-6
-127.491978	-6.596247E-6
-127.471354	-9.218852E-6
-127.450730	-1.160304E-5
-127.430107	-1.406670E-5
-127.409483	-1.525879E-5
-127.388859	-1.700719E-5
-127.368236	-1.883507E-5
-127.347612	-2.002716E-5
-127.326989	-1.931190E-5
-127.306365	-1.962980E-5
-127.285741	-2.018611E-5
-127.265118	-1.883507E-5
-127.244494	-1.637141E-5
-127.223870	-1.494090E-5
-127.203247	-1.382828E-5
-127.182623	-1.263618E-5
-127.161999	-1.152356E-5
-127.141376	-9.934107E-6
-127.120752	-8.503596E-6
-127.100128	-7.947286E-6
-127.079505	-7.232030E-6
-127.058881	-6.198883E-6
-127.038258	-6.675720E-6
-127.017634	-7.311503E-6
-126.997010	-8.026759E-6
-126.976387	-8.980433E-6
-126.955763	-9.775162E-6
-126.935139	-9.695689E-6
-126.914516	-9.616216E-6
-126.893892	-1.080831E-5
-126.873268	-1.080831E-5
-126.852645	-9.775162E-6
-126.832021	-8.662542E-6
-126.811398	-8.185705E-6
-126.790774	-6.755193E-6
-126.770150	-5.006790E-6
-126.749527	-4.132589E-6
-126.728903	-1.827876E-6
-126.708279	4.768372E-7
-126.687656	1.907349E-6
-126.667032	3.337860E-6
-126.646408	4.529953E-6
-126.625785	6.516774E-6
-126.605161	7.788340E-6
-126.584538	7.629395E-6
-126.563914	7.232030E-6
-126.543290	6.437302E-6
-126.522667	6.596247E-6
-126.502043	5.801519E-6
-126.481419	4.927317E-6
-126.460796	2.622604E-6
-126.440172	8.742015E-7
-126.419548	-5.563100E-7
-126.398925	-2.622604E-6
-126.378301	-3.576279E-6
-126.357678	-5.722046E-6
-126.337054	-6.516774E-6
-126.316430	-7.470449E-6
-126.295807	-8.662542E-6
-126.275183	-9.536743E-6
-126.254559	-1.049042E-5
-126.233936	-1.088778E-5
-126.213312	-1.072884E-5
-126.192688	-9.377797E-6
-126.172065	-9.616216E-6
-126.151441	-8.821487E-6
-126.130817	-6.516774E-6
-126.110194	-5.245209E-6
-126.089570	-3.735224E-6
-126.068947	-1.827876E-6
-126.048323	7.947286E-8
-126.027699	1.748403E-6
-126.007076	2.463659E-6
-125.986452	4.927317E-6
-125.965828	7.073085E-6
-125.945205	8.265177E-6
-125.924581	7.629395E-6
-125.903957	7.867813E-6
-125.883334	7.470449E-6
-125.862710	7.629395E-6
-125.842087	8.821487E-6
-125.821463	9.059906E-6
-125.800839	8.821487E-6
-125.780216	7.549922E-6
-125.759592	7.152557E-6
-125.738968	6.596247E-6
-125.718345	5.880992E-6
-125.697721	4.450480E-6
-125.677097	4.132589E-6
-125.656474	4.529953E-6
-125.635850	4.371007E-6
-125.615227	3.735224E-6
-125.594603	2.622604E-6
-125.573979	5.563100E-7
-125.553356	-1.112620E-6
-125.532732	-1.748403E-6
-125.512108	-2.225240E-6
-125.491485	-3.019969E-6
-125.470861	-3.576279E-6
-125.450237	-3.655752E-6
-125.429614	-3.814697E-6
-125.408990	-3.178914E-6
-125.388366	-3.417333E-6
-125.367743	-3.178914E-6
-125.347119	-2.463659E-6
-125.326496	-2.145767E-6
-125.305872	-1.907349E-6
-125.285248	-1.668930E-6
-125.264625	-3.973643E-7
-125.244001	1.192093E-6
-125.223377	2.384186E-6
-125.202754	2.145767E-6
-125.182130	2.463659E-6
-125.161506	1.748403E-6
-125.140883	1.748403E-6
-125.120259	1.271566E-6
-125.099636	7.947286E-8
-125.079012	7.152557E-7
-125.058388	6.357829E-7
-125.037765	1.192093E-6
-125.017141	1.589457E-6
-124.996517	2.225240E-6
-124.975894	3.973643E-6
-124.955270	5.642573E-6
-124.934646	7.470449E-6
-124.914023	9.536743E-6
-124.893399	1.303355E-5
-124.872776	1.478195E-5
-124.852152	1.589457E-5
-124.831528	1.668930E-5
-124.810905	1.676877E-5
-124.790281	1.748403E-5
-124.769657	1.804034E-5
-124.749034	1.645088E-5
-124.728410	1.438459E-5
-124.707786	1.311302E-5
-124.687163	1.223882E-5
-124.666539	1.033147E-5
-124.645915	6.834666E-6
-124.625292	3.894170E-6
-124.604668	7.947286E-8
-124.584045	-4.688899E-6
-124.563421	-8.662542E-6
-124.542797	-1.168251E-5
-124.522174	-1.382828E-5
-124.501550	-1.645088E-5
-124.480926	-1.827876E-5
-124.460303	-1.899401E-5
-124.439679	-2.066294E-5
-124.419055	-2.113978E-5
-124.398432	-2.113978E-5
-124.377808	-2.121925E-5
-124.357185	-2.002716E-5
-124.336561	-1.835823E-5
-124.315937	-1.549721E-5
-124.295314	-1.295408E-5
-124.274690	-1.025200E-5
-124.254066	-6.755193E-6
-124.233443	-2.543132E-6
-124.212819	-5.563100E-7
-124.192195	2.543132E-6
-124.171572	5.801519E-6
-124.150948	8.106232E-6
-124.130325	1.033147E-5
-124.109701	1.192093E-5
-124.089077	1.327197E-5
-124.068454	1.398722E-5
-124.047830	1.454353E-5
-124.027206	1.295408E-5
-124.006583	1.152356E-5
-123.985959	9.139379E-6
-123.965335	4.053116E-6
-123.944712	7.947286E-8
-123.924088	-4.053116E-6
-123.903464	-8.503596E-6
-123.882841	-1.366933E-5
-123.862217	-1.875559E-5
-123.841594	-2.177556E-5
-123.820970	-2.344449E-5
-123.800346	-2.535184E-5
-123.779723	-2.662341E-5
-123.759099	-2.725919E-5
-123.738475	-2.781550E-5
-123.717852	-2.733866E-5
-123.697228	-2.741814E-5
-123.676604	-2.725919E-5
-123.655981	-2.559026E-5
-123.635357	-2.328555E-5
-123.614734	-2.058347E-5
-123.594110	-1.796087E-5
-123.573486	-1.565615E-5
-123.552863	-1.223882E-5
-123.532239	-8.900960E-6
-123.511615	-5.642573E-6
-123.490992	-3.814697E-6
-123.470368	-2.304713E-6
-123.449744	-1.033147E-6
-123.429121	3.973643E-7
-123.408497	9.536743E-7
-123.387874	3.019969E-6
-123.367250	3.735224E-6
-123.346626	3.576279E-6
-123.326003	4.212062E-6
-123.305379	4.688899E-6
-123.284755	4.291534E-6
-123.264132	3.576279E-6
-123.243508	3.576279E-6
-123.222884	3.814697E-6
-123.202261	3.655752E-6
-123.181637	3.417333E-6
-123.161013	3.814697E-6
-123.140390	3.894170E-6
-123.119766	3.735224E-6
-123.099143	4.609426E-6
-123.078519	5.722046E-6
-123.057895	5.642573E-6
-123.037272	5.801519E-6
-123.016648	6.198883E-6
-122.996024	6.039937E-6
-122.975401	5.483627E-6
-122.954777	5.404154E-6
-122.934153	4.609426E-6
-122.913530	4.053116E-6
-122.892906	3.337860E-6
-122.872283	2.861023E-6
-122.851659	1.668930E-6
-122.831035	0.000000
-122.810412	-1.430511E-6
-122.789788	-3.019969E-6
-122.769164	-4.688899E-6
-122.748541	-5.642573E-6
-122.727917	-5.722046E-6
-122.707293	-5.563100E-6
-122.686670	-5.165736E-6
-122.666046	-5.086263E-6
-122.645423	-4.847844E-6
-122.624799	-4.291534E-6
-122.604175	-3.973643E-6
-122.583552	-2.304713E-6
-122.562928	-1.351039E-6
-122.542304	-3.178914E-7
-122.521681	6.357829E-7
-122.501057	7.947286E-7
-122.480433	3.417333E-6
-122.459810	5.801519E-6
-122.439186	7.232030E-6
-122.418562	7.788340E-6
-122.397939	8.344650E-6
-122.377315	8.900960E-6
-122.356692	9.775162E-6
-122.336068	1.041094E-5
-122.315444	1.033147E-5
-122.294821	1.096725E-5
-122.274197	1.080831E-5
-122.253573	1.096725E-5
-122.232950	9.775162E-6
-122.212326	8.503596E-6
-122.191702	8.185705E-6
-122.171079	7.073085E-6
-122.150455	6.119410E-6
-122.129832	5.801519E-6
-122.109208	4.212062E-6
-122.088584	3.496806E-6
-122.067961	3.655752E-6
-122.047337	4.688899E-6
-122.026713	3.973643E-6
-122.006090	3.655752E-6
-121.985466	4.927317E-6
-121.964842	5.880992E-6
-121.944219	6.516774E-6
-121.923595	7.152557E-6
-121.902972	8.344650E-6
-121.882348	8.900960E-6
-121.861724	8.821487E-6
-121.841101	9.616216E-6
-121.820477	1.033147E-5
-121.799853	1.064936E-5
-121.779230	1.049042E-5
-121.758606	1.128515E-5
-121.737982	1.088778E-5
-121.717359	1.144409E-5
-121.696735	1.152356E-5
-121.676111	1.144409E-5
-121.655488	1.049042E-5
-121.634864	9.377797E-6
-121.614241	1.096725E-5
-121.593617	1.168251E-5
-121.572993	1.255671E-5
-121.552370	1.374880E-5
-121.531746	1.502037E-5
-121.511122	1.597404E-5
-121.490499	1.660983E-5
-121.469875	1.780192E-5
-121.449251	1.724561E-5
-121.428628	1.748403E-5
-121.408004	1.835823E-5
-121.387381	1.859665E-5
-121.366757	1.923243E-5
-121.346133	1.851718E-5
-121.325510	1.819928E-5
-121.304886	1.788139E-5
-121.284262	1.716614E-5
-121.263639	1.708666E-5
-121.243015	1.621246E-5
-121.222391	1.509984E-5
-121.201768	1.438459E-5
-121.181144	1.358986E-5
-121.160521	1.303355E-5
-121.139897	1.160304E-5
-121.119273	1.072884E-5
-121.098650	9.536743E-6
-121.078026	8.424123E-6
-121.057402	6.755193E-6
-121.036779	6.516774E-6
-121.016155	5.722046E-6
-120.995531	4.371007E-6
-120.974908	2.781550E-6
-120.954284	1.986821E-6
-120.933661	4.768372E-7
-120.913037	-4.768372E-7
-120.892413	-1.430511E-6
-120.871790	-2.702077E-6
-120.851166	-4.529953E-6
-120.830542	-5.324682E-6
-120.809919	-5.165736E-6
-120.789295	-5.801519E-6
-120.768671	-6.198883E-6
-120.748048	-6.993612E-6
-120.727424	-7.152557E-6
-120.706800	-6.675720E-6
-120.686177	-6.914139E-6
-120.665553	-8.424123E-6
-120.644930	-8.900960E-6
-120.624306	-9.377797E-6
-120.603682	-9.616216E-6
-120.583059	-1.049042E-5
-120.562435	-1.112620E-5
-120.541811	-1.223882E-5
-120.521188	-1.223882E-5
-120.500564	-1.223882E-5
-120.479940	-1.470248E-5
-120.459317	-1.716614E-5
-120.438693	-1.923243E-5
-120.418070	-2.177556E-5
-120.397446	-2.384186E-5
-120.376822	-2.630552E-5
-120.356199	-2.845128E-5
-120.335575	-3.059705E-5
-120.314951	-3.329913E-5
-120.294328	-3.536542E-5
-120.273704	-3.719330E-5
-120.253080	-3.902117E-5
-120.232457	-4.045169E-5
-120.211833	-4.124641E-5
-120.191210	-4.243851E-5
-120.170586	-4.259745E-5
-120.149962	-4.243851E-5
-120.129339	-4.172325E-5
-120.108715	-4.156431E-5
-120.088091	-3.989538E-5
-120.067468	-3.878276E-5
-120.046844	-3.719330E-5
-120.026220	-3.544490E-5
-120.005597	-3.409386E-5
-119.984973	-3.131231E-5
-119.964349	-3.004074E-5
-119.943726	-2.892812E-5
-119.923102	-2.797445E-5
-119.902479	-2.789497E-5
-119.881855	-2.861023E-5
-119.861231	-2.940496E-5
-119.840608	-3.178914E-5
-119.819984	-3.480911E-5
-119.799360	-3.798803E-5
-119.778737	-4.029274E-5
-119.758113	-4.315376E-5
-119.737489	-4.553795E-5
-119.716866	-4.601479E-5
-119.696242	-4.736582E-5
-119.675619	-4.736582E-5
-119.654995	-4.442533E-5
-119.634371	-4.108747E-5
-119.613748	-3.782908E-5
-119.593124	-3.488859E-5
-119.572500	-3.139178E-5
-119.551877	-2.988180E-5
-119.531253	-2.924601E-5
-119.510629	-3.115336E-5
-119.490006	-3.639857E-5
-119.469382	-4.641215E-5
-119.448759	-6.135305E-5
-119.428135	-8.034706E-5
-119.407511	-0.000105
-119.386888	-0.000137
-119.366264	-0.000173
-119.345640	-0.000211
-119.325017	-0.000250
-119.304393	-0.000292
-119.283769	-0.000331
-119.263146	-0.000367
-119.242522	-0.000396
-119.221898	-0.000416
-119.201275	-0.000429
-119.180651	-0.000434
-119.160028	-0.000426
-119.139404	-0.000402
-119.118780	-0.000363
-119.098157	-0.000314
-119.077533	-0.000254
-119.056909	-0.000183
-119.036286	-0.000105
-119.015662	-2.201398E-5
-118.995038	6.278356E-5
-118.974415	0.000145
-118.953791	0.000227
-118.933168	0.000307
-118.912544	0.000379
-118.891920	0.000446
-118.871297	0.000502
-118.850673	0.000550
-118.830049	0.000585
-118.809426	0.000607
-118.788802	0.000616
-118.768178	0.000616
-118.747555	0.000606
-118.726931	0.000588
-118.706308	0.000560
-118.685684	0.000525
-118.665060	0.000485
-118.644437	0.000440
-118.623813	0.000392
-118.603189	0.000345
-118.582566	0.000300
-118.561942	0.000255
-118.541318	0.000211
-118.520695	0.000168
-118.500071	0.000127
-118.479447	8.972486E-5
-118.458824	5.491575E-5
-118.438200	2.622604E-5
-118.417577	-7.947286E-8
-118.396953	-2.590815E-5
-118.376329	-4.855792E-5
-118.355706	-6.588300E-5
-118.335082	-7.963181E-5
-118.314458	-9.226799E-5
-118.293835	-0.000102
-118.273211	-0.000108
-118.252587	-0.000113
-118.231964	-0.000117
-118.211340	-0.000119
-118.190717	-0.000120
-118.170093	-0.000120
-118.149469	-0.000118
-118.128846	-0.000116
-118.108222	-0.000114
-118.087598	-0.000111
-118.066975	-0.000107
-118.046351	-0.000102
-118.025727	-9.806951E-5
-118.005104	-9.361903E-5
-117.984480	-8.789698E-5
-117.963857	-8.344650E-5
-117.943233	-7.971128E-5
-117.922609	-7.518133E-5
-117.901986	-7.081032E-5
-117.881362	-6.643931E-5
-117.860738	-6.286303E-5
-117.840115	-5.857150E-5
-117.819491	-5.404154E-5
-117.798867	-5.181630E-5
-117.778244	-4.824003E-5
-117.757620	-4.506111E-5
-117.736996	-4.243851E-5
-117.716373	-3.941854E-5
-117.695749	-3.735224E-5
-117.675126	-3.504753E-5
-117.654502	-3.314018E-5
-117.633878	-3.083547E-5
-117.613255	-2.837181E-5
-117.592631	-2.559026E-5
-117.572007	-2.455711E-5
-117.551384	-2.344449E-5
-117.530760	-2.328555E-5
-117.510136	-2.249082E-5
-117.489513	-2.193451E-5
-117.468889	-2.169609E-5
-117.448266	-2.002716E-5
-117.427642	-1.994769E-5
-117.407018	-1.955032E-5
-117.386395	-1.883507E-5
-117.365771	-1.883507E-5
-117.345147	-1.867612E-5
-117.324524	-1.867612E-5
-117.303900	-1.764297E-5
-117.283276	-1.732508E-5
-117.262653	-1.692772E-5
-117.242029	-1.581510E-5
-117.221406	-1.470248E-5
-117.200782	-1.438459E-5
-117.180158	-1.478195E-5
-117.159535	-1.462301E-5
-117.138911	-1.382828E-5
-117.118287	-1.295408E-5
-117.097664	-1.176198E-5
-117.077040	-1.192093E-5
-117.056416	-1.009305E-5
-117.035793	-7.629395E-6
-117.015169	-6.437302E-6
-116.994545	-4.609426E-6
-116.973922	-2.940496E-6
-116.953298	-2.384186E-6
-116.932675	-3.973643E-7
-116.912051	1.112620E-6
-116.891427	3.417333E-6
-116.870804	4.053116E-6
-116.850180	4.053116E-6
-116.829556	3.417333E-6
-116.808933	2.781550E-6
-116.788309	1.986821E-6
-116.767685	1.589457E-6
-116.747062	1.589457E-7
-116.726438	-1.033147E-6
-116.705815	-2.463659E-6
-116.685191	-3.894170E-6
-116.664567	-5.165736E-6
-116.643944	-5.960464E-6
-116.623320	-5.960464E-6
-116.602696	-6.119410E-6
-116.582073	-6.914139E-6
-116.561449	-7.629395E-6
-116.540825	-7.073085E-6
-116.520202	-6.039937E-6
-116.499578	-5.086263E-6
-116.478955	-5.880992E-6
-116.458331	-5.165736E-6
-116.437707	-4.688899E-6
-116.417084	-3.973643E-6
-116.396460	-2.622604E-6
-116.375836	-2.066294E-6
-116.355213	-7.947286E-7
-116.334589	-3.973643E-7
-116.313965	-7.947286E-7
-116.293342	-3.178914E-7
-116.272718	7.947286E-8
-116.252094	3.178914E-7
-116.231471	1.589457E-7
-116.210847	2.384186E-7
-116.190224	5.563100E-7
-116.169600	-3.973643E-7
-116.148976	-2.066294E-6
-116.128353	-3.178914E-6
-116.107729	-3.178914E-6
-116.087105	-3.178914E-6
-116.066482	-4.609426E-6
-116.045858	-5.483627E-6
-116.025234	-5.245209E-6
-116.004611	-6.437302E-6
-115.983987	-6.437302E-6
-115.963364	-6.039937E-6
-115.942740	-5.801519E-6
-115.922116	-5.165736E-6
-115.901493	-4.132589E-6
-115.880869	-2.463659E-6
-115.860245	-1.351039E-6
-115.839622	1.589457E-7
-115.818998	2.861023E-6
-115.798374	5.006790E-6
-115.777751	5.722046E-6
-115.757127	6.993612E-6
-115.736504	8.424123E-6
-115.715880	9.218852E-6
-115.695256	9.536743E-6
-115.674633	9.695689E-6
-115.654009	1.056989E-5
-115.633385	1.041094E-5
-115.612762	9.536743E-6
-115.592138	9.377797E-6
-115.571514	8.821487E-6
-115.550891	6.993612E-6
-115.530267	6.755193E-6
-115.509644	6.278356E-6
-115.489020	5.642573E-6
-115.468396	4.132589E-6
-115.447773	4.132589E-6
-115.427149	3.576279E-6
-115.406525	2.543132E-6
-115.385902	1.668930E-6
-115.365278	-7.947286E-8
-115.344654	-6.357829E-7
-115.324031	-5.563100E-7
-115.303407	-7.947286E-7
-115.282783	-1.351039E-6
-115.262160	-1.192093E-6
-115.241536	-6.357829E-7
-115.220913	0.000000
-115.200289	4.768372E-7
-115.179665	1.271566E-6
-115.159042	1.589457E-6
-115.138418	3.019969E-6
-115.117794	4.768372E-6
-115.097171	6.596247E-6
-115.076547	8.742015E-6
-115.055923	1.072884E-5
-115.035300	1.184146E-5
-115.014676	1.263618E-5
-114.994053	1.327197E-5
-114.973429	1.406670E-5
-114.952805	1.406670E-5
-114.932182	1.406670E-5
-114.911558	1.358986E-5
-114.890934	1.303355E-5
-114.870311	1.049042E-5
-114.849687	9.934107E-6
-114.829063	8.821487E-6
-114.808440	7.947286E-6
-114.787816	6.755193E-6
-114.767193	4.768372E-6
-114.746569	4.609426E-6
-114.725945	3.417333E-6
-114.705322	1.748403E-6
-114.684698	2.066294E-6
-114.664074	2.543132E-6
-114.643451	3.973643E-6
-114.622827	5.086263E-6
-114.602203	5.563100E-6
-114.581580	5.722046E-6
-114.560956	6.596247E-6
-114.540332	7.947286E-6
-114.519709	8.583069E-6
-114.499085	9.139379E-6
-114.478462	1.041094E-5
-114.457838	1.104673E-5
-114.437214	1.128515E-5
-114.416591	1.128515E-5
-114.395967	1.144409E-5
-114.375343	1.033147E-5
-114.354720	9.218852E-6
-114.334096	7.629395E-6
-114.313472	7.073085E-6
-114.292849	6.834666E-6
-114.272225	5.563100E-6
-114.251602	3.019969E-6
-114.230978	1.589457E-6
-114.210354	-3.973643E-7
-114.189731	-1.589457E-6
-114.169107	-2.384186E-6
-114.148483	-3.019969E-6
-114.127860	-3.337860E-6
-114.107236	-3.655752E-6
-114.086612	-3.178914E-6
-114.065989	-3.894170E-6
-114.045365	-3.099442E-6
-114.024742	-1.271566E-6
-114.004118	4.768372E-7
-113.983494	1.351039E-6
-113.962871	3.337860E-6
-113.942247	5.404154E-6
-113.921623	7.152557E-6
-113.901000	8.106232E-6
-113.880376	9.298325E-6
-113.859752	8.742015E-6
-113.839129	8.026759E-6
-113.818505	6.198883E-6
-113.797881	4.768372E-6
-113.777258	2.702077E-6
-113.756634	2.384186E-7
-113.736011	-2.066294E-6
-113.715387	-3.973643E-6
-113.694763	-7.708867E-6
-113.674140	-1.064936E-5
-113.653516	-1.215935E-5
-113.632892	-1.327197E-5
-113.612269	-1.319249E-5
-113.591645	-1.366933E-5
-113.571021	-1.438459E-5
-113.550398	-1.565615E-5
-113.529774	-1.557668E-5
-113.509151	-1.573563E-5
-113.488527	-1.549721E-5
-113.467903	-1.454353E-5
-113.447280	-1.327197E-5
-113.426656	-1.207987E-5
-113.406032	-1.104673E-5
-113.385409	-1.096725E-5
-113.364785	-9.218852E-6
-113.344161	-8.424123E-6
-113.323538	-8.900960E-6
-113.302914	-7.947286E-6
-113.282291	-7.708867E-6
-113.261667	-8.106232E-6
-113.241043	-7.232030E-6
-113.220420	-7.708867E-6
-113.199796	-8.424123E-6
-113.179172	-8.662542E-6
-113.158549	-8.583069E-6
-113.137925	-1.025200E-5
-113.117301	-1.088778E-5
-113.096678	-1.295408E-5
-113.076054	-1.470248E-5
-113.055430	-1.533826E-5
-113.034807	-1.653035E-5
-113.014183	-1.676877E-5
-112.993560	-1.692772E-5
-112.972936	-1.700719E-5
-112.952312	-1.716614E-5
-112.931689	-1.724561E-5
-112.911065	-1.581510E-5
-112.890441	-1.486142E-5
-112.869818	-1.414617E-5
-112.849194	-1.263618E-5
-112.828570	-1.144409E-5
-112.807947	-9.536743E-6
-112.787323	-6.834666E-6
-112.766700	-3.814697E-6
-112.746076	-1.907349E-6
-112.725452	-3.973643E-7
-112.704829	1.271566E-6
-112.684205	1.668930E-6
-112.663581	7.152557E-7
-112.642958	-1.112620E-6
-112.622334	-3.099442E-6
-112.601710	-6.039937E-6
-112.581087	-9.139379E-6
-112.560463	-1.152356E-5
-112.539840	-1.438459E-5
-112.519216	-1.668930E-5
-112.498592	-2.026558E-5
-112.477969	-2.336502E-5
-112.457345	-2.535184E-5
-112.436721	-2.614657E-5
-112.416098	-2.654394E-5
-112.395474	-2.590815E-5
-112.374850	-2.439817E-5
-112.354227	-2.074242E-5
-112.333603	-1.756350E-5
-112.312979	-1.366933E-5
-112.292356	-9.854635E-6
-112.271732	-5.404154E-6
-112.251109	-9.536743E-7
-112.230485	4.927317E-6
-112.209861	9.298325E-6
-112.189238	1.279513E-5
-112.168614	1.660983E-5
-112.147990	2.050400E-5
-112.127367	2.352397E-5
-112.106743	2.686183E-5
-112.086119	2.837181E-5
-112.065496	2.916654E-5
-112.044872	2.924601E-5
-112.024249	2.948443E-5
-112.003625	2.908707E-5
-111.983001	2.829234E-5
-111.962378	2.598763E-5
-111.941754	2.344449E-5
-111.921130	2.002716E-5
-111.900507	1.748403E-5
-111.879883	1.438459E-5
-111.859259	1.152356E-5
-111.838636	9.536743E-6
-111.818012	9.139379E-6
-111.797389	7.073085E-6
-111.776765	5.165736E-6
-111.756141	5.086263E-6
-111.735518	5.880992E-6
-111.714894	5.880992E-6
-111.694270	6.039937E-6
-111.673647	7.232030E-6
-111.653023	9.218852E-6
-111.632399	1.207987E-5
-111.611776	1.454353E-5
-111.591152	1.668930E-5
-111.570528	1.867612E-5
-111.549905	2.026558E-5
-111.529281	2.264977E-5
-111.508658	2.312660E-5
-111.488034	2.559026E-5
-111.467410	2.861023E-5
-111.446787	3.051758E-5
-111.426163	3.131231E-5
-111.405539	3.298124E-5
-111.384916	3.314018E-5
-111.364292	3.409386E-5
-111.343668	3.465017E-5
-111.323045	3.472964E-5
-111.302421	3.465017E-5
-111.281798	3.472964E-5
-111.261174	3.409386E-5
-111.240550	3.401438E-5
-111.219927	3.441175E-5
-111.199303	3.345807E-5
-111.178679	3.353755E-5
-111.158056	3.465017E-5
-111.137432	3.504753E-5
-111.116808	3.600121E-5
-111.096185	3.568331E-5
-111.075561	3.687541E-5
-111.054938	3.814697E-5
-111.034314	3.918012E-5
-111.013690	4.045169E-5
-110.993067	4.180272E-5
-110.972443	4.323324E-5
-110.951819	4.545848E-5
-110.931196	4.728635E-5
-110.910572	4.871686E-5
-110.889948	4.935265E-5
-110.869325	4.903475E-5
-110.848701	4.879634E-5
-110.828077	4.784266E-5
-110.807454	4.752477E-5
-110.786830	4.625320E-5
-110.766207	4.490217E-5
-110.745583	4.339218E-5
-110.724959	4.172325E-5
-110.704336	4.076958E-5
-110.683712	3.918012E-5
-110.663088	3.623962E-5
-110.642465	3.337860E-5
-110.621841	3.234545E-5
-110.601217	3.170967E-5
-110.580594	2.964338E-5
-110.559970	2.964338E-5
-110.539347	2.988180E-5
-110.518723	3.107389E-5
-110.498099	3.186862E-5
-110.477476	3.321966E-5
-110.456852	3.457069E-5
-110.436228	3.631910E-5
-110.415605	3.798803E-5
-110.394981	3.918012E-5
-110.374357	3.957748E-5
-110.353734	3.925959E-5
-110.333110	4.037221E-5
-110.312487	3.854434E-5
-110.291863	3.528595E-5
-110.271239	3.210704E-5
-110.250616	2.670288E-5
-110.229992	2.082189E-5
-110.209368	1.454353E-5
-110.188745	8.106232E-6
-110.168121	6.357829E-7
-110.147497	-6.834666E-6
-110.126874	-1.533826E-5
-110.106250	-2.280871E-5
-110.085626	-2.908707E-5
-110.065003	-3.536542E-5
-110.044379	-4.148483E-5
-110.023756	-4.824003E-5
-110.003132	-5.372365E-5
-109.982508	-5.920728E-5
-109.961885	-6.484985E-5
-109.941261	-6.794930E-5
-109.920637	-7.033348E-5
-109.900014	-7.319450E-5
-109.879390	-7.573764E-5
-109.858766	-7.891655E-5
-109.838143	-8.114179E-5
-109.817519	-8.400281E-5
-109.796896	-8.710225E-5
-109.776272	-8.948644E-5
-109.755648	-9.218852E-5
-109.735025	-9.568532E-5
-109.714401	-0.000100
-109.693777	-0.000103
-109.673154	-0.000106
-109.652530	-0.000107
-109.631906	-0.000108
-109.611283	-0.000108
-109.590659	-0.000107
-109.570036	-0.000106
-109.549412	-0.000106
-109.528788	-0.000105
-109.508165	-0.000103
-109.487541	-0.000101
-109.466917	-9.830793E-5
-109.446294	-9.727478E-5
-109.425670	-9.600321E-5
-109.405046	-9.552638E-5
-109.384423	-9.481112E-5
-109.363799	-9.473165E-5
-109.343176	-9.512901E-5
-109.322552	-9.655952E-5
-109.301928	-9.910266E-5
-109.281305	-0.000102
-109.260681	-0.000106
-109.240057	-0.000112
-109.219434	-0.000119
-109.198810	-0.000127
-109.178186	-0.000137
-109.157563	-0.000147
-109.136939	-0.000157
-109.116315	-0.000164
-109.095692	-0.000168
-109.075068	-0.000170
-109.054445	-0.000168
-109.033821	-0.000161
-109.013197	-0.000151
-108.992574	-0.000138
-108.971950	-0.000125
-108.951326	-0.000112
-108.930703	-0.000100
-108.910079	-9.457270E-5
-108.889455	-9.767214E-5
-108.868832	-0.000111
-108.848208	-0.000140
-108.827585	-0.000187
-108.806961	-0.000252
-108.786337	-0.000331
-108.765714	-0.000428
-108.745090	-0.000555
-108.724466	-0.000695
-108.703843	-0.000837
-108.683219	-0.000984
-108.662595	-0.001119
-108.641972	-0.001240
-108.621348	-0.001347
-108.600725	-0.001431
-108.580101	-0.001479
-108.559477	-0.001489
-108.538854	-0.001455
-108.518230	-0.001379
-108.497606	-0.001256
-108.476983	-0.001093
-108.456359	-0.000890
-108.435735	-0.000651
-108.415112	-0.000382
-108.394488	-8.670489E-5
-108.373864	0.000206
-108.353241	0.000491
-108.332617	0.000779
-108.311994	0.001078
-108.291370	0.001356
-108.270746	0.001581
-108.250123	0.001769
-108.229499	0.001918
-108.208875	0.002031
-108.188252	0.002114
-108.167628	0.002160
-108.147004	0.002160
-108.126381	0.002115
-108.105757	0.002035
-108.085134	0.001926
-108.064510	0.001796
-108.043886	0.001657
-108.023263	0.001513
-108.002639	0.001353
-107.982015	0.001172
-107.961392	0.000997
-107.940768	0.000840
-107.920144	0.000689
-107.899521	0.000543
-107.878897	0.000405
-107.858274	0.000283
-107.837650	0.000177
-107.817026	7.812182E-5
-107.796403	-1.080831E-5
-107.775779	-8.829435E-5
-107.755155	-0.000156
-107.734532	-0.000213
-107.713908	-0.000262
-107.693284	-0.000301
-107.672661	-0.000333
-107.652037	-0.000358
-107.631413	-0.000375
-107.610790	-0.000387
-107.590166	-0.000395
-107.569543	-0.000398
-107.548919	-0.000398
-107.528295	-0.000394
-107.507672	-0.000387
-107.487048	-0.000379
-107.466424	-0.000369
-107.445801	-0.000358
-107.425177	-0.000346
-107.404553	-0.000333
-107.383930	-0.000320
-107.363306	-0.000306
-107.342683	-0.000293
-107.322059	-0.000280
-107.301435	-0.000267
-107.280812	-0.000254
-107.260188	-0.000241
-107.239564	-0.000228
-107.218941	-0.000217
-107.198317	-0.000206
-107.177693	-0.000195
-107.157070	-0.000183
-107.136446	-0.000173
-107.115823	-0.000165
-107.095199	-0.000156
-107.074575	-0.000147
-107.053952	-0.000139
-107.033328	-0.000130
-107.012704	-0.000122
-106.992081	-0.000116
-106.971457	-0.000110
-106.950833	-0.000104
-106.930210	-9.735425E-5
-106.909586	-9.195010E-5
-106.888962	-8.670489E-5
-106.868339	-8.153915E-5
-106.847715	-7.677078E-5
-106.827092	-7.136663E-5
-106.806468	-6.707509E-5
-106.785844	-6.302198E-5
-106.765221	-5.936623E-5
-106.744597	-5.626678E-5
-106.723973	-5.348523E-5
-106.703350	-4.951159E-5
-106.682726	-4.736582E-5
-106.662102	-4.490217E-5
-106.641479	-4.220009E-5
-106.620855	-3.925959E-5
-106.600232	-3.774961E-5
-106.579608	-3.592173E-5
-106.558984	-3.306071E-5
-106.538361	-3.067652E-5
-106.517737	-2.884865E-5
-106.497113	-2.725919E-5
-106.476490	-2.566973E-5
-106.455866	-2.455711E-5
-106.435242	-2.320608E-5
-106.414619	-2.272924E-5
-106.393995	-2.177556E-5
-106.373372	-1.962980E-5
-106.352748	-1.915296E-5
-106.332124	-1.788139E-5
-106.311501	-1.668930E-5
-106.290877	-1.565615E-5
-106.270253	-1.494090E-5
-106.249630	-1.422564E-5
-106.229006	-1.343091E-5
-106.208382	-1.247724E-5
-106.187759	-1.247724E-5
-106.167135	-1.112620E-5
-106.146511	-1.041094E-5
-106.125888	-9.695689E-6
-106.105264	-8.980433E-6
-106.084641	-8.185705E-6
-106.064017	-8.424123E-6
-106.043393	-8.662542E-6
-106.022770	-7.708867E-6
-106.002146	-7.470449E-6
-105.981522	-7.390976E-6
-105.960899	-7.390976E-6
-105.940275	-6.914139E-6
-105.919651	-6.357829E-6
-105.899028	-6.278356E-6
-105.878404	-5.086263E-6
-105.857781	-4.529953E-6
-105.837157	-4.132589E-6
-105.816533	-4.688899E-6
-105.795910	-4.212062E-6
-105.775286	-4.291534E-6
-105.754662	-4.132589E-6
-105.734039	-4.609426E-6
-105.713415	-4.053116E-6
-105.692791	-3.019969E-6
-105.672168	-2.940496E-6
-105.651544	-3.417333E-6
-105.630921	-2.940496E-6
-105.610297	-3.496806E-6
-105.589673	-4.132589E-6
-105.569050	-3.258387E-6
-105.548426	-2.304713E-6
-105.527802	-2.861023E-6
-105.507179	-2.861023E-6
-105.486555	-2.543132E-6
-105.465931	-2.066294E-6
-105.445308	-2.066294E-6
-105.424684	-2.066294E-6
-105.404060	-2.304713E-6
-105.383437	-2.066294E-6
-105.362813	-1.986821E-6
-105.342190	-2.145767E-6
-105.321566	-2.304713E-6
-105.300942	-2.066294E-6
-105.280319	-1.351039E-6
-105.259695	-6.357829E-7
-105.239071	-7.152557E-7
-105.218448	-7.152557E-7
-105.197824	-6.357829E-7
-105.177200	-3.973643E-7
-105.156577	-2.384186E-7
-105.135953	-9.536743E-7
-105.115330	-7.152557E-7
-105.094706	-8.742015E-7
-105.074082	-1.192093E-6
-105.053459	-1.351039E-6
-105.032835	-1.192093E-6
-105.012211	-7.152557E-7
-104.991588	-5.563100E-7
-104.970964	-4.768372E-7
-104.950340	-1.192093E-6
-104.929717	-7.152557E-7
-104.909093	-3.973643E-7
-104.888470	-7.152557E-7
-104.867846	-3.178914E-7
-104.847222	-7.947286E-8
-104.826599	-3.178914E-7
-104.805975	-6.357829E-7
-104.785351	-1.112620E-6
-104.764728	-5.563100E-7
-104.744104	-4.768372E-7
-104.723480	-3.178914E-7
-104.702857	0.000000
-104.682233	0.000000
-104.661609	3.973643E-7
-104.640986	1.192093E-6
-104.620362	1.192093E-6
-104.599739	1.112620E-6
-104.579115	8.742015E-7
-104.558491	1.112620E-6
-104.537868	1.192093E-6
-104.517244	1.112620E-6
-104.496620	1.430511E-6
-104.475997	1.430511E-6
-104.455373	1.668930E-6
-104.434749	1.827876E-6
-104.414126	1.986821E-6
-104.393502	1.827876E-6
-104.372879	1.907349E-6
-104.352255	1.668930E-6
-104.331631	2.066294E-6
-104.311008	1.668930E-6
-104.290384	1.827876E-6
-104.269760	2.622604E-6
-104.249137	3.417333E-6
-104.228513	3.019969E-6
-104.207889	2.861023E-6
-104.187266	2.304713E-6
-104.166642	2.145767E-6
-104.146019	1.351039E-6
-104.125395	2.145767E-6
-104.104771	2.463659E-6
-104.084148	2.225240E-6
-104.063524	2.543132E-6
-104.042900	2.066294E-6
-104.022277	1.589457E-6
-104.001653	2.066294E-6
-103.981029	1.907349E-6
-103.960406	2.304713E-6
-103.939782	2.463659E-6
-103.919159	1.907349E-6
-103.898535	2.066294E-6
-103.877911	1.351039E-6
-103.857288	8.742015E-7
-103.836664	1.271566E-6
-103.816040	1.827876E-6
-103.795417	2.066294E-6
-103.774793	1.907349E-6
-103.754169	1.986821E-6
-103.733546	1.509984E-6
-103.712922	1.509984E-6
-103.692298	1.589457E-6
-103.671675	1.271566E-6
-103.651051	1.509984E-6
-103.630428	9.536743E-7
-103.609804	1.589457E-6
-103.589180	1.271566E-6
-103.568557	1.112620E-6
-103.547933	1.192093E-6
-103.527309	7.152557E-7
-103.506686	7.947286E-8
-103.486062	6.357829E-7
-103.465438	1.271566E-6
-103.444815	1.668930E-6
-103.424191	1.033147E-6
-103.403568	3.973643E-7
-103.382944	3.178914E-7
-103.362320	7.947286E-8
-103.341697	5.563100E-7
-103.321073	3.973643E-7
-103.300449	3.178914E-7
-103.279826	1.589457E-7
-103.259202	7.152557E-7
-103.238578	1.033147E-6
-103.217955	4.768372E-7
-103.197331	7.947286E-7
-103.176708	7.947286E-7
-103.156084	9.536743E-7
-103.135460	1.112620E-6
-103.114837	5.563100E-7
-103.094213	-3.178914E-7
-103.073589	7.947286E-8
-103.052966	3.973643E-7
-103.032342	2.384186E-7
-103.011718	4.768372E-7
-102.991095	2.384186E-7
-102.970471	4.768372E-7
-102.949847	7.947286E-8
-102.929224	3.178914E-7
-102.908600	-2.384186E-7
-102.887977	-3.178914E-7
-102.867353	1.589457E-7
-102.846729	-7.947286E-8
-102.826106	-3.973643E-7
-102.805482	-3.973643E-7
-102.784858	-7.947286E-8
-102.764235	-8.742015E-7
-102.743611	-6.357829E-7
-102.722987	7.947286E-8
-102.702364	2.384186E-7
-102.681740	5.563100E-7
-102.661117	2.384186E-7
-102.640493	7.947286E-8
-102.619869	5.563100E-7
-102.599246	0.000000
-102.578622	-7.947286E-8
-102.557998	8.742015E-7
-102.537375	1.033147E-6
-102.516751	-7.947286E-8
-102.496127	7.947286E-8
-102.475504	0.000000
-102.454880	-1.271566E-6
-102.434257	-1.351039E-6
-102.413633	-6.357829E-7
-102.393009	-1.589457E-7
-102.372386	-3.973643E-7
-102.351762	-6.357829E-7
-102.331138	-1.033147E-6
-102.310515	-3.178914E-7
-102.289891	-1.589457E-7
-102.269267	-3.973643E-7
-102.248644	-3.178914E-7
-102.228020	-2.384186E-7
-102.207396	-6.357829E-7
-102.186773	-7.152557E-7
-102.166149	-1.509984E-6
-102.145526	-1.509984E-6
-102.124902	-1.112620E-6
-102.104278	-1.589457E-6
-102.083655	-5.563100E-7
-102.063031	3.973643E-7
-102.042407	0.000000
-102.021784	-7.947286E-8
-102.001160	-3.178914E-7
-101.980536	-7.152557E-7
-101.959913	-8.742015E-7
-101.939289	-1.033147E-6
-101.918666	-7.947286E-7
-101.898042	-3.178914E-7
-101.877418	-4.768372E-7
-101.856795	-7.947286E-8
-101.836171	-1.589457E-7
-101.815547	-3.178914E-7
-101.794924	-7.947286E-7
-101.774300	-1.351039E-6
-101.753676	-7.947286E-7
-101.733053	-7.947286E-7
-101.712429	-7.152557E-7
-101.691806	-7.947286E-7
-101.671182	-4.768372E-7
-101.650558	-7.947286E-7
-101.629935	-1.192093E-6
-101.609311	-3.178914E-7
-101.588687	-5.563100E-7
-101.568064	-7.152557E-7
-101.547440	-4.768372E-7
-101.526816	-1.589457E-7
-101.506193	-5.563100E-7
-101.485569	-2.384186E-7
-101.464945	-3.973643E-7
-101.444322	-7.152557E-7
-101.423698	-3.178914E-7
-101.403075	-6.357829E-7
-101.382451	-7.947286E-7
-101.361827	-2.384186E-7
-101.341204	-1.589457E-7
-101.320580	-7.947286E-7
-101.299956	-6.357829E-7
-101.279333	-2.384186E-7
-101.258709	-9.536743E-7
-101.238085	-3.178914E-7
-101.217462	-7.947286E-8
-101.196838	-1.589457E-7
-101.176215	7.947286E-8
-101.155591	-6.357829E-7
-101.134967	-1.033147E-6
-101.114344	-2.384186E-7
-101.093720	4.768372E-7
-101.073096	9.536743E-7
-101.052473	7.947286E-7
-101.031849	3.178914E-7
-101.011225	-3.973643E-7
-100.990602	-7.947286E-7
-100.969978	-4.768372E-7
-100.949355	-2.384186E-7
-100.928731	-3.973643E-7
-100.908107	-6.357829E-7
-100.887484	-1.271566E-6
-100.866860	-1.589457E-7
-100.846236	2.384186E-7
-100.825613	3.178914E-7
-100.804989	-3.178914E-7
-100.784365	-9.536743E-7
-100.763742	-4.768372E-7
-100.743118	-2.384186E-7
-100.722494	-6.357829E-7
-100.701871	-7.947286E-7
-100.681247	-1.271566E-6
-100.660624	-3.178914E-7
-100.640000	-7.947286E-8
-100.619376	-7.947286E-8
-100.598753	1.589457E-7
-100.578129	0.000000
-100.557505	3.178914E-7
-100.536882	6.357829E-7
-100.516258	-7.947286E-8
-100.495634	0.000000
-100.475011	9.536743E-7
-100.454387	1.112620E-6
-100.433764	5.563100E-7
-100.413140	2.384186E-7
-100.392516	-3.973643E-7
-100.371893	-7.152557E-7
-100.351269	-9.536743E-7
-100.330645	-8.742015E-7
-100.310022	-3.178914E-7
-100.289398	-1.589457E-7
-100.268774	-3.178914E-7
-100.248151	1.589457E-7
-100.227527	3.973643E-7
-100.206904	1.589457E-7
-100.186280	5.563100E-7
-100.165656	3.973643E-7
-100.145033	2.384186E-7
-100.124409	7.947286E-8
-100.103785	7.947286E-7
-100.083162	-7.152557E-7
-100.062538	-6.357829E-7
-100.041914	2.384186E-7
-100.021291	1.589457E-7
