-143.000954	3.576279E-6
-142.980330	3.337860E-6
-142.959707	2.225240E-6
-142.939083	2.384186E-7
-142.918459	-7.947286E-7
-142.897836	7.947286E-8
-142.877212	-2.384186E-7
-142.856589	-7.947286E-7
-142.835965	-2.384186E-7
-142.815341	-7.947286E-8
-142.794718	-1.589457E-7
-142.774094	-1.589457E-7
-142.753470	3.973643E-7
-142.732847	1.986821E-6
-142.712223	2.940496E-6
-142.691599	4.609426E-6
-142.670976	5.960464E-6
-142.650352	6.914139E-6
-142.629729	7.549922E-6
-142.609105	7.629395E-6
-142.588481	8.583069E-6
-142.567858	9.377797E-6
-142.547234	7.947286E-6
-142.526610	7.390976E-6
-142.505987	6.914139E-6
-142.485363	6.278356E-6
-142.464739	5.324682E-6
-142.444116	4.927317E-6
-142.423492	4.609426E-6
-142.402868	4.291534E-6
-142.382245	5.006790E-6
-142.361621	4.847844E-6
-142.340998	4.529953E-6
-142.320374	4.609426E-6
-142.299750	4.371007E-6
-142.279127	3.735224E-6
-142.258503	3.496806E-6
-142.237879	4.053116E-6
-142.217256	4.529953E-6
-142.196632	5.165736E-6
-142.176008	5.960464E-6
-142.155385	6.198883E-6
-142.134761	6.278356E-6
-142.114138	6.357829E-6
-142.093514	5.563100E-6
-142.072890	5.404154E-6
-142.052267	5.324682E-6
-142.031643	5.165736E-6
-142.011019	5.245209E-6
-141.990396	5.006790E-6
-141.969772	4.768372E-6
-141.949148	3.655752E-6
-141.928525	2.384186E-6
-141.907901	1.589457E-6
-141.887278	8.742015E-7
-141.866654	7.947286E-8
-141.846030	-5.563100E-7
-141.825407	-1.509984E-6
-141.804783	-2.861023E-6
-141.784159	-3.894170E-6
-141.763536	-5.880992E-6
-141.742912	-6.278356E-6
-141.722288	-5.563100E-6
-141.701665	-5.642573E-6
-141.681041	-5.801519E-6
-141.660417	-6.278356E-6
-141.639794	-6.596247E-6
-141.619170	-6.198883E-6
-141.598547	-6.516774E-6
-141.577923	-5.960464E-6
-141.557299	-5.880992E-6
-141.536676	-5.722046E-6
-141.516052	-5.086263E-6
-141.495428	-5.006790E-6
-141.474805	-5.404154E-6
-141.454181	-4.450480E-6
-141.433557	-4.212062E-6
-141.412934	-4.053116E-6
-141.392310	-4.291534E-6
-141.371687	-3.735224E-6
-141.351063	-3.894170E-6
-141.330439	-4.212062E-6
-141.309816	-4.212062E-6
-141.289192	-4.688899E-6
-141.268568	-4.609426E-6
-141.247945	-4.927317E-6
-141.227321	-4.927317E-6
-141.206697	-5.483627E-6
-141.186074	-5.642573E-6
-141.165450	-6.278356E-6
-141.144827	-6.516774E-6
-141.124203	-6.755193E-6
-141.103579	-6.993612E-6
-141.082956	-8.106232E-6
-141.062332	-8.900960E-6
-141.041708	-8.662542E-6
-141.021085	-6.914139E-6
-141.000461	-5.880992E-6
-140.979837	-5.801519E-6
-140.959214	-4.688899E-6
-140.938590	-3.337860E-6
-140.917966	-2.861023E-6
-140.897343	-3.019969E-6
-140.876719	-1.986821E-6
-140.856096	-1.589457E-6
-140.835472	-6.357829E-7
-140.814848	-3.178914E-7
-140.794225	-4.768372E-7
-140.773601	-8.742015E-7
-140.752977	-9.536743E-7
-140.732354	-1.351039E-6
-140.711730	-3.576279E-6
-140.691106	-4.927317E-6
-140.670483	-5.404154E-6
-140.649859	-7.311503E-6
-140.629236	-9.775162E-6
-140.608612	-1.215935E-5
-140.587988	-1.335144E-5
-140.567365	-1.422564E-5
-140.546741	-1.573563E-5
-140.526117	-1.645088E-5
-140.505494	-1.645088E-5
-140.484870	-1.629194E-5
-140.464246	-1.446406E-5
-140.443623	-1.223882E-5
-140.422999	-1.112620E-5
-140.402376	-9.934107E-6
-140.381752	-8.026759E-6
-140.361128	-6.119410E-6
-140.340505	-4.450480E-6
-140.319881	-2.622604E-6
-140.299257	-7.947286E-7
-140.278634	7.947286E-7
-140.258010	2.543132E-6
-140.237386	2.940496E-6
-140.216763	3.019969E-6
-140.196139	3.973643E-6
-140.175515	5.006790E-6
-140.154892	4.609426E-6
-140.134268	3.735224E-6
-140.113645	2.384186E-6
-140.093021	1.827876E-6
-140.072397	1.033147E-6
-140.051774	-5.563100E-7
-140.031150	-2.066294E-6
-140.010526	-3.337860E-6
-139.989903	-5.324682E-6
-139.969279	-6.039937E-6
-139.948655	-8.185705E-6
-139.928032	-8.900960E-6
-139.907408	-9.377797E-6
-139.886785	-9.377797E-6
-139.866161	-9.934107E-6
-139.845537	-9.139379E-6
-139.824914	-8.344650E-6
-139.804290	-8.106232E-6
-139.783666	-6.357829E-6
-139.763043	-5.483627E-6
-139.742419	-3.417333E-6
-139.721795	-2.225240E-6
-139.701172	-1.033147E-6
-139.680548	1.271566E-6
-139.659925	2.940496E-6
-139.639301	4.053116E-6
-139.618677	5.960464E-6
-139.598054	6.437302E-6
-139.577430	7.470449E-6
-139.556806	8.265177E-6
-139.536183	8.185705E-6
-139.515559	8.026759E-6
-139.494935	8.742015E-6
-139.474312	9.059906E-6
-139.453688	9.218852E-6
-139.433064	8.424123E-6
-139.412441	8.265177E-6
-139.391817	6.993612E-6
-139.371194	5.960464E-6
-139.350570	5.801519E-6
-139.329946	4.371007E-6
-139.309323	4.053116E-6
-139.288699	3.417333E-6
-139.268075	2.145767E-6
-139.247452	1.986821E-6
-139.226828	2.145767E-6
-139.206204	2.940496E-6
-139.185581	2.702077E-6
-139.164957	2.463659E-6
-139.144334	3.576279E-6
-139.123710	3.735224E-6
-139.103086	3.973643E-6
-139.082463	4.291534E-6
-139.061839	4.927317E-6
-139.041215	4.688899E-6
-139.020592	5.006790E-6
-138.999968	5.404154E-6
-138.979344	4.768372E-6
-138.958721	3.576279E-6
-138.938097	3.894170E-6
-138.917474	1.907349E-6
-138.896850	6.357829E-7
-138.876226	4.768372E-7
-138.855603	-2.384186E-7
-138.834979	-1.589457E-6
-138.814355	-2.304713E-6
-138.793732	-3.735224E-6
-138.773108	-4.927317E-6
-138.752484	-4.927317E-6
-138.731861	-4.927317E-6
-138.711237	-4.529953E-6
-138.690613	-4.688899E-6
-138.669990	-3.576279E-6
-138.649366	-2.066294E-6
-138.628743	-1.351039E-6
-138.608119	4.768372E-7
-138.587495	1.509984E-6
-138.566872	3.337860E-6
-138.546248	5.165736E-6
-138.525624	6.278356E-6
-138.505001	7.232030E-6
-138.484377	7.232030E-6
-138.463753	8.742015E-6
-138.443130	8.821487E-6
-138.422506	9.139379E-6
-138.401883	8.821487E-6
-138.381259	8.821487E-6
-138.360635	7.470449E-6
-138.340012	6.437302E-6
-138.319388	6.039937E-6
-138.298764	5.642573E-6
-138.278141	4.291534E-6
-138.257517	3.337860E-6
-138.236893	3.655752E-6
-138.216270	2.702077E-6
-138.195646	1.192093E-6
-138.175023	2.066294E-6
-138.154399	2.781550E-6
-138.133775	2.066294E-6
-138.113152	1.748403E-6
-138.092528	2.463659E-6
-138.071904	2.463659E-6
-138.051281	2.861023E-6
-138.030657	3.178914E-6
-138.010033	2.781550E-6
-137.989410	2.384186E-6
-137.968786	2.304713E-6
-137.948162	2.304713E-6
-137.927539	1.986821E-6
-137.906915	1.192093E-6
-137.886292	-1.589457E-7
-137.865668	-3.973643E-7
-137.845044	-7.152557E-7
-137.824421	-1.589457E-6
-137.803797	-2.622604E-6
-137.783173	-2.622604E-6
-137.762550	-3.099442E-6
-137.741926	-4.132589E-6
-137.721302	-3.258387E-6
-137.700679	-2.622604E-6
-137.680055	-2.940496E-6
-137.659432	-2.304713E-6
-137.638808	-1.827876E-6
-137.618184	-7.152557E-7
-137.597561	-1.351039E-6
-137.576937	-4.768372E-7
-137.556313	-3.178914E-7
-137.535690	4.768372E-7
-137.515066	1.351039E-6
-137.494442	1.509984E-6
-137.473819	1.827876E-6
-137.453195	1.668930E-6
-137.432572	1.748403E-6
-137.411948	1.430511E-6
-137.391324	1.112620E-6
-137.370701	8.742015E-7
-137.350077	5.563100E-7
-137.329453	-3.178914E-7
-137.308830	-1.351039E-6
-137.288206	-1.748403E-6
-137.267582	-1.192093E-6
-137.246959	-1.430511E-6
-137.226335	-1.589457E-6
-137.205712	-2.384186E-6
-137.185088	-3.099442E-6
-137.164464	-4.371007E-6
-137.143841	-5.324682E-6
-137.123217	-6.039937E-6
-137.102593	-5.642573E-6
-137.081970	-6.198883E-6
-137.061346	-6.516774E-6
-137.040722	-7.390976E-6
-137.020099	-8.106232E-6
-136.999475	-7.867813E-6
-136.978851	-7.549922E-6
-136.958228	-7.629395E-6
-136.937604	-8.106232E-6
-136.916981	-7.232030E-6
-136.896357	-7.152557E-6
-136.875733	-7.549922E-6
-136.855110	-6.675720E-6
-136.834486	-6.039937E-6
-136.813862	-5.245209E-6
-136.793239	-3.894170E-6
-136.772615	-2.543132E-6
-136.751991	-1.907349E-6
-136.731368	7.947286E-8
-136.710744	1.668930E-6
-136.690121	3.178914E-6
-136.669497	4.371007E-6
-136.648873	5.642573E-6
-136.628250	6.278356E-6
-136.607626	7.470449E-6
-136.587002	7.390976E-6
-136.566379	7.549922E-6
-136.545755	6.596247E-6
-136.525131	5.245209E-6
-136.504508	3.496806E-6
-136.483884	2.304713E-6
-136.463261	7.947286E-7
-136.442637	-2.225240E-6
-136.422013	-4.768372E-6
-136.401390	-6.755193E-6
-136.380766	-8.742015E-6
-136.360142	-9.934107E-6
-136.339519	-1.080831E-5
-136.318895	-1.271566E-5
-136.298271	-1.335144E-5
-136.277648	-1.287460E-5
-136.257024	-1.311302E-5
-136.236400	-1.271566E-5
-136.215777	-1.207987E-5
-136.195153	-1.041094E-5
-136.174530	-8.821487E-6
-136.153906	-8.424123E-6
-136.133282	-6.755193E-6
-136.112659	-5.722046E-6
-136.092035	-4.768372E-6
-136.071411	-4.609426E-6
-136.050788	-3.655752E-6
-136.030164	-2.940496E-6
-136.009540	-1.589457E-6
-135.988917	-7.152557E-7
-135.968293	-4.768372E-7
-135.947670	3.178914E-7
-135.927046	1.271566E-6
-135.906422	2.304713E-6
-135.885799	3.178914E-6
-135.865175	3.735224E-6
-135.844551	3.655752E-6
-135.823928	4.609426E-6
-135.803304	4.847844E-6
-135.782680	5.324682E-6
-135.762057	6.198883E-6
-135.741433	6.834666E-6
-135.720810	6.039937E-6
-135.700186	4.927317E-6
-135.679562	3.973643E-6
-135.658939	2.463659E-6
-135.638315	1.430511E-6
-135.617691	4.768372E-7
-135.597068	-3.178914E-7
-135.576444	-1.748403E-6
-135.555820	-1.509984E-6
-135.535197	-2.861023E-6
-135.514573	-2.781550E-6
-135.493949	-3.894170E-6
-135.473326	-4.371007E-6
-135.452702	-3.814697E-6
-135.432079	-3.178914E-6
-135.411455	-3.178914E-6
-135.390831	-2.781550E-6
-135.370208	-2.304713E-6
-135.349584	-1.668930E-6
-135.328960	-5.563100E-7
-135.308337	7.947286E-8
-135.287713	5.563100E-7
-135.267089	1.430511E-6
-135.246466	7.152557E-7
-135.225842	3.973643E-7
-135.205219	5.563100E-7
-135.184595	4.768372E-7
-135.163971	3.973643E-7
-135.143348	1.589457E-7
-135.122724	-1.509984E-6
-135.102100	-1.351039E-6
-135.081477	-1.430511E-6
-135.060853	-1.668930E-6
-135.040229	-2.225240E-6
-135.019606	-2.304713E-6
-134.998982	-2.861023E-6
-134.978359	-2.463659E-6
-134.957735	-1.827876E-6
-134.937111	-1.192093E-6
-134.916488	-3.178914E-7
-134.895864	4.768372E-7
-134.875240	1.748403E-6
-134.854617	1.668930E-6
-134.833993	2.066294E-6
-134.813369	2.463659E-6
-134.792746	3.178914E-6
-134.772122	4.053116E-6
-134.751498	4.291534E-6
-134.730875	3.258387E-6
-134.710251	2.384186E-6
-134.689628	1.748403E-6
-134.669004	6.357829E-7
-134.648380	-9.536743E-7
-134.627757	-2.622604E-6
-134.607133	-4.371007E-6
-134.586509	-5.801519E-6
-134.565886	-6.675720E-6
-134.545262	-7.708867E-6
-134.524638	-8.503596E-6
-134.504015	-8.821487E-6
-134.483391	-9.536743E-6
-134.462768	-9.536743E-6
-134.442144	-9.139379E-6
-134.421520	-8.185705E-6
-134.400897	-8.424123E-6
-134.380273	-6.834666E-6
-134.359649	-7.708867E-6
-134.339026	-7.152557E-6
-134.318402	-6.198883E-6
-134.297778	-5.722046E-6
-134.277155	-5.642573E-6
-134.256531	-4.688899E-6
-134.235908	-3.814697E-6
-134.215284	-4.450480E-6
-134.194660	-3.417333E-6
-134.174037	-1.430511E-6
-134.153413	-7.947286E-7
-134.132789	7.947286E-8
-134.112166	1.589457E-6
-134.091542	2.225240E-6
-134.070918	4.291534E-6
-134.050295	5.563100E-6
-134.029671	6.039937E-6
-134.009047	6.675720E-6
-133.988424	7.073085E-6
-133.967800	8.583069E-6
-133.947177	9.377797E-6
-133.926553	1.001358E-5
-133.905929	9.218852E-6
-133.885306	7.470449E-6
-133.864682	7.629395E-6
-133.844058	6.357829E-6
-133.823435	4.688899E-6
-133.802811	2.861023E-6
-133.782187	8.742015E-7
-133.761564	-4.768372E-7
-133.740940	-2.622604E-6
-133.720317	-4.529953E-6
-133.699693	-5.722046E-6
-133.679069	-5.563100E-6
-133.658446	-6.675720E-6
-133.637822	-7.549922E-6
-133.617198	-7.708867E-6
-133.596575	-7.708867E-6
-133.575951	-7.867813E-6
-133.555327	-8.344650E-6
-133.534704	-8.424123E-6
-133.514080	-8.742015E-6
-133.493457	-7.867813E-6
-133.472833	-7.232030E-6
-133.452209	-6.675720E-6
-133.431586	-5.722046E-6
-133.410962	-4.609426E-6
-133.390338	-3.894170E-6
-133.369715	-3.099442E-6
-133.349091	-2.940496E-6
-133.328467	-2.225240E-6
-133.307844	-1.748403E-6
-133.287220	-7.947286E-7
-133.266596	1.430511E-6
-133.245973	2.861023E-6
-133.225349	2.702077E-6
-133.204726	3.178914E-6
-133.184102	4.371007E-6
-133.163478	5.165736E-6
-133.142855	5.563100E-6
-133.122231	6.357829E-6
-133.101607	6.278356E-6
-133.080984	6.834666E-6
-133.060360	5.880992E-6
-133.039736	6.437302E-6
-133.019113	6.119410E-6
-132.998489	5.801519E-6
-132.977866	5.165736E-6
-132.957242	4.609426E-6
-132.936618	3.576279E-6
-132.915995	2.543132E-6
-132.895371	1.907349E-6
-132.874747	0.000000
-132.854124	-7.947286E-7
-132.833500	-2.702077E-6
-132.812876	-2.940496E-6
-132.792253	-4.132589E-6
-132.771629	-5.006790E-6
-132.751006	-5.880992E-6
-132.730382	-6.357829E-6
-132.709758	-6.675720E-6
-132.689135	-6.516774E-6
-132.668511	-6.993612E-6
-132.647887	-7.549922E-6
-132.627264	-7.629395E-6
-132.606640	-7.629395E-6
-132.586016	-6.278356E-6
-132.565393	-4.768372E-6
-132.544769	-3.814697E-6
-132.524145	-3.258387E-6
-132.503522	-2.225240E-6
-132.482898	-9.536743E-7
-132.462275	3.973643E-7
-132.441651	1.509984E-6
-132.421027	2.702077E-6
-132.400404	4.291534E-6
-132.379780	5.086263E-6
-132.359156	6.198883E-6
-132.338533	6.596247E-6
-132.317909	7.152557E-6
-132.297285	8.662542E-6
-132.276662	8.900960E-6
-132.256038	9.775162E-6
-132.235415	1.049042E-5
-132.214791	1.041094E-5
-132.194167	1.088778E-5
-132.173544	1.025200E-5
-132.152920	9.616216E-6
-132.132296	8.344650E-6
-132.111673	6.675720E-6
-132.091049	5.086263E-6
-132.070425	3.973643E-6
-132.049802	2.463659E-6
-132.029178	-1.589457E-7
-132.008555	-2.225240E-6
-131.987931	-5.006790E-6
-131.967307	-7.073085E-6
-131.946684	-7.788340E-6
-131.926060	-8.583069E-6
-131.905436	-9.218852E-6
-131.884813	-1.017253E-5
-131.864189	-1.025200E-5
-131.843565	-9.775162E-6
-131.822942	-8.821487E-6
-131.802318	-7.788340E-6
-131.781695	-7.073085E-6
-131.761071	-5.404154E-6
-131.740447	-3.337860E-6
-131.719824	-1.589457E-6
-131.699200	-7.947286E-8
-131.678576	2.225240E-6
-131.657953	3.973643E-6
-131.637329	4.529953E-6
-131.616705	5.642573E-6
-131.596082	5.801519E-6
-131.575458	6.278356E-6
-131.554834	6.198883E-6
-131.534211	4.688899E-6
-131.513587	3.655752E-6
-131.492964	2.781550E-6
-131.472340	1.509984E-6
-131.451716	3.973643E-7
-131.431093	-1.033147E-6
-131.410469	-1.907349E-6
-131.389845	-3.099442E-6
-131.369222	-4.847844E-6
-131.348598	-5.006790E-6
-131.327974	-5.801519E-6
-131.307351	-6.039937E-6
-131.286727	-5.801519E-6
-131.266104	-5.324682E-6
-131.245480	-4.609426E-6
-131.224856	-4.847844E-6
-131.204233	-3.735224E-6
-131.183609	-2.384186E-6
-131.162985	-1.192093E-6
-131.142362	-1.668930E-6
-131.121738	-9.536743E-7
-131.101114	1.589457E-7
-131.080491	2.384186E-7
-131.059867	7.947286E-7
-131.039244	5.563100E-7
-131.018620	0.000000
-130.997996	-3.178914E-7
-130.977373	-1.589457E-7
-130.956749	-6.357829E-7
-130.936125	-1.192093E-6
-130.915502	-1.986821E-6
-130.894878	-3.099442E-6
-130.874254	-3.576279E-6
-130.853631	-4.212062E-6
-130.833007	-4.609426E-6
-130.812383	-5.563100E-6
-130.791760	-6.039937E-6
-130.771136	-6.914139E-6
-130.750513	-7.470449E-6
-130.729889	-7.232030E-6
-130.709265	-7.470449E-6
-130.688642	-8.106232E-6
-130.668018	-7.708867E-6
-130.647394	-7.232030E-6
-130.626771	-6.119410E-6
-130.606147	-4.132589E-6
-130.585523	-2.304713E-6
-130.564900	-7.152557E-7
-130.544276	1.271566E-6
-130.523653	3.337860E-6
-130.503029	5.483627E-6
-130.482405	7.788340E-6
-130.461782	9.218852E-6
-130.441158	1.041094E-5
-130.420534	1.064936E-5
-130.399911	1.041094E-5
-130.379287	1.096725E-5
-130.358663	1.104673E-5
-130.338040	1.025200E-5
-130.317416	9.218852E-6
-130.296793	7.073085E-6
-130.276169	5.722046E-6
-130.255545	3.576279E-6
-130.234922	3.178914E-7
-130.214298	-1.509984E-6
-130.193674	-3.655752E-6
-130.173051	-6.278356E-6
-130.152427	-9.139379E-6
-130.131803	-1.041094E-5
-130.111180	-1.017253E-5
-130.090556	-1.041094E-5
-130.069932	-1.049042E-5
-130.049309	-9.616216E-6
-130.028685	-8.503596E-6
-130.008062	-7.152557E-6
-129.987438	-5.324682E-6
-129.966814	-3.417333E-6
-129.946191	-1.827876E-6
-129.925567	-1.112620E-6
-129.904943	2.384186E-7
-129.884320	2.145767E-6
-129.863696	3.735224E-6
-129.843072	5.483627E-6
-129.822449	6.278356E-6
-129.801825	6.675720E-6
-129.781202	5.245209E-6
-129.760578	4.053116E-6
-129.739954	3.337860E-6
-129.719331	1.509984E-6
-129.698707	-1.192093E-6
-129.678083	-2.781550E-6
-129.657460	-4.927317E-6
-129.636836	-5.801519E-6
-129.616212	-6.993612E-6
-129.595589	-8.185705E-6
-129.574965	-8.344650E-6
-129.554342	-9.616216E-6
-129.533718	-9.854635E-6
-129.513094	-9.298325E-6
-129.492471	-8.503596E-6
-129.471847	-7.390976E-6
-129.451223	-7.629395E-6
-129.430600	-6.198883E-6
-129.409976	-5.483627E-6
-129.389352	-4.450480E-6
-129.368729	-2.384186E-6
-129.348105	-1.668930E-6
-129.327481	-6.357829E-7
-129.306858	2.384186E-7
-129.286234	3.973643E-7
-129.265611	5.563100E-7
-129.244987	7.947286E-8
-129.224363	2.384186E-7
-129.203740	-5.563100E-7
-129.183116	-1.668930E-6
-129.162492	-2.384186E-6
-129.141869	-3.973643E-6
-129.121245	-5.722046E-6
-129.100621	-6.993612E-6
-129.079998	-7.629395E-6
-129.059374	-7.867813E-6
-129.038751	-8.424123E-6
-129.018127	-7.629395E-6
-128.997503	-7.390976E-6
-128.976880	-7.788340E-6
-128.956256	-6.675720E-6
-128.935632	-6.755193E-6
-128.915009	-5.880992E-6
-128.894385	-4.132589E-6
-128.873761	-2.463659E-6
-128.853138	-1.509984E-6
-128.832514	8.742015E-7
-128.811891	3.258387E-6
-128.791267	4.609426E-6
-128.770643	6.357829E-6
-128.750020	7.311503E-6
-128.729396	7.152557E-6
-128.708772	7.549922E-6
-128.688149	8.662542E-6
-128.667525	8.742015E-6
-128.646901	7.311503E-6
-128.626278	5.801519E-6
-128.605654	3.576279E-6
-128.585030	1.192093E-6
-128.564407	-3.973643E-7
-128.543783	-2.543132E-6
-128.523160	-5.483627E-6
-128.502536	-7.788340E-6
-128.481912	-9.934107E-6
-128.461289	-1.144409E-5
-128.440665	-1.263618E-5
-128.420041	-1.319249E-5
-128.399418	-1.343091E-5
-128.378794	-1.279513E-5
-128.358170	-1.152356E-5
-128.337547	-1.009305E-5
-128.316923	-7.549922E-6
-128.296300	-3.894170E-6
-128.275676	-1.589457E-6
-128.255052	5.563100E-7
-128.234429	2.702077E-6
-128.213805	4.371007E-6
-128.193181	5.801519E-6
-128.172558	8.026759E-6
-128.151934	9.298325E-6
-128.131310	1.080831E-5
-128.110687	1.025200E-5
-128.090063	9.377797E-6
-128.069440	8.821487E-6
-128.048816	7.947286E-6
-128.028192	6.357829E-6
-128.007569	3.973643E-6
-127.986945	2.145767E-6
-127.966321	1.351039E-6
-127.945698	-1.033147E-6
-127.925074	-2.702077E-6
-127.904450	-4.053116E-6
-127.883827	-4.212062E-6
-127.863203	-5.324682E-6
-127.842579	-6.675720E-6
-127.821956	-7.867813E-6
-127.801332	-8.821487E-6
-127.780709	-8.980433E-6
-127.760085	-8.742015E-6
-127.739461	-8.026759E-6
-127.718838	-7.867813E-6
-127.698214	-7.708867E-6
-127.677590	-6.357829E-6
-127.656967	-4.212062E-6
-127.636343	-2.702077E-6
-127.615719	-1.986821E-6
-127.595096	-5.563100E-7
-127.574472	1.748403E-6
-127.553849	3.973643E-6
-127.533225	5.165736E-6
-127.512601	6.278356E-6
-127.491978	8.106232E-6
-127.471354	9.934107E-6
-127.450730	9.934107E-6
-127.430107	9.854635E-6
-127.409483	9.854635E-6
-127.388859	9.139379E-6
-127.368236	7.390976E-6
-127.347612	5.722046E-6
-127.326989	3.894170E-6
-127.306365	1.907349E-6
-127.285741	1.033147E-6
-127.265118	-1.112620E-6
-127.244494	-3.576279E-6
-127.223870	-4.688899E-6
-127.203247	-5.563100E-6
-127.182623	-5.086263E-6
-127.161999	-5.006790E-6
-127.141376	-5.642573E-6
-127.120752	-5.404154E-6
-127.100128	-4.371007E-6
-127.079505	-3.258387E-6
-127.058881	-2.622604E-6
-127.038258	-9.536743E-7
-127.017634	1.589457E-7
-126.997010	1.986821E-6
-126.976387	2.622604E-6
-126.955763	3.735224E-6
-126.935139	4.529953E-6
-126.914516	6.675720E-6
-126.893892	6.755193E-6
-126.873268	6.516774E-6
-126.852645	6.198883E-6
-126.832021	6.198883E-6
-126.811398	6.039937E-6
-126.790774	4.291534E-6
-126.770150	2.940496E-6
-126.749527	1.668930E-6
-126.728903	1.192093E-6
-126.708279	-4.768372E-7
-126.687656	-2.145767E-6
-126.667032	-3.576279E-6
-126.646408	-4.768372E-6
-126.625785	-5.245209E-6
-126.605161	-4.609426E-6
-126.584538	-4.291534E-6
-126.563914	-4.132589E-6
-126.543290	-2.861023E-6
-126.522667	-1.748403E-6
-126.502043	-2.384186E-7
-126.481419	1.192093E-6
-126.460796	3.655752E-6
-126.440172	4.927317E-6
-126.419548	7.073085E-6
-126.398925	8.821487E-6
-126.378301	1.041094E-5
-126.357678	1.112620E-5
-126.337054	1.136462E-5
-126.316430	1.247724E-5
-126.295807	1.231829E-5
-126.275183	1.080831E-5
-126.254559	9.218852E-6
-126.233936	7.867813E-6
-126.213312	5.642573E-6
-126.192688	3.178914E-6
-126.172065	1.351039E-6
-126.151441	-1.589457E-7
-126.130817	-2.225240E-6
-126.110194	-4.053116E-6
-126.089570	-5.483627E-6
-126.068947	-6.914139E-6
-126.048323	-7.073085E-6
-126.027699	-8.344650E-6
-126.007076	-9.536743E-6
-125.986452	-9.775162E-6
-125.965828	-1.033147E-5
-125.945205	-9.616216E-6
-125.924581	-8.185705E-6
-125.903957	-8.106232E-6
-125.883334	-7.470449E-6
-125.862710	-6.437302E-6
-125.842087	-5.245209E-6
-125.821463	-4.371007E-6
-125.800839	-2.145767E-6
-125.780216	-8.742015E-7
-125.759592	-2.384186E-7
-125.738968	1.351039E-6
-125.718345	1.748403E-6
-125.697721	1.907349E-6
-125.677097	2.702077E-6
-125.656474	2.463659E-6
-125.635850	2.384186E-6
-125.615227	2.225240E-6
-125.594603	1.430511E-6
-125.573979	7.947286E-8
-125.553356	-1.430511E-6
-125.532732	-3.735224E-6
-125.512108	-4.529953E-6
-125.491485	-6.596247E-6
-125.470861	-7.311503E-6
-125.450237	-7.867813E-6
-125.429614	-8.265177E-6
-125.408990	-8.662542E-6
-125.388366	-8.424123E-6
-125.367743	-7.390976E-6
-125.347119	-6.437302E-6
-125.326496	-5.165736E-6
-125.305872	-3.814697E-6
-125.285248	-2.304713E-6
-125.264625	-1.748403E-6
-125.244001	-7.152557E-7
-125.223377	7.947286E-7
-125.202754	2.145767E-6
-125.182130	1.907349E-6
-125.161506	2.066294E-6
-125.140883	2.145767E-6
-125.120259	2.463659E-6
-125.099636	2.145767E-6
-125.079012	1.827876E-6
-125.058388	1.192093E-6
-125.037765	1.668930E-6
-125.017141	9.536743E-7
-124.996517	6.357829E-7
-124.975894	7.947286E-8
-124.955270	7.947286E-8
-124.934646	-1.589457E-7
-124.914023	-1.430511E-6
-124.893399	-3.258387E-6
-124.872776	-5.404154E-6
-124.852152	-8.265177E-6
-124.831528	-1.231829E-5
-124.810905	-1.740456E-5
-124.790281	-2.161662E-5
-124.769657	-2.702077E-5
-124.749034	-3.266335E-5
-124.728410	-3.751119E-5
-124.707786	-4.291534E-5
-124.687163	-4.895528E-5
-124.666539	-5.467733E-5
-124.645915	-5.976359E-5
-124.625292	-6.604195E-5
-124.604668	-6.945928E-5
-124.584045	-7.041295E-5
-124.563421	-6.985664E-5
-124.542797	-6.739299E-5
-124.522174	-6.326040E-5
-124.501550	-5.896886E-5
-124.480926	-5.157789E-5
-124.460303	-4.212062E-5
-124.439679	-3.298124E-5
-124.419055	-2.320608E-5
-124.398432	-1.287460E-5
-124.377808	-1.668930E-6
-124.357185	1.056989E-5
-124.336561	2.304713E-5
-124.315937	3.457069E-5
-124.295314	4.498164E-5
-124.274690	5.443891E-5
-124.254066	6.254514E-5
-124.233443	6.858508E-5
-124.212819	7.430712E-5
-124.192195	7.883708E-5
-124.171572	8.169810E-5
-124.150948	8.447965E-5
-124.130325	8.598963E-5
-124.109701	8.662542E-5
-124.089077	8.583069E-5
-124.068454	8.384387E-5
-124.047830	7.939339E-5
-124.027206	7.422765E-5
-124.006583	6.945928E-5
-123.985959	6.477038E-5
-123.965335	5.896886E-5
-123.944712	5.197525E-5
-123.924088	4.545848E-5
-123.903464	3.918012E-5
-123.882841	3.282229E-5
-123.862217	2.614657E-5
-123.841594	1.978874E-5
-123.820970	1.462301E-5
-123.800346	8.980433E-6
-123.779723	3.655752E-6
-123.759099	-1.351039E-6
-123.738475	-6.914139E-6
-123.717852	-1.184146E-5
-123.697228	-1.494090E-5
-123.676604	-1.827876E-5
-123.655981	-2.066294E-5
-123.635357	-2.233187E-5
-123.614734	-2.288818E-5
-123.594110	-2.312660E-5
-123.573486	-2.304713E-5
-123.552863	-2.249082E-5
-123.532239	-2.153714E-5
-123.511615	-2.098083E-5
-123.490992	-1.970927E-5
-123.470368	-1.740456E-5
-123.449744	-1.573563E-5
-123.429121	-1.422564E-5
-123.408497	-1.247724E-5
-123.387874	-1.152356E-5
-123.367250	-1.072884E-5
-123.346626	-9.934107E-6
-123.326003	-9.934107E-6
-123.305379	-9.457270E-6
-123.284755	-9.695689E-6
-123.264132	-1.072884E-5
-123.243508	-1.160304E-5
-123.222884	-1.200040E-5
-123.202261	-1.207987E-5
-123.181637	-1.239777E-5
-123.161013	-1.287460E-5
-123.140390	-1.358986E-5
-123.119766	-1.335144E-5
-123.099143	-1.351039E-5
-123.078519	-1.271566E-5
-123.057895	-1.128515E-5
-123.037272	-9.298325E-6
-123.016648	-7.311503E-6
-122.996024	-5.006790E-6
-122.975401	-1.907349E-6
-122.954777	3.973643E-7
-122.934153	1.748403E-6
-122.913530	4.529953E-6
-122.892906	5.642573E-6
-122.872283	6.278356E-6
-122.851659	7.708867E-6
-122.831035	8.662542E-6
-122.810412	9.457270E-6
-122.789788	1.072884E-5
-122.769164	9.854635E-6
-122.748541	7.867813E-6
-122.727917	5.801519E-6
-122.707293	3.337860E-6
-122.686670	4.768372E-7
-122.666046	-2.145767E-6
-122.645423	-5.960464E-6
-122.624799	-8.583069E-6
-122.604175	-1.168251E-5
-122.583552	-1.446406E-5
-122.562928	-1.653035E-5
-122.542304	-1.811981E-5
-122.521681	-2.010663E-5
-122.501057	-2.129873E-5
-122.480433	-2.074242E-5
-122.459810	-2.074242E-5
-122.439186	-2.042452E-5
-122.418562	-1.978874E-5
-122.397939	-1.780192E-5
-122.377315	-1.557668E-5
-122.356692	-1.327197E-5
-122.336068	-9.934107E-6
-122.315444	-7.232030E-6
-122.294821	-4.847844E-6
-122.274197	-1.509984E-6
-122.253573	1.271566E-6
-122.232950	3.894170E-6
-122.212326	5.960464E-6
-122.191702	8.900960E-6
-122.171079	1.088778E-5
-122.150455	1.255671E-5
-122.129832	1.311302E-5
-122.109208	1.303355E-5
-122.088584	1.215935E-5
-122.067961	1.231829E-5
-122.047337	1.168251E-5
-122.026713	1.072884E-5
-122.006090	8.980433E-6
-121.985466	8.026759E-6
-121.964842	5.960464E-6
-121.944219	4.768372E-6
-121.923595	3.099442E-6
-121.902972	1.271566E-6
-121.882348	-5.563100E-7
-121.861724	-1.907349E-6
-121.841101	-2.543132E-6
-121.820477	-3.258387E-6
-121.799853	-4.688899E-6
-121.779230	-5.324682E-6
-121.758606	-5.960464E-6
-121.737982	-6.675720E-6
-121.717359	-6.755193E-6
-121.696735	-7.470449E-6
-121.676111	-7.629395E-6
-121.655488	-7.152557E-6
-121.634864	-6.437302E-6
-121.614241	-5.404154E-6
-121.593617	-4.768372E-6
-121.572993	-4.768372E-6
-121.552370	-3.496806E-6
-121.531746	-2.781550E-6
-121.511122	-1.827876E-6
-121.490499	-1.748403E-6
-121.469875	-1.748403E-6
-121.449251	-1.351039E-6
-121.428628	-1.827876E-6
-121.408004	-1.907349E-6
-121.387381	-2.861023E-6
-121.366757	-3.735224E-6
-121.346133	-3.258387E-6
-121.325510	-2.940496E-6
-121.304886	-3.258387E-6
-121.284262	-2.066294E-6
-121.263639	-2.304713E-6
-121.243015	-2.066294E-6
-121.222391	7.947286E-8
-121.201768	2.225240E-6
-121.181144	5.165736E-6
-121.160521	8.742015E-6
-121.139897	1.049042E-5
-121.119273	1.382828E-5
-121.098650	1.565615E-5
-121.078026	1.740456E-5
-121.057402	1.947085E-5
-121.036779	2.010663E-5
-121.016155	2.066294E-5
-120.995531	2.058347E-5
-120.974908	1.986821E-5
-120.954284	1.859665E-5
-120.933661	1.573563E-5
-120.913037	1.192093E-5
-120.892413	7.629395E-6
-120.871790	2.940496E-6
-120.851166	-1.509984E-6
-120.830542	-5.245209E-6
-120.809919	-1.064936E-5
-120.789295	-1.541773E-5
-120.768671	-1.907349E-5
-120.748048	-2.257029E-5
-120.727424	-2.360344E-5
-120.706800	-2.487501E-5
-120.686177	-2.479553E-5
-120.665553	-2.503395E-5
-120.644930	-2.535184E-5
-120.624306	-2.503395E-5
-120.603682	-2.368291E-5
-120.583059	-2.153714E-5
-120.562435	-1.859665E-5
-120.541811	-1.478195E-5
-120.521188	-1.088778E-5
-120.500564	-5.722046E-6
-120.479940	-6.357829E-7
-120.459317	4.371007E-6
-120.438693	9.854635E-6
-120.418070	1.454353E-5
-120.397446	1.772245E-5
-120.376822	2.090136E-5
-120.356199	2.408028E-5
-120.335575	2.582868E-5
-120.314951	2.638499E-5
-120.294328	2.543132E-5
-120.273704	2.304713E-5
-120.253080	2.058347E-5
-120.232457	1.700719E-5
-120.211833	1.128515E-5
-120.191210	5.245209E-6
-120.170586	-7.152557E-7
-120.149962	-6.278356E-6
-120.129339	-1.239777E-5
-120.108715	-1.899401E-5
-120.088091	-2.439817E-5
-120.067468	-2.845128E-5
-120.046844	-3.115336E-5
-120.026220	-3.337860E-5
-120.005597	-3.425280E-5
-119.984973	-3.552437E-5
-119.964349	-3.584226E-5
-119.943726	-3.528595E-5
-119.923102	-3.314018E-5
-119.902479	-2.948443E-5
-119.881855	-2.614657E-5
-119.861231	-2.241135E-5
-119.840608	-1.859665E-5
-119.819984	-1.478195E-5
-119.799360	-1.096725E-5
-119.778737	-8.106232E-6
-119.758113	-5.642573E-6
-119.737489	-3.258387E-6
-119.716866	-1.112620E-6
-119.696242	1.192093E-6
-119.675619	3.576279E-6
-119.654995	4.291534E-6
-119.634371	4.768372E-6
-119.613748	5.960464E-6
-119.593124	6.198883E-6
-119.572500	6.278356E-6
-119.551877	5.404154E-6
-119.531253	6.039937E-6
-119.510629	6.357829E-6
-119.490006	7.232030E-6
-119.469382	8.265177E-6
-119.448759	8.662542E-6
-119.428135	9.457270E-6
-119.407511	1.056989E-5
-119.386888	1.176198E-5
-119.366264	1.255671E-5
-119.345640	1.311302E-5
-119.325017	1.295408E-5
-119.304393	1.398722E-5
-119.283769	1.494090E-5
-119.263146	1.549721E-5
-119.242522	1.557668E-5
-119.221898	1.462301E-5
-119.201275	1.374880E-5
-119.180651	1.223882E-5
-119.160028	1.049042E-5
-119.139404	6.596247E-6
-119.118780	3.814697E-6
-119.098157	7.947286E-7
-119.077533	-2.304713E-6
-119.056909	-5.960464E-6
-119.036286	-9.139379E-6
-119.015662	-1.223882E-5
-118.995038	-1.478195E-5
-118.974415	-1.549721E-5
-118.953791	-1.724561E-5
-118.933168	-1.804034E-5
-118.912544	-1.859665E-5
-118.891920	-1.796087E-5
-118.871297	-1.780192E-5
-118.850673	-1.653035E-5
-118.830049	-1.438459E-5
-118.809426	-1.223882E-5
-118.788802	-9.536743E-6
-118.768178	-6.675720E-6
-118.747555	-4.053116E-6
-118.726931	-7.152557E-7
-118.706308	1.907349E-6
-118.685684	3.417333E-6
-118.665060	5.245209E-6
-118.644437	7.549922E-6
-118.623813	8.980433E-6
-118.603189	9.377797E-6
-118.582566	9.854635E-6
-118.561942	1.064936E-5
-118.541318	1.001358E-5
-118.520695	9.298325E-6
-118.500071	9.139379E-6
-118.479447	7.549922E-6
-118.458824	5.880992E-6
-118.438200	3.973643E-6
-118.417577	1.430511E-6
-118.396953	-7.152557E-7
-118.376329	-2.622604E-6
-118.355706	-4.768372E-6
-118.335082	-6.039937E-6
-118.314458	-7.073085E-6
-118.293835	-7.629395E-6
-118.273211	-7.867813E-6
-118.252587	-7.867813E-6
-118.231964	-6.278356E-6
-118.211340	-4.927317E-6
-118.190717	-5.245209E-6
-118.170093	-4.053116E-6
-118.149469	-3.496806E-6
-118.128846	-2.622604E-6
-118.108222	-1.271566E-6
-118.087598	-9.536743E-7
-118.066975	-7.947286E-7
-118.046351	2.384186E-7
-118.025727	6.357829E-7
-118.005104	6.357829E-7
-117.984480	-3.973643E-7
-117.963857	-1.271566E-6
-117.943233	-1.033147E-6
-117.922609	-1.748403E-6
-117.901986	-1.509984E-6
-117.881362	-2.622604E-6
-117.860738	-2.225240E-6
-117.840115	-2.225240E-6
-117.819491	-1.986821E-6
-117.798867	-1.668930E-6
-117.778244	-7.947286E-7
-117.757620	4.768372E-7
-117.736996	1.509984E-6
-117.716373	2.940496E-6
-117.695749	4.529953E-6
-117.675126	5.006790E-6
-117.654502	5.165736E-6
-117.633878	6.039937E-6
-117.613255	7.152557E-6
-117.592631	7.867813E-6
-117.572007	8.503596E-6
-117.551384	8.265177E-6
-117.530760	8.742015E-6
-117.510136	8.344650E-6
-117.489513	8.026759E-6
-117.468889	7.470449E-6
-117.448266	7.470449E-6
-117.427642	6.119410E-6
-117.407018	4.768372E-6
-117.386395	3.973643E-6
-117.365771	1.430511E-6
-117.345147	-2.384186E-7
-117.324524	-1.986821E-6
-117.303900	-3.735224E-6
-117.283276	-5.404154E-6
-117.262653	-7.470449E-6
-117.242029	-8.503596E-6
-117.221406	-1.025200E-5
-117.200782	-1.160304E-5
-117.180158	-1.295408E-5
-117.159535	-1.351039E-5
-117.138911	-1.454353E-5
-117.118287	-1.454353E-5
-117.097664	-1.311302E-5
-117.077040	-1.207987E-5
-117.056416	-1.025200E-5
-117.035793	-7.629395E-6
-117.015169	-5.324682E-6
-116.994545	-3.019969E-6
-116.973922	-5.563100E-7
-116.953298	3.019969E-6
-116.932675	5.404154E-6
-116.912051	6.993612E-6
-116.891427	8.344650E-6
-116.870804	9.377797E-6
-116.850180	9.775162E-6
-116.829556	1.112620E-5
-116.808933	1.207987E-5
-116.788309	1.231829E-5
-116.767685	1.255671E-5
-116.747062	1.223882E-5
-116.726438	1.104673E-5
-116.705815	9.218852E-6
-116.685191	8.026759E-6
-116.664567	5.245209E-6
-116.643944	3.735224E-6
-116.623320	2.463659E-6
-116.602696	3.178914E-7
-116.582073	-1.589457E-6
-116.561449	-2.384186E-6
-116.540825	-5.006790E-6
-116.520202	-7.152557E-6
-116.499578	-8.980433E-6
-116.478955	-1.009305E-5
-116.458331	-1.223882E-5
-116.437707	-1.406670E-5
-116.417084	-1.454353E-5
-116.396460	-1.366933E-5
-116.375836	-1.366933E-5
-116.355213	-1.327197E-5
-116.334589	-1.239777E-5
-116.313965	-1.064936E-5
-116.293342	-8.742015E-6
-116.272718	-7.152557E-6
-116.252094	-4.768372E-6
-116.231471	-3.099442E-6
-116.210847	-1.112620E-6
-116.190224	4.768372E-7
-116.169600	1.748403E-6
-116.148976	2.861023E-6
-116.128353	3.496806E-6
-116.107729	4.847844E-6
-116.087105	5.324682E-6
-116.066482	5.006790E-6
-116.045858	5.006790E-6
-116.025234	5.722046E-6
-116.004611	5.483627E-6
-115.983987	4.927317E-6
-115.963364	4.212062E-6
-115.942740	4.212062E-6
-115.922116	3.894170E-6
-115.901493	3.576279E-6
-115.880869	2.384186E-6
-115.860245	1.509984E-6
-115.839622	1.112620E-6
-115.818998	1.827876E-6
-115.798374	2.066294E-6
-115.777751	2.145767E-6
-115.757127	2.145767E-6
-115.736504	2.225240E-6
-115.715880	1.668930E-6
-115.695256	1.430511E-6
-115.674633	8.742015E-7
-115.654009	3.973643E-7
-115.633385	6.357829E-7
-115.612762	6.357829E-7
-115.592138	3.178914E-7
-115.571514	7.152557E-7
-115.550891	2.384186E-7
-115.530267	-4.768372E-7
-115.509644	-3.178914E-7
-115.489020	3.973643E-7
-115.468396	3.973643E-7
-115.447773	-5.563100E-7
-115.427149	-2.384186E-7
-115.406525	-8.742015E-7
-115.385902	-1.112620E-6
-115.365278	-9.536743E-7
-115.344654	-2.225240E-6
-115.324031	-4.291534E-6
-115.303407	-5.006790E-6
-115.282783	-5.245209E-6
-115.262160	-6.437302E-6
-115.241536	-7.390976E-6
-115.220913	-7.470449E-6
-115.200289	-8.821487E-6
-115.179665	-1.072884E-5
-115.159042	-1.072884E-5
-115.138418	-1.104673E-5
-115.117794	-1.144409E-5
-115.097171	-1.017253E-5
-115.076547	-8.900960E-6
-115.055923	-8.265177E-6
-115.035300	-6.437302E-6
-115.014676	-5.086263E-6
-114.994053	-3.894170E-6
-114.973429	-1.907349E-6
-114.952805	-3.178914E-7
-114.932182	8.742015E-7
-114.911558	2.543132E-6
-114.890934	3.258387E-6
-114.870311	3.655752E-6
-114.849687	2.940496E-6
-114.829063	2.463659E-6
-114.808440	1.827876E-6
-114.787816	4.768372E-7
-114.767193	-1.589457E-6
-114.746569	-2.622604E-6
-114.725945	-3.178914E-6
-114.705322	-4.768372E-6
-114.684698	-4.450480E-6
-114.664074	-5.563100E-6
-114.643451	-5.563100E-6
-114.622827	-5.880992E-6
-114.602203	-6.119410E-6
-114.581580	-6.437302E-6
-114.560956	-7.232030E-6
-114.540332	-7.470449E-6
-114.519709	-7.311503E-6
-114.499085	-7.152557E-6
-114.478462	-7.390976E-6
-114.457838	-6.993612E-6
-114.437214	-6.357829E-6
-114.416591	-6.039937E-6
-114.395967	-6.516774E-6
-114.375343	-6.357829E-6
-114.354720	-5.404154E-6
-114.334096	-3.496806E-6
-114.313472	-2.702077E-6
-114.292849	-2.304713E-6
-114.272225	-5.563100E-7
-114.251602	4.768372E-7
-114.230978	1.509984E-6
-114.210354	3.178914E-6
-114.189731	4.132589E-6
-114.169107	4.450480E-6
-114.148483	4.847844E-6
-114.127860	5.563100E-6
-114.107236	7.073085E-6
-114.086612	7.549922E-6
-114.065989	8.344650E-6
-114.045365	7.708867E-6
-114.024742	7.390976E-6
-114.004118	8.900960E-6
-113.983494	9.059906E-6
-113.962871	9.934107E-6
-113.942247	9.377797E-6
-113.921623	8.662542E-6
-113.901000	8.503596E-6
-113.880376	9.457270E-6
-113.859752	9.298325E-6
-113.839129	8.265177E-6
-113.818505	7.390976E-6
-113.797881	6.198883E-6
-113.777258	5.324682E-6
-113.756634	4.212062E-6
-113.736011	2.543132E-6
-113.715387	1.509984E-6
-113.694763	5.563100E-7
-113.674140	-3.973643E-7
-113.653516	-1.112620E-6
-113.632892	-1.748403E-6
-113.612269	-4.291534E-6
-113.591645	-5.483627E-6
-113.571021	-5.404154E-6
-113.550398	-5.324682E-6
-113.529774	-6.119410E-6
-113.509151	-7.390976E-6
-113.488527	-8.026759E-6
-113.467903	-8.742015E-6
-113.447280	-8.980433E-6
-113.426656	-8.821487E-6
-113.406032	-9.695689E-6
-113.385409	-9.854635E-6
-113.364785	-9.616216E-6
-113.344161	-8.344650E-6
-113.323538	-6.993612E-6
-113.302914	-6.755193E-6
-113.282291	-5.722046E-6
-113.261667	-3.337860E-6
-113.241043	-2.384186E-6
-113.220420	-5.563100E-7
-113.199796	1.827876E-6
-113.179172	3.735224E-6
-113.158549	5.563100E-6
-113.137925	8.026759E-6
-113.117301	8.742015E-6
-113.096678	9.934107E-6
-113.076054	9.377797E-6
-113.055430	8.503596E-6
-113.034807	7.788340E-6
-113.014183	6.119410E-6
-112.993560	3.576279E-6
-112.972936	1.033147E-6
-112.952312	-1.271566E-6
-112.931689	-2.304713E-6
-112.911065	-3.655752E-6
-112.890441	-5.245209E-6
-112.869818	-6.675720E-6
-112.849194	-6.914139E-6
-112.828570	-7.629395E-6
-112.807947	-7.390976E-6
-112.787323	-7.311503E-6
-112.766700	-5.960464E-6
-112.746076	-4.847844E-6
-112.725452	-4.529953E-6
-112.704829	-3.417333E-6
-112.684205	-2.543132E-6
-112.663581	-1.986821E-6
-112.642958	-7.947286E-7
-112.622334	1.589457E-7
-112.601710	1.668930E-6
-112.581087	2.543132E-6
-112.560463	3.178914E-6
-112.539840	2.384186E-6
-112.519216	2.304713E-6
-112.498592	2.940496E-6
-112.477969	3.735224E-6
-112.457345	4.053116E-6
-112.436721	2.225240E-6
-112.416098	1.271566E-6
-112.395474	7.947286E-7
-112.374850	-7.947286E-8
-112.354227	-9.536743E-7
-112.333603	-2.781550E-6
-112.312979	-4.688899E-6
-112.292356	-5.801519E-6
-112.271732	-6.675720E-6
-112.251109	-7.549922E-6
-112.230485	-7.947286E-6
-112.209861	-8.503596E-6
-112.189238	-8.106232E-6
-112.168614	-7.152557E-6
-112.147990	-5.483627E-6
-112.127367	-4.291534E-6
-112.106743	-2.225240E-6
-112.086119	-9.536743E-7
-112.065496	1.430511E-6
-112.044872	4.053116E-6
-112.024249	6.039937E-6
-112.003625	8.344650E-6
-111.983001	1.080831E-5
-111.962378	1.184146E-5
-111.941754	1.263618E-5
-111.921130	1.327197E-5
-111.900507	1.430511E-5
-111.879883	1.390775E-5
-111.859259	1.351039E-5
-111.838636	1.247724E-5
-111.818012	1.128515E-5
-111.797389	1.017253E-5
-111.776765	9.457270E-6
-111.756141	8.026759E-6
-111.735518	6.834666E-6
-111.714894	5.165736E-6
-111.694270	4.053116E-6
-111.673647	2.066294E-6
-111.653023	3.973643E-7
-111.632399	-8.742015E-7
-111.611776	-1.509984E-6
-111.591152	-2.066294E-6
-111.570528	-2.384186E-6
-111.549905	-3.099442E-6
-111.529281	-2.702077E-6
-111.508658	-2.781550E-6
-111.488034	-2.543132E-6
-111.467410	-2.066294E-6
-111.446787	-1.192093E-6
-111.426163	7.947286E-8
-111.405539	2.861023E-6
-111.384916	4.847844E-6
-111.364292	7.947286E-6
-111.343668	9.695689E-6
-111.323045	1.120567E-5
-111.302421	1.358986E-5
-111.281798	1.597404E-5
-111.261174	1.668930E-5
-111.240550	1.740456E-5
-111.219927	1.939138E-5
-111.199303	2.018611E-5
-111.178679	1.955032E-5
-111.158056	1.819928E-5
-111.137432	1.740456E-5
-111.116808	1.637141E-5
-111.096185	1.525879E-5
-111.075561	1.327197E-5
-111.054938	1.207987E-5
-111.034314	1.120567E-5
-111.013690	9.457270E-6
-110.993067	8.026759E-6
-110.972443	6.993612E-6
-110.951819	6.596247E-6
-110.931196	7.073085E-6
-110.910572	7.152557E-6
-110.889948	7.390976E-6
-110.869325	7.867813E-6
-110.848701	9.139379E-6
-110.828077	9.854635E-6
-110.807454	1.168251E-5
-110.786830	1.327197E-5
-110.766207	1.470248E-5
-110.745583	1.581510E-5
-110.724959	1.605352E-5
-110.704336	1.692772E-5
-110.683712	1.748403E-5
-110.663088	1.716614E-5
-110.642465	1.708666E-5
-110.621841	1.653035E-5
-110.601217	1.494090E-5
-110.580594	1.223882E-5
-110.559970	1.041094E-5
-110.539347	7.073085E-6
-110.518723	3.814697E-6
-110.498099	7.947286E-7
-110.477476	-1.986821E-6
-110.456852	-4.927317E-6
-110.436228	-6.675720E-6
-110.415605	-9.139379E-6
-110.394981	-1.025200E-5
-110.374357	-1.049042E-5
-110.353734	-1.088778E-5
-110.333110	-9.695689E-6
-110.312487	-9.457270E-6
-110.291863	-8.344650E-6
-110.271239	-6.993612E-6
-110.250616	-4.609426E-6
-110.229992	-1.509984E-6
-110.209368	1.112620E-6
-110.188745	3.417333E-6
-110.168121	5.563100E-6
-110.147497	7.073085E-6
-110.126874	8.106232E-6
-110.106250	8.185705E-6
-110.085626	7.390976E-6
-110.065003	6.834666E-6
-110.044379	5.642573E-6
-110.023756	3.417333E-6
-110.003132	1.589457E-6
-109.982508	-1.192093E-6
-109.961885	-3.735224E-6
-109.941261	-5.563100E-6
-109.920637	-7.947286E-6
-109.900014	-9.139379E-6
-109.879390	-1.088778E-5
-109.858766	-1.152356E-5
-109.838143	-1.279513E-5
-109.817519	-1.374880E-5
-109.796896	-1.374880E-5
-109.776272	-1.462301E-5
-109.755648	-1.533826E-5
-109.735025	-1.533826E-5
-109.714401	-1.525879E-5
-109.693777	-1.462301E-5
-109.673154	-1.406670E-5
-109.652530	-1.255671E-5
-109.631906	-1.096725E-5
-109.611283	-1.096725E-5
-109.590659	-1.056989E-5
-109.570036	-1.033147E-5
-109.549412	-1.080831E-5
-109.528788	-1.104673E-5
-109.508165	-1.176198E-5
-109.487541	-1.303355E-5
-109.466917	-1.382828E-5
-109.446294	-1.430511E-5
-109.425670	-1.517932E-5
-109.405046	-1.653035E-5
-109.384423	-1.875559E-5
-109.363799	-1.994769E-5
-109.343176	-2.106031E-5
-109.322552	-2.185504E-5
-109.301928	-2.280871E-5
-109.281305	-2.423922E-5
-109.260681	-2.495448E-5
-109.240057	-2.622604E-5
-109.219434	-2.622604E-5
-109.198810	-2.614657E-5
-109.178186	-2.566973E-5
-109.157563	-2.423922E-5
-109.136939	-2.280871E-5
-109.116315	-2.129873E-5
-109.095692	-1.899401E-5
-109.075068	-1.637141E-5
-109.054445	-1.486142E-5
-109.033821	-1.200040E-5
-109.013197	-8.821487E-6
-108.992574	-7.152557E-6
-108.971950	-5.722046E-6
-108.951326	-4.371007E-6
-108.930703	-4.212062E-6
-108.910079	-3.735224E-6
-108.889455	-3.576279E-6
-108.868832	-4.132589E-6
-108.848208	-5.880992E-6
-108.827585	-8.185705E-6
-108.806961	-1.096725E-5
-108.786337	-1.351039E-5
-108.765714	-1.597404E-5
-108.745090	-1.915296E-5
-108.724466	-2.233187E-5
-108.703843	-2.288818E-5
-108.683219	-2.344449E-5
-108.662595	-2.304713E-5
-108.641972	-2.193451E-5
-108.621348	-1.915296E-5
-108.600725	-1.629194E-5
-108.580101	-1.343091E-5
-108.559477	-9.139379E-6
-108.538854	-4.212062E-6
-108.518230	1.748403E-6
-108.497606	7.708867E-6
-108.476983	1.287460E-5
-108.456359	1.947085E-5
-108.435735	2.606710E-5
-108.415112	3.139178E-5
-108.394488	3.631910E-5
-108.373864	4.124641E-5
-108.353241	4.514058E-5
-108.332617	4.752477E-5
-108.311994	4.911423E-5
-108.291370	5.046527E-5
-108.270746	5.046527E-5
-108.250123	4.887581E-5
-108.229499	4.577637E-5
-108.208875	4.164378E-5
-108.188252	3.814697E-5
-108.167628	3.480911E-5
-108.147004	3.123283E-5
-108.126381	2.694130E-5
-108.105757	2.296766E-5
-108.085134	1.851718E-5
-108.064510	1.422564E-5
-108.043886	1.128515E-5
-108.023263	8.662542E-6
-108.002639	6.039937E-6
-107.982015	5.006790E-6
-107.961392	4.768372E-6
-107.940768	5.880992E-6
-107.920144	7.390976E-6
-107.899521	8.503596E-6
-107.878897	1.136462E-5
-107.858274	1.351039E-5
-107.837650	1.676877E-5
-107.817026	2.050400E-5
-107.796403	2.495448E-5
-107.775779	2.964338E-5
-107.755155	3.306071E-5
-107.734532	3.465017E-5
-107.713908	3.663699E-5
-107.693284	3.870328E-5
-107.672661	3.933907E-5
-107.652037	4.013379E-5
-107.631413	4.084905E-5
-107.610790	4.116694E-5
-107.590166	3.973643E-5
-107.569543	3.973643E-5
-107.548919	3.989538E-5
-107.528295	3.933907E-5
-107.507672	3.774961E-5
-107.487048	3.767014E-5
-107.466424	3.751119E-5
-107.445801	3.671646E-5
-107.425177	3.655752E-5
-107.404553	3.687541E-5
-107.383930	3.623962E-5
-107.363306	3.663699E-5
-107.342683	3.743172E-5
-107.322059	3.846486E-5
-107.301435	4.100800E-5
-107.280812	4.378955E-5
-107.260188	4.506111E-5
-107.239564	4.657110E-5
-107.218941	4.824003E-5
-107.198317	5.038579E-5
-107.177693	5.173683E-5
-107.157070	5.356471E-5
-107.136446	5.578995E-5
-107.115823	5.706151E-5
-107.095199	5.880992E-5
-107.074575	5.865097E-5
-107.053952	5.865097E-5
-107.033328	5.793571E-5
-107.012704	5.745888E-5
-106.992081	5.698204E-5
-106.971457	5.563100E-5
-106.950833	5.276998E-5
-106.930210	4.967054E-5
-106.909586	4.824003E-5
-106.888962	4.696846E-5
-106.868339	4.545848E-5
-106.847715	4.386902E-5
-106.827092	4.220009E-5
-106.806468	4.116694E-5
-106.785844	4.076958E-5
-106.765221	3.997485E-5
-106.744597	4.084905E-5
-106.723973	4.100800E-5
-106.703350	4.323324E-5
-106.682726	4.371007E-5
-106.662102	4.474322E-5
-106.641479	4.649162E-5
-106.620855	4.680951E-5
-106.600232	4.529953E-5
-106.579608	4.363060E-5
-106.558984	4.061063E-5
-106.538361	3.695488E-5
-106.517737	3.314018E-5
-106.497113	2.829234E-5
-106.476490	2.249082E-5
-106.455866	1.494090E-5
-106.435242	6.039937E-6
-106.414619	-2.384186E-6
-106.393995	-1.152356E-5
-106.373372	-1.915296E-5
-106.352748	-2.813339E-5
-106.332124	-3.767014E-5
-106.311501	-4.633268E-5
-106.290877	-5.443891E-5
-106.270253	-6.135305E-5
-106.249630	-6.914139E-5
-106.229006	-7.470449E-5
-106.208382	-8.050601E-5
-106.187759	-8.543332E-5
-106.167135	-8.908908E-5
-106.146511	-9.298325E-5
-106.125888	-9.822845E-5
-106.105264	-0.000102
-106.084641	-0.000107
-106.064017	-0.000113
-106.043393	-0.000119
-106.022770	-0.000123
-106.002146	-0.000127
-105.981522	-0.000132
-105.960899	-0.000135
-105.940275	-0.000139
-105.919651	-0.000141
-105.899028	-0.000144
-105.878404	-0.000146
-105.857781	-0.000146
-105.837157	-0.000146
-105.816533	-0.000145
-105.795910	-0.000144
-105.775286	-0.000144
-105.754662	-0.000142
-105.734039	-0.000140
-105.713415	-0.000138
-105.692791	-0.000137
-105.672168	-0.000136
-105.651544	-0.000135
-105.630921	-0.000135
-105.610297	-0.000135
-105.589673	-0.000136
-105.569050	-0.000139
-105.548426	-0.000142
-105.527802	-0.000147
-105.507179	-0.000152
-105.486555	-0.000159
-105.465931	-0.000167
-105.445308	-0.000178
-105.424684	-0.000189
-105.404060	-0.000199
-105.383437	-0.000209
-105.362813	-0.000218
-105.342190	-0.000225
-105.321566	-0.000227
-105.300942	-0.000224
-105.280319	-0.000217
-105.259695	-0.000205
-105.239071	-0.000187
-105.218448	-0.000169
-105.197824	-0.000153
-105.177200	-0.000140
-105.156577	-0.000133
-105.135953	-0.000134
-105.115330	-0.000149
-105.094706	-0.000186
-105.074082	-0.000253
-105.053459	-0.000345
-105.032835	-0.000459
-105.012211	-0.000593
-104.991588	-0.000751
-104.970964	-0.000929
-104.950340	-0.001111
-104.929717	-0.001297
-104.909093	-0.001474
-104.888470	-0.001636
-104.867846	-0.001782
-104.847222	-0.001900
-104.826599	-0.001978
-104.805975	-0.002013
-104.785351	-0.001985
-104.764728	-0.001895
-104.744104	-0.001755
-104.723480	-0.001560
-104.702857	-0.001304
-104.682233	-0.001011
-104.661609	-0.000679
-104.640986	-0.000306
-104.620362	0.000102
-104.599739	0.000523
-104.579115	0.000925
-104.558491	0.001310
-104.537868	0.001661
-104.517244	0.001979
-104.496620	0.002258
-104.475997	0.002485
-104.455373	0.002662
-104.434749	0.002780
-104.414126	0.002850
-104.393502	0.002874
-104.372879	0.002852
-104.352255	0.002779
-104.331631	0.002657
-104.311008	0.002497
-104.290384	0.002321
-104.269760	0.002134
-104.249137	0.001934
-104.228513	0.001719
-104.207889	0.001505
-104.187266	0.001292
-104.166642	0.001086
-104.146019	0.000896
-104.125395	0.000711
-104.104771	0.000538
-104.084148	0.000379
-104.063524	0.000232
-104.042900	0.000103
-104.022277	-1.056989E-5
-104.001653	-0.000109
-103.981029	-0.000193
-103.960406	-0.000267
-103.939782	-0.000328
-103.919159	-0.000376
-103.898535	-0.000415
-103.877911	-0.000446
-103.857288	-0.000470
-103.836664	-0.000486
-103.816040	-0.000496
-103.795417	-0.000498
-103.774793	-0.000495
-103.754169	-0.000492
-103.733546	-0.000485
-103.712922	-0.000472
-103.692298	-0.000461
-103.671675	-0.000450
-103.651051	-0.000436
-103.630428	-0.000420
-103.609804	-0.000405
-103.589180	-0.000390
-103.568557	-0.000374
-103.547933	-0.000357
-103.527309	-0.000341
-103.506686	-0.000325
-103.486062	-0.000311
-103.465438	-0.000297
-103.444815	-0.000283
-103.424191	-0.000269
-103.403568	-0.000257
-103.382944	-0.000246
-103.362320	-0.000235
-103.341697	-0.000224
-103.321073	-0.000212
-103.300449	-0.000199
-103.279826	-0.000189
-103.259202	-0.000181
-103.238578	-0.000172
-103.217955	-0.000164
-103.197331	-0.000156
-103.176708	-0.000148
-103.156084	-0.000140
-103.135460	-0.000134
-103.114837	-0.000127
-103.094213	-0.000120
-103.073589	-0.000114
-103.052966	-0.000108
-103.032342	-0.000104
-103.011718	-9.910266E-5
-102.991095	-9.385745E-5
-102.970471	-8.980433E-5
-102.949847	-8.551280E-5
-102.929224	-8.145968E-5
-102.908600	-7.772446E-5
-102.887977	-7.343292E-5
-102.867353	-7.025401E-5
-102.846729	-6.643931E-5
-102.826106	-6.318092E-5
-102.805482	-5.960464E-5
-102.784858	-5.793571E-5
-102.764235	-5.523364E-5
-102.743611	-5.229314E-5
-102.722987	-4.871686E-5
-102.702364	-4.657110E-5
-102.681740	-4.482269E-5
-102.661117	-4.355113E-5
-102.640493	-4.220009E-5
-102.619869	-3.981590E-5
-102.599246	-3.782908E-5
-102.578622	-3.608068E-5
-102.557998	-3.449122E-5
-102.537375	-3.345807E-5
-102.516751	-3.250440E-5
-102.496127	-3.131231E-5
-102.475504	-2.908707E-5
-102.454880	-2.725919E-5
-102.434257	-2.630552E-5
-102.413633	-2.535184E-5
-102.393009	-2.447764E-5
-102.372386	-2.320608E-5
-102.351762	-2.225240E-5
-102.331138	-2.153714E-5
-102.310515	-2.034505E-5
-102.289891	-1.931190E-5
-102.269267	-1.907349E-5
-102.248644	-1.859665E-5
-102.228020	-1.756350E-5
-102.207396	-1.637141E-5
-102.186773	-1.517932E-5
-102.166149	-1.486142E-5
-102.145526	-1.414617E-5
-102.124902	-1.223882E-5
-102.104278	-1.160304E-5
-102.083655	-1.184146E-5
-102.063031	-1.152356E-5
-102.042407	-1.144409E-5
-102.021784	-1.096725E-5
-102.001160	-1.080831E-5
-101.980536	-1.033147E-5
-101.959913	-1.033147E-5
-101.939289	-9.536743E-6
-101.918666	-8.265177E-6
-101.898042	-7.867813E-6
-101.877418	-7.073085E-6
-101.856795	-5.960464E-6
-101.836171	-6.198883E-6
-101.815547	-5.722046E-6
-101.794924	-5.483627E-6
-101.774300	-5.245209E-6
-101.753676	-5.324682E-6
-101.733053	-4.212062E-6
-101.712429	-2.781550E-6
-101.691806	-3.178914E-6
-101.671182	-4.053116E-6
-101.650558	-4.212062E-6
-101.629935	-3.814697E-6
-101.609311	-3.576279E-6
-101.588687	-2.781550E-6
-101.568064	-2.384186E-6
-101.547440	-1.986821E-6
-101.526816	-1.589457E-6
-101.506193	-1.827876E-6
-101.485569	-1.589457E-6
-101.464945	-1.907349E-6
-101.444322	-1.827876E-6
-101.423698	-1.351039E-6
-101.403075	-1.271566E-6
-101.382451	-1.112620E-6
-101.361827	-1.192093E-6
-101.341204	-6.357829E-7
-101.320580	1.589457E-7
-101.299956	2.384186E-7
-101.279333	-7.947286E-8
-101.258709	0.000000
-101.238085	5.563100E-7
-101.217462	6.357829E-7
-101.196838	7.947286E-7
-101.176215	2.384186E-7
-101.155591	7.152557E-7
-101.134967	6.357829E-7
-101.114344	2.066294E-6
-101.093720	1.351039E-6
-101.073096	1.668930E-6
-101.052473	1.509984E-6
-101.031849	1.192093E-6
-101.011225	1.589457E-6
-100.990602	1.033147E-6
-100.969978	1.112620E-6
-100.949355	3.973643E-7
-100.928731	1.351039E-6
-100.908107	1.112620E-6
-100.887484	1.748403E-6
-100.866860	2.384186E-6
-100.846236	2.702077E-6
-100.825613	2.304713E-6
-100.804989	1.351039E-6
-100.784365	1.509984E-6
-100.763742	2.145767E-6
-100.743118	1.589457E-6
-100.722494	1.986821E-6
-100.701871	2.384186E-6
-100.681247	3.099442E-6
-100.660624	1.907349E-6
-100.640000	9.536743E-7
-100.619376	1.827876E-6
-100.598753	2.304713E-6
-100.578129	1.668930E-6
-100.557505	2.702077E-6
-100.536882	2.145767E-6
-100.516258	2.463659E-6
-100.495634	1.271566E-6
-100.475011	7.947286E-7
-100.454387	1.351039E-6
-100.433764	1.430511E-6
-100.413140	1.589457E-6
-100.392516	7.152557E-7
-100.371893	7.152557E-7
-100.351269	1.112620E-6
-100.330645	8.742015E-7
-100.310022	1.192093E-6
-100.289398	1.351039E-6
-100.268774	1.271566E-6
-100.248151	2.304713E-6
-100.227527	1.827876E-6
-100.206904	2.304713E-6
-100.186280	1.907349E-6
-100.165656	1.509984E-6
-100.145033	1.351039E-6
-100.124409	1.509984E-6
-100.103785	1.986821E-6
-100.083162	1.668930E-6
-100.062538	1.192093E-6
-100.041914	1.033147E-6
-100.021291	1.509984E-6
