-143.000954	2.702077E-6
-142.980330	1.907349E-6
-142.959707	1.033147E-6
-142.939083	1.033147E-6
-142.918459	8.742015E-7
-142.897836	9.536743E-7
-142.877212	-7.947286E-8
-142.856589	-4.768372E-7
-142.835965	-7.947286E-7
-142.815341	-1.509984E-6
-142.794718	-8.742015E-7
-142.774094	6.357829E-7
-142.753470	1.192093E-6
-142.732847	1.907349E-6
-142.712223	3.894170E-6
-142.691599	4.609426E-6
-142.670976	5.324682E-6
-142.650352	6.437302E-6
-142.629729	7.390976E-6
-142.609105	8.344650E-6
-142.588481	8.980433E-6
-142.567858	7.708867E-6
-142.547234	7.390976E-6
-142.526610	7.232030E-6
-142.505987	6.755193E-6
-142.485363	6.039937E-6
-142.464739	5.324682E-6
-142.444116	5.006790E-6
-142.423492	4.212062E-6
-142.402868	4.371007E-6
-142.382245	3.973643E-6
-142.361621	3.258387E-6
-142.340998	2.940496E-6
-142.320374	2.781550E-6
-142.299750	3.655752E-6
-142.279127	3.814697E-6
-142.258503	4.529953E-6
-142.237879	4.529953E-6
-142.217256	4.371007E-6
-142.196632	4.609426E-6
-142.176008	4.609426E-6
-142.155385	5.165736E-6
-142.134761	5.880992E-6
-142.114138	6.278356E-6
-142.093514	6.119410E-6
-142.072890	5.483627E-6
-142.052267	5.642573E-6
-142.031643	5.642573E-6
-142.011019	5.006790E-6
-141.990396	5.086263E-6
-141.969772	4.768372E-6
-141.949148	3.814697E-6
-141.928525	3.576279E-6
-141.907901	3.019969E-6
-141.887278	1.351039E-6
-141.866654	-3.178914E-7
-141.846030	-7.152557E-7
-141.825407	-1.668930E-6
-141.804783	-2.940496E-6
-141.784159	-3.814697E-6
-141.763536	-4.291534E-6
-141.742912	-4.768372E-6
-141.722288	-5.324682E-6
-141.701665	-5.245209E-6
-141.681041	-5.404154E-6
-141.660417	-5.245209E-6
-141.639794	-5.245209E-6
-141.619170	-5.086263E-6
-141.598547	-4.609426E-6
-141.577923	-4.927317E-6
-141.557299	-4.609426E-6
-141.536676	-4.371007E-6
-141.516052	-3.258387E-6
-141.495428	-3.417333E-6
-141.474805	-4.529953E-6
-141.454181	-3.894170E-6
-141.433557	-3.417333E-6
-141.412934	-3.258387E-6
-141.392310	-4.371007E-6
-141.371687	-4.529953E-6
-141.351063	-3.814697E-6
-141.330439	-4.212062E-6
-141.309816	-4.053116E-6
-141.289192	-4.291534E-6
-141.268568	-4.450480E-6
-141.247945	-4.132589E-6
-141.227321	-4.688899E-6
-141.206697	-4.768372E-6
-141.186074	-5.324682E-6
-141.165450	-6.357829E-6
-141.144827	-6.834666E-6
-141.124203	-7.390976E-6
-141.103579	-7.390976E-6
-141.082956	-7.311503E-6
-141.062332	-7.311503E-6
-141.041708	-7.232030E-6
-141.021085	-7.549922E-6
-141.000461	-7.152557E-6
-140.979837	-6.914139E-6
-140.959214	-5.642573E-6
-140.938590	-3.894170E-6
-140.917966	-3.178914E-6
-140.897343	-2.622604E-6
-140.876719	-2.463659E-6
-140.856096	-2.463659E-6
-140.835472	-1.668930E-6
-140.814848	-1.112620E-6
-140.794225	-1.192093E-6
-140.773601	-7.947286E-7
-140.752977	-2.066294E-6
-140.732354	-3.337860E-6
-140.711730	-3.576279E-6
-140.691106	-4.768372E-6
-140.670483	-6.278356E-6
-140.649859	-7.867813E-6
-140.629236	-9.934107E-6
-140.608612	-1.088778E-5
-140.587988	-1.207987E-5
-140.567365	-1.271566E-5
-140.546741	-1.335144E-5
-140.526117	-1.414617E-5
-140.505494	-1.525879E-5
-140.484870	-1.446406E-5
-140.464246	-1.430511E-5
-140.443623	-1.311302E-5
-140.422999	-1.136462E-5
-140.402376	-1.025200E-5
-140.381752	-8.424123E-6
-140.361128	-6.993612E-6
-140.340505	-5.245209E-6
-140.319881	-3.576279E-6
-140.299257	-2.225240E-6
-140.278634	-7.152557E-7
-140.258010	1.668930E-6
-140.237386	1.907349E-6
-140.216763	1.907349E-6
-140.196139	2.861023E-6
-140.175515	2.543132E-6
-140.154892	2.384186E-6
-140.134268	2.543132E-6
-140.113645	2.384186E-6
-140.093021	1.748403E-6
-140.072397	1.589457E-7
-140.051774	-2.225240E-6
-140.031150	-4.212062E-6
-140.010526	-4.688899E-6
-139.989903	-4.927317E-6
-139.969279	-5.642573E-6
-139.948655	-6.516774E-6
-139.928032	-7.073085E-6
-139.907408	-8.265177E-6
-139.886785	-9.059906E-6
-139.866161	-9.695689E-6
-139.845537	-9.854635E-6
-139.824914	-8.106232E-6
-139.804290	-7.470449E-6
-139.783666	-6.198883E-6
-139.763043	-4.847844E-6
-139.742419	-3.973643E-6
-139.721795	-2.304713E-6
-139.701172	-2.384186E-7
-139.680548	1.986821E-6
-139.659925	3.178914E-6
-139.639301	4.132589E-6
-139.618677	5.006790E-6
-139.598054	6.357829E-6
-139.577430	7.232030E-6
-139.556806	7.311503E-6
-139.536183	7.470449E-6
-139.515559	7.549922E-6
-139.494935	7.311503E-6
-139.474312	8.185705E-6
-139.453688	8.344650E-6
-139.433064	7.947286E-6
-139.412441	7.549922E-6
-139.391817	6.198883E-6
-139.371194	5.722046E-6
-139.350570	5.165736E-6
-139.329946	4.212062E-6
-139.309323	3.258387E-6
-139.288699	3.496806E-6
-139.268075	3.337860E-6
-139.247452	3.417333E-6
-139.226828	2.702077E-6
-139.206204	2.543132E-6
-139.185581	2.622604E-6
-139.164957	2.225240E-6
-139.144334	3.258387E-6
-139.123710	3.337860E-6
-139.103086	3.894170E-6
-139.082463	4.212062E-6
-139.061839	3.735224E-6
-139.041215	4.291534E-6
-139.020592	4.609426E-6
-138.999968	4.212062E-6
-138.979344	4.132589E-6
-138.958721	3.655752E-6
-138.938097	2.702077E-6
-138.917474	1.509984E-6
-138.896850	6.357829E-7
-138.876226	7.947286E-8
-138.855603	-7.947286E-7
-138.834979	-1.907349E-6
-138.814355	-3.337860E-6
-138.793732	-4.053116E-6
-138.773108	-5.006790E-6
-138.752484	-4.847844E-6
-138.731861	-5.245209E-6
-138.711237	-5.563100E-6
-138.690613	-5.404154E-6
-138.669990	-3.973643E-6
-138.649366	-2.384186E-6
-138.628743	-3.178914E-7
-138.608119	7.947286E-7
-138.587495	2.384186E-6
-138.566872	3.814697E-6
-138.546248	5.880992E-6
-138.525624	7.311503E-6
-138.505001	7.073085E-6
-138.484377	7.549922E-6
-138.463753	8.185705E-6
-138.443130	8.185705E-6
-138.422506	9.139379E-6
-138.401883	8.583069E-6
-138.381259	7.629395E-6
-138.360635	7.152557E-6
-138.340012	6.834666E-6
-138.319388	5.960464E-6
-138.298764	5.006790E-6
-138.278141	4.927317E-6
-138.257517	4.371007E-6
-138.236893	2.463659E-6
-138.216270	1.589457E-6
-138.195646	1.192093E-6
-138.175023	1.589457E-6
-138.154399	1.509984E-6
-138.133775	1.509984E-6
-138.113152	2.066294E-6
-138.092528	2.225240E-6
-138.071904	3.258387E-6
-138.051281	4.212062E-6
-138.030657	4.291534E-6
-138.010033	3.496806E-6
-137.989410	3.019969E-6
-137.968786	2.622604E-6
-137.948162	2.622604E-6
-137.927539	1.907349E-6
-137.906915	5.563100E-7
-137.886292	-7.947286E-7
-137.865668	-1.509984E-6
-137.845044	-1.668930E-6
-137.824421	-1.986821E-6
-137.803797	-1.986821E-6
-137.783173	-2.622604E-6
-137.762550	-3.655752E-6
-137.741926	-3.258387E-6
-137.721302	-2.145767E-6
-137.700679	-2.225240E-6
-137.680055	-2.702077E-6
-137.659432	-2.463659E-6
-137.638808	-1.192093E-6
-137.618184	7.947286E-7
-137.597561	1.351039E-6
-137.576937	1.033147E-6
-137.556313	1.112620E-6
-137.535690	1.748403E-6
-137.515066	2.463659E-6
-137.494442	2.384186E-6
-137.473819	2.861023E-6
-137.453195	2.304713E-6
-137.432572	2.225240E-6
-137.411948	2.304713E-6
-137.391324	1.748403E-6
-137.370701	9.536743E-7
-137.350077	7.947286E-7
-137.329453	1.112620E-6
-137.308830	-7.947286E-8
-137.288206	-1.271566E-6
-137.267582	-2.145767E-6
-137.246959	-2.940496E-6
-137.226335	-2.940496E-6
-137.205712	-2.622604E-6
-137.185088	-3.417333E-6
-137.164464	-4.927317E-6
-137.143841	-5.483627E-6
-137.123217	-5.801519E-6
-137.102593	-6.357829E-6
-137.081970	-6.437302E-6
-137.061346	-6.278356E-6
-137.040722	-6.993612E-6
-137.020099	-7.390976E-6
-136.999475	-7.470449E-6
-136.978851	-7.232030E-6
-136.958228	-7.708867E-6
-136.937604	-7.947286E-6
-136.916981	-8.344650E-6
-136.896357	-8.344650E-6
-136.875733	-7.629395E-6
-136.855110	-6.914139E-6
-136.834486	-5.404154E-6
-136.813862	-4.053116E-6
-136.793239	-2.781550E-6
-136.772615	-1.589457E-6
-136.751991	-3.178914E-7
-136.731368	7.947286E-7
-136.710744	2.304713E-6
-136.690121	4.609426E-6
-136.669497	5.642573E-6
-136.648873	5.404154E-6
-136.628250	6.516774E-6
-136.607626	7.788340E-6
-136.587002	6.834666E-6
-136.566379	6.437302E-6
-136.545755	6.119410E-6
-136.525131	5.165736E-6
-136.504508	3.417333E-6
-136.483884	2.304713E-6
-136.463261	5.563100E-7
-136.442637	-2.622604E-6
-136.422013	-4.927317E-6
-136.401390	-6.993612E-6
-136.380766	-9.616216E-6
-136.360142	-1.128515E-5
-136.339519	-1.184146E-5
-136.318895	-1.239777E-5
-136.298271	-1.406670E-5
-136.277648	-1.327197E-5
-136.257024	-1.247724E-5
-136.236400	-1.192093E-5
-136.215777	-1.207987E-5
-136.195153	-1.104673E-5
-136.174530	-9.377797E-6
-136.153906	-8.742015E-6
-136.133282	-7.549922E-6
-136.112659	-6.834666E-6
-136.092035	-5.086263E-6
-136.071411	-4.212062E-6
-136.050788	-4.053116E-6
-136.030164	-2.702077E-6
-136.009540	-1.827876E-6
-135.988917	-7.152557E-7
-135.968293	-1.589457E-7
-135.947670	4.768372E-7
-135.927046	1.192093E-6
-135.906422	2.384186E-6
-135.885799	3.496806E-6
-135.865175	3.496806E-6
-135.844551	4.847844E-6
-135.823928	5.006790E-6
-135.803304	4.450480E-6
-135.782680	5.404154E-6
-135.762057	5.880992E-6
-135.741433	5.563100E-6
-135.720810	4.609426E-6
-135.700186	3.655752E-6
-135.679562	2.940496E-6
-135.658939	2.225240E-6
-135.638315	1.589457E-6
-135.617691	-7.947286E-8
-135.597068	-1.589457E-7
-135.576444	-1.668930E-6
-135.555820	-2.463659E-6
-135.535197	-2.463659E-6
-135.514573	-2.543132E-6
-135.493949	-2.384186E-6
-135.473326	-2.145767E-6
-135.452702	-3.019969E-6
-135.432079	-3.496806E-6
-135.411455	-2.543132E-6
-135.390831	-2.145767E-6
-135.370208	-2.066294E-6
-135.349584	-1.986821E-6
-135.328960	-1.907349E-6
-135.308337	-7.947286E-8
-135.287713	1.033147E-6
-135.267089	9.536743E-7
-135.246466	5.563100E-7
-135.225842	1.033147E-6
-135.205219	1.907349E-6
-135.184595	4.768372E-7
-135.163971	0.000000
-135.143348	-3.178914E-7
-135.122724	-3.973643E-7
-135.102100	-1.589457E-6
-135.081477	-2.543132E-6
-135.060853	-2.384186E-6
-135.040229	-2.543132E-6
-135.019606	-2.622604E-6
-134.998982	-2.702077E-6
-134.978359	-2.384186E-6
-134.957735	-1.986821E-6
-134.937111	-3.178914E-7
-134.916488	2.384186E-7
-134.895864	1.271566E-6
-134.875240	1.271566E-6
-134.854617	1.509984E-6
-134.833993	2.543132E-6
-134.813369	3.337860E-6
-134.792746	3.099442E-6
-134.772122	3.417333E-6
-134.751498	2.702077E-6
-134.730875	2.940496E-6
-134.710251	1.986821E-6
-134.689628	1.112620E-6
-134.669004	-4.768372E-7
-134.648380	-2.543132E-6
-134.627757	-3.337860E-6
-134.607133	-4.132589E-6
-134.586509	-5.642573E-6
-134.565886	-7.311503E-6
-134.545262	-8.106232E-6
-134.524638	-8.344650E-6
-134.504015	-9.139379E-6
-134.483391	-9.377797E-6
-134.462768	-9.616216E-6
-134.442144	-9.536743E-6
-134.421520	-8.742015E-6
-134.400897	-7.947286E-6
-134.380273	-8.265177E-6
-134.359649	-7.629395E-6
-134.339026	-6.993612E-6
-134.318402	-6.119410E-6
-134.297778	-4.847844E-6
-134.277155	-4.291534E-6
-134.256531	-3.814697E-6
-134.235908	-3.973643E-6
-134.215284	-3.337860E-6
-134.194660	-2.384186E-6
-134.174037	-1.509984E-6
-134.153413	-1.033147E-6
-134.132789	3.178914E-7
-134.112166	1.271566E-6
-134.091542	2.543132E-6
-134.070918	4.609426E-6
-134.050295	6.278356E-6
-134.029671	7.232030E-6
-134.009047	8.583069E-6
-133.988424	1.025200E-5
-133.967800	1.049042E-5
-133.947177	9.695689E-6
-133.926553	9.218852E-6
-133.905929	1.001358E-5
-133.885306	9.059906E-6
-133.864682	6.914139E-6
-133.844058	5.006790E-6
-133.823435	3.655752E-6
-133.802811	1.192093E-6
-133.782187	-8.742015E-7
-133.761564	-1.351039E-6
-133.740940	-2.702077E-6
-133.720317	-4.529953E-6
-133.699693	-5.245209E-6
-133.679069	-5.563100E-6
-133.658446	-6.437302E-6
-133.637822	-6.039937E-6
-133.617198	-5.086263E-6
-133.596575	-5.563100E-6
-133.575951	-5.404154E-6
-133.555327	-5.483627E-6
-133.534704	-5.801519E-6
-133.514080	-5.960464E-6
-133.493457	-5.960464E-6
-133.472833	-4.847844E-6
-133.452209	-3.655752E-6
-133.431586	-3.655752E-6
-133.410962	-4.927317E-6
-133.390338	-3.894170E-6
-133.369715	-3.099442E-6
-133.349091	-2.145767E-6
-133.328467	-1.192093E-6
-133.307844	3.973643E-7
-133.287220	7.152557E-7
-133.266596	9.536743E-7
-133.245973	1.351039E-6
-133.225349	2.463659E-6
-133.204726	3.417333E-6
-133.184102	4.371007E-6
-133.163478	5.245209E-6
-133.142855	5.722046E-6
-133.122231	7.232030E-6
-133.101607	7.232030E-6
-133.080984	6.675720E-6
-133.060360	6.198883E-6
-133.039736	5.801519E-6
-133.019113	5.563100E-6
-132.998489	4.847844E-6
-132.977866	4.371007E-6
-132.957242	4.371007E-6
-132.936618	4.291534E-6
-132.915995	2.861023E-6
-132.895371	1.271566E-6
-132.874747	3.973643E-7
-132.854124	-1.033147E-6
-132.833500	-2.304713E-6
-132.812876	-3.258387E-6
-132.792253	-5.086263E-6
-132.771629	-5.324682E-6
-132.751006	-5.722046E-6
-132.730382	-6.993612E-6
-132.709758	-7.788340E-6
-132.689135	-7.311503E-6
-132.668511	-6.993612E-6
-132.647887	-6.675720E-6
-132.627264	-6.278356E-6
-132.606640	-6.516774E-6
-132.586016	-5.880992E-6
-132.565393	-5.245209E-6
-132.544769	-4.053116E-6
-132.524145	-3.258387E-6
-132.503522	-2.304713E-6
-132.482898	-7.152557E-7
-132.462275	7.947286E-7
-132.441651	2.463659E-6
-132.421027	3.814697E-6
-132.400404	4.450480E-6
-132.379780	5.245209E-6
-132.359156	6.119410E-6
-132.338533	6.755193E-6
-132.317909	6.993612E-6
-132.297285	8.344650E-6
-132.276662	1.001358E-5
-132.256038	1.025200E-5
-132.235415	1.001358E-5
-132.214791	9.616216E-6
-132.194167	9.536743E-6
-132.173544	8.821487E-6
-132.152920	7.152557E-6
-132.132296	6.039937E-6
-132.111673	6.039937E-6
-132.091049	5.245209E-6
-132.070425	2.702077E-6
-132.049802	1.033147E-6
-132.029178	-8.742015E-7
-132.008555	-2.861023E-6
-131.987931	-4.768372E-6
-131.967307	-6.278356E-6
-131.946684	-7.708867E-6
-131.926060	-8.185705E-6
-131.905436	-9.218852E-6
-131.884813	-1.072884E-5
-131.864189	-1.104673E-5
-131.843565	-1.033147E-5
-131.822942	-9.854635E-6
-131.802318	-8.821487E-6
-131.781695	-7.311503E-6
-131.761071	-6.437302E-6
-131.740447	-4.053116E-6
-131.719824	-1.192093E-6
-131.699200	3.178914E-7
-131.678576	1.430511E-6
-131.657953	2.543132E-6
-131.637329	4.768372E-6
-131.616705	6.357829E-6
-131.596082	7.232030E-6
-131.575458	7.549922E-6
-131.554834	7.629395E-6
-131.534211	6.914139E-6
-131.513587	5.245209E-6
-131.492964	3.576279E-6
-131.472340	1.986821E-6
-131.451716	5.563100E-7
-131.431093	-3.178914E-7
-131.410469	-2.066294E-6
-131.389845	-3.576279E-6
-131.369222	-3.973643E-6
-131.348598	-4.450480E-6
-131.327974	-4.768372E-6
-131.307351	-5.563100E-6
-131.286727	-5.245209E-6
-131.266104	-4.609426E-6
-131.245480	-4.291534E-6
-131.224856	-2.940496E-6
-131.204233	-2.940496E-6
-131.183609	-3.258387E-6
-131.162985	-2.304713E-6
-131.142362	-1.271566E-6
-131.121738	-6.357829E-7
-131.101114	4.768372E-7
-131.080491	7.947286E-7
-131.059867	7.947286E-7
-131.039244	4.768372E-7
-131.018620	7.947286E-8
-130.997996	-4.768372E-7
-130.977373	-1.112620E-6
-130.956749	-8.742015E-7
-130.936125	-1.351039E-6
-130.915502	-1.986821E-6
-130.894878	-3.337860E-6
-130.874254	-4.212062E-6
-130.853631	-5.960464E-6
-130.833007	-6.119410E-6
-130.812383	-6.039937E-6
-130.791760	-7.549922E-6
-130.771136	-7.788340E-6
-130.750513	-7.549922E-6
-130.729889	-7.708867E-6
-130.709265	-8.026759E-6
-130.688642	-7.311503E-6
-130.668018	-6.437302E-6
-130.647394	-5.404154E-6
-130.626771	-4.847844E-6
-130.606147	-3.973643E-6
-130.585523	-2.781550E-6
-130.564900	-1.033147E-6
-130.544276	8.742015E-7
-130.523653	2.384186E-6
-130.503029	3.973643E-6
-130.482405	5.880992E-6
-130.461782	7.152557E-6
-130.441158	8.424123E-6
-130.420534	1.009305E-5
-130.399911	1.152356E-5
-130.379287	1.128515E-5
-130.358663	1.033147E-5
-130.338040	9.934107E-6
-130.317416	8.821487E-6
-130.296793	7.390976E-6
-130.276169	5.245209E-6
-130.255545	2.543132E-6
-130.234922	5.563100E-7
-130.214298	-2.622604E-6
-130.193674	-4.609426E-6
-130.173051	-5.324682E-6
-130.152427	-6.675720E-6
-130.131803	-7.311503E-6
-130.111180	-7.629395E-6
-130.090556	-8.900960E-6
-130.069932	-1.033147E-5
-130.049309	-9.377797E-6
-130.028685	-8.583069E-6
-130.008062	-6.834666E-6
-129.987438	-5.006790E-6
-129.966814	-3.178914E-6
-129.946191	-1.112620E-6
-129.925567	8.742015E-7
-129.904943	2.622604E-6
-129.884320	3.894170E-6
-129.863696	4.768372E-6
-129.843072	4.450480E-6
-129.822449	5.165736E-6
-129.801825	5.245209E-6
-129.781202	4.768372E-6
-129.760578	4.053116E-6
-129.739954	2.940496E-6
-129.719331	1.509984E-6
-129.698707	-5.563100E-7
-129.678083	-2.304713E-6
-129.657460	-3.337860E-6
-129.636836	-5.165736E-6
-129.616212	-6.993612E-6
-129.595589	-8.424123E-6
-129.574965	-9.218852E-6
-129.554342	-9.139379E-6
-129.533718	-9.934107E-6
-129.513094	-9.059906E-6
-129.492471	-8.106232E-6
-129.471847	-7.629395E-6
-129.451223	-6.675720E-6
-129.430600	-5.642573E-6
-129.409976	-4.371007E-6
-129.389352	-3.496806E-6
-129.368729	-3.178914E-6
-129.348105	-2.225240E-6
-129.327481	-1.033147E-6
-129.306858	-7.947286E-8
-129.286234	4.768372E-7
-129.265611	4.768372E-7
-129.244987	-8.742015E-7
-129.224363	-1.986821E-6
-129.203740	-2.702077E-6
-129.183116	-2.781550E-6
-129.162492	-4.212062E-6
-129.141869	-5.404154E-6
-129.121245	-5.642573E-6
-129.100621	-6.993612E-6
-129.079998	-7.867813E-6
-129.059374	-7.232030E-6
-129.038751	-8.424123E-6
-129.018127	-8.980433E-6
-128.997503	-8.185705E-6
-128.976880	-8.344650E-6
-128.956256	-7.152557E-6
-128.935632	-6.039937E-6
-128.915009	-4.212062E-6
-128.894385	-3.099442E-6
-128.873761	-1.509984E-6
-128.853138	6.357829E-7
-128.832514	2.304713E-6
-128.811891	3.814697E-6
-128.791267	5.960464E-6
-128.770643	9.059906E-6
-128.750020	1.096725E-5
-128.729396	1.128515E-5
-128.708772	1.192093E-5
-128.688149	1.144409E-5
-128.667525	1.049042E-5
-128.646901	9.059906E-6
-128.626278	7.708867E-6
-128.605654	5.483627E-6
-128.585030	2.304713E-6
-128.564407	-5.563100E-7
-128.543783	-3.496806E-6
-128.523160	-6.437302E-6
-128.502536	-8.344650E-6
-128.481912	-1.049042E-5
-128.461289	-1.311302E-5
-128.440665	-1.478195E-5
-128.420041	-1.478195E-5
-128.399418	-1.454353E-5
-128.378794	-1.430511E-5
-128.358170	-1.231829E-5
-128.337547	-1.080831E-5
-128.316923	-8.185705E-6
-128.296300	-5.404154E-6
-128.275676	-2.940496E-6
-128.255052	1.112620E-6
-128.234429	3.655752E-6
-128.213805	5.642573E-6
-128.193181	6.596247E-6
-128.172558	7.867813E-6
-128.151934	1.017253E-5
-128.131310	1.056989E-5
-128.110687	1.009305E-5
-128.090063	9.218852E-6
-128.069440	8.503596E-6
-128.048816	8.106232E-6
-128.028192	6.437302E-6
-128.007569	4.609426E-6
-127.986945	3.258387E-6
-127.966321	1.351039E-6
-127.945698	-1.351039E-6
-127.925074	-3.576279E-6
-127.904450	-4.927317E-6
-127.883827	-6.596247E-6
-127.863203	-8.344650E-6
-127.842579	-1.017253E-5
-127.821956	-1.072884E-5
-127.801332	-1.064936E-5
-127.780709	-1.112620E-5
-127.760085	-1.136462E-5
-127.739461	-1.088778E-5
-127.718838	-1.001358E-5
-127.698214	-9.059906E-6
-127.677590	-6.755193E-6
-127.656967	-4.053116E-6
-127.636343	-2.940496E-6
-127.615719	-1.271566E-6
-127.595096	-1.589457E-7
-127.574472	2.225240E-6
-127.553849	4.371007E-6
-127.533225	6.198883E-6
-127.512601	7.867813E-6
-127.491978	8.344650E-6
-127.471354	8.424123E-6
-127.450730	8.662542E-6
-127.430107	8.583069E-6
-127.409483	7.867813E-6
-127.388859	7.470449E-6
-127.368236	6.278356E-6
-127.347612	4.053116E-6
-127.326989	2.940496E-6
-127.306365	1.748403E-6
-127.285741	2.384186E-7
-127.265118	-1.351039E-6
-127.244494	-3.258387E-6
-127.223870	-4.609426E-6
-127.203247	-5.483627E-6
-127.182623	-5.722046E-6
-127.161999	-5.165736E-6
-127.141376	-5.642573E-6
-127.120752	-5.006790E-6
-127.100128	-3.576279E-6
-127.079505	-2.940496E-6
-127.058881	-2.304713E-6
-127.038258	-1.430511E-6
-127.017634	-4.768372E-7
-126.997010	3.973643E-7
-126.976387	2.861023E-6
-126.955763	4.212062E-6
-126.935139	5.324682E-6
-126.914516	5.324682E-6
-126.893892	6.198883E-6
-126.873268	6.993612E-6
-126.852645	6.914139E-6
-126.832021	6.437302E-6
-126.811398	6.437302E-6
-126.790774	5.483627E-6
-126.770150	4.768372E-6
-126.749527	2.861023E-6
-126.728903	4.768372E-7
-126.708279	-9.536743E-7
-126.687656	-2.066294E-6
-126.667032	-2.940496E-6
-126.646408	-2.702077E-6
-126.625785	-2.861023E-6
-126.605161	-3.258387E-6
-126.584538	-4.053116E-6
-126.563914	-3.894170E-6
-126.543290	-3.337860E-6
-126.522667	-2.940496E-6
-126.502043	-1.192093E-6
-126.481419	7.152557E-7
-126.460796	1.986821E-6
-126.440172	4.450480E-6
-126.419548	6.516774E-6
-126.398925	8.900960E-6
-126.378301	9.457270E-6
-126.357678	1.041094E-5
-126.337054	1.088778E-5
-126.316430	1.160304E-5
-126.295807	1.192093E-5
-126.275183	1.049042E-5
-126.254559	8.980433E-6
-126.233936	6.914139E-6
-126.213312	4.927317E-6
-126.192688	3.576279E-6
-126.172065	2.145767E-6
-126.151441	2.384186E-7
-126.130817	-2.463659E-6
-126.110194	-4.291534E-6
-126.089570	-6.119410E-6
-126.068947	-6.675720E-6
-126.048323	-7.788340E-6
-126.027699	-9.298325E-6
-126.007076	-1.017253E-5
-125.986452	-1.072884E-5
-125.965828	-1.080831E-5
-125.945205	-9.775162E-6
-125.924581	-8.821487E-6
-125.903957	-7.708867E-6
-125.883334	-6.914139E-6
-125.862710	-6.278356E-6
-125.842087	-5.404154E-6
-125.821463	-4.132589E-6
-125.800839	-2.702077E-6
-125.780216	-8.742015E-7
-125.759592	7.947286E-8
-125.738968	1.509984E-6
-125.718345	2.066294E-6
-125.697721	1.827876E-6
-125.677097	1.986821E-6
-125.656474	2.225240E-6
-125.635850	2.463659E-6
-125.615227	2.622604E-6
-125.594603	1.192093E-6
-125.573979	-4.768372E-7
-125.553356	-1.351039E-6
-125.532732	-2.463659E-6
-125.512108	-3.973643E-6
-125.491485	-4.768372E-6
-125.470861	-6.119410E-6
-125.450237	-7.708867E-6
-125.429614	-7.390976E-6
-125.408990	-6.993612E-6
-125.388366	-7.629395E-6
-125.367743	-7.549922E-6
-125.347119	-6.516774E-6
-125.326496	-4.688899E-6
-125.305872	-3.814697E-6
-125.285248	-2.622604E-6
-125.264625	-1.986821E-6
-125.244001	-1.430511E-6
-125.223377	-2.384186E-7
-125.202754	6.357829E-7
-125.182130	1.112620E-6
-125.161506	2.384186E-7
-125.140883	2.384186E-7
-125.120259	3.178914E-7
-125.099636	3.973643E-7
-125.079012	2.384186E-7
-125.058388	1.589457E-7
-125.037765	1.589457E-7
-125.017141	-2.384186E-7
-124.996517	-7.152557E-7
-124.975894	-1.271566E-6
-124.955270	-2.304713E-6
-124.934646	-4.450480E-6
-124.914023	-5.404154E-6
-124.893399	-6.675720E-6
-124.872776	-7.788340E-6
-124.852152	-1.080831E-5
-124.831528	-1.351039E-5
-124.810905	-1.645088E-5
-124.790281	-2.106031E-5
-124.769657	-2.614657E-5
-124.749034	-3.139178E-5
-124.728410	-3.830592E-5
-124.707786	-4.458427E-5
-124.687163	-4.887581E-5
-124.666539	-5.380313E-5
-124.645915	-5.873044E-5
-124.625292	-6.381671E-5
-124.604668	-6.699562E-5
-124.584045	-6.882350E-5
-124.563421	-6.882350E-5
-124.542797	-6.691615E-5
-124.522174	-6.389618E-5
-124.501550	-5.849202E-5
-124.480926	-5.110105E-5
-124.460303	-4.299482E-5
-124.439679	-3.321966E-5
-124.419055	-2.304713E-5
-124.398432	-1.287460E-5
-124.377808	-7.152557E-7
-124.357185	1.176198E-5
-124.336561	2.495448E-5
-124.315937	3.719330E-5
-124.295314	4.744530E-5
-124.274690	5.626678E-5
-124.254066	6.326040E-5
-124.233443	6.937981E-5
-124.212819	7.438660E-5
-124.192195	7.756551E-5
-124.171572	8.034706E-5
-124.150948	8.344650E-5
-124.130325	8.527438E-5
-124.109701	8.511543E-5
-124.089077	8.416176E-5
-124.068454	8.153915E-5
-124.047830	7.788340E-5
-124.027206	7.335345E-5
-124.006583	6.802877E-5
-123.985959	6.270409E-5
-123.965335	5.666415E-5
-123.944712	4.943212E-5
-123.924088	4.323324E-5
-123.903464	3.687541E-5
-123.882841	3.075600E-5
-123.862217	2.423922E-5
-123.841594	1.899401E-5
-123.820970	1.327197E-5
-123.800346	6.834666E-6
-123.779723	1.668930E-6
-123.759099	-3.019969E-6
-123.738475	-7.390976E-6
-123.717852	-1.120567E-5
-123.697228	-1.533826E-5
-123.676604	-1.835823E-5
-123.655981	-2.058347E-5
-123.635357	-2.121925E-5
-123.614734	-2.193451E-5
-123.594110	-2.320608E-5
-123.573486	-2.328555E-5
-123.552863	-2.241135E-5
-123.532239	-2.121925E-5
-123.511615	-2.026558E-5
-123.490992	-1.907349E-5
-123.470368	-1.764297E-5
-123.449744	-1.684825E-5
-123.429121	-1.478195E-5
-123.408497	-1.200040E-5
-123.387874	-1.120567E-5
-123.367250	-1.072884E-5
-123.346626	-1.001358E-5
-123.326003	-9.059906E-6
-123.305379	-8.742015E-6
-123.284755	-8.980433E-6
-123.264132	-9.298325E-6
-123.243508	-9.854635E-6
-123.222884	-1.104673E-5
-123.202261	-1.231829E-5
-123.181637	-1.343091E-5
-123.161013	-1.382828E-5
-123.140390	-1.366933E-5
-123.119766	-1.351039E-5
-123.099143	-1.231829E-5
-123.078519	-1.160304E-5
-123.057895	-1.072884E-5
-123.037272	-9.457270E-6
-123.016648	-6.834666E-6
-122.996024	-4.609426E-6
-122.975401	-2.145767E-6
-122.954777	2.384186E-7
-122.934153	2.463659E-6
-122.913530	4.450480E-6
-122.892906	7.232030E-6
-122.872283	1.056989E-5
-122.851659	1.207987E-5
-122.831035	1.215935E-5
-122.810412	1.311302E-5
-122.789788	1.311302E-5
-122.769164	1.176198E-5
-122.748541	9.377797E-6
-122.727917	6.516774E-6
-122.707293	4.450480E-6
-122.686670	9.536743E-7
-122.666046	-2.145767E-6
-122.645423	-5.165736E-6
-122.624799	-8.742015E-6
-122.604175	-1.358986E-5
-122.583552	-1.621246E-5
-122.562928	-1.764297E-5
-122.542304	-1.923243E-5
-122.521681	-2.042452E-5
-122.501057	-2.161662E-5
-122.480433	-2.233187E-5
-122.459810	-2.225240E-5
-122.439186	-2.106031E-5
-122.418562	-1.986821E-5
-122.397939	-1.756350E-5
-122.377315	-1.565615E-5
-122.356692	-1.255671E-5
-122.336068	-9.616216E-6
-122.315444	-6.278356E-6
-122.294821	-3.576279E-6
-122.274197	-2.384186E-7
-122.253573	2.066294E-6
-122.232950	4.450480E-6
-122.212326	7.629395E-6
-122.191702	1.001358E-5
-122.171079	1.152356E-5
-122.150455	1.279513E-5
-122.129832	1.335144E-5
-122.109208	1.390775E-5
-122.088584	1.327197E-5
-122.067961	1.295408E-5
-122.047337	1.223882E-5
-122.026713	1.049042E-5
-122.006090	8.980433E-6
-121.985466	7.867813E-6
-121.964842	6.596247E-6
-121.944219	5.642573E-6
-121.923595	3.814697E-6
-121.902972	2.225240E-6
-121.882348	1.589457E-7
-121.861724	-2.384186E-6
-121.841101	-3.735224E-6
-121.820477	-4.212062E-6
-121.799853	-5.245209E-6
-121.779230	-6.357829E-6
-121.758606	-7.311503E-6
-121.737982	-7.867813E-6
-121.717359	-8.503596E-6
-121.696735	-7.708867E-6
-121.676111	-6.675720E-6
-121.655488	-5.722046E-6
-121.634864	-6.596247E-6
-121.614241	-6.119410E-6
-121.593617	-4.291534E-6
-121.572993	-3.973643E-6
-121.552370	-3.337860E-6
-121.531746	-3.178914E-6
-121.511122	-2.940496E-6
-121.490499	-1.986821E-6
-121.469875	-1.192093E-6
-121.449251	-1.192093E-6
-121.428628	-1.351039E-6
-121.408004	-1.430511E-6
-121.387381	-2.702077E-6
-121.366757	-3.417333E-6
-121.346133	-3.735224E-6
-121.325510	-4.053116E-6
-121.304886	-4.371007E-6
-121.284262	-3.258387E-6
-121.263639	-1.986821E-6
-121.243015	-1.271566E-6
-121.222391	6.357829E-7
-121.201768	3.814697E-6
-121.181144	6.357829E-6
-121.160521	8.662542E-6
-121.139897	1.176198E-5
-121.119273	1.502037E-5
-121.098650	1.764297E-5
-121.078026	2.042452E-5
-121.057402	2.249082E-5
-121.036779	2.280871E-5
-121.016155	2.233187E-5
-120.995531	2.050400E-5
-120.974908	1.962980E-5
-120.954284	1.796087E-5
-120.933661	1.565615E-5
-120.913037	1.200040E-5
-120.892413	7.390976E-6
-120.871790	3.099442E-6
-120.851166	-1.827876E-6
-120.830542	-6.437302E-6
-120.809919	-1.160304E-5
-120.789295	-1.581510E-5
-120.768671	-1.970927E-5
-120.748048	-2.241135E-5
-120.727424	-2.519290E-5
-120.706800	-2.717972E-5
-120.686177	-2.813339E-5
-120.665553	-2.964338E-5
-120.644930	-3.012021E-5
-120.624306	-2.924601E-5
-120.603682	-2.781550E-5
-120.583059	-2.400080E-5
-120.562435	-1.962980E-5
-120.541811	-1.613299E-5
-120.521188	-1.088778E-5
-120.500564	-5.880992E-6
-120.479940	-7.152557E-7
-120.459317	4.132589E-6
-120.438693	9.059906E-6
-120.418070	1.390775E-5
-120.397446	1.827876E-5
-120.376822	2.249082E-5
-120.356199	2.559026E-5
-120.335575	2.622604E-5
-120.314951	2.646446E-5
-120.294328	2.574921E-5
-120.273704	2.463659E-5
-120.253080	2.161662E-5
-120.232457	1.796087E-5
-120.211833	1.319249E-5
-120.191210	6.914139E-6
-120.170586	-3.973643E-7
-120.149962	-7.470449E-6
-120.129339	-1.358986E-5
-120.108715	-1.915296E-5
-120.088091	-2.479553E-5
-120.067468	-2.908707E-5
-120.046844	-3.163020E-5
-120.026220	-3.314018E-5
-120.005597	-3.457069E-5
-119.984973	-3.488859E-5
-119.964349	-3.361702E-5
-119.943726	-3.369649E-5
-119.923102	-3.210704E-5
-119.902479	-2.924601E-5
-119.881855	-2.646446E-5
-119.861231	-2.360344E-5
-119.840608	-1.947085E-5
-119.819984	-1.565615E-5
-119.799360	-1.184146E-5
-119.778737	-7.629395E-6
-119.758113	-4.529953E-6
-119.737489	-2.622604E-6
-119.716866	-1.589457E-7
-119.696242	2.304713E-6
-119.675619	3.337860E-6
-119.654995	4.529953E-6
-119.634371	5.245209E-6
-119.613748	5.324682E-6
-119.593124	5.960464E-6
-119.572500	6.357829E-6
-119.551877	6.039937E-6
-119.531253	6.119410E-6
-119.510629	6.437302E-6
-119.490006	6.914139E-6
-119.469382	7.788340E-6
-119.448759	8.026759E-6
-119.428135	8.265177E-6
-119.407511	8.900960E-6
-119.386888	1.088778E-5
-119.366264	1.247724E-5
-119.345640	1.311302E-5
-119.325017	1.366933E-5
-119.304393	1.446406E-5
-119.283769	1.502037E-5
-119.263146	1.509984E-5
-119.242522	1.478195E-5
-119.221898	1.422564E-5
-119.201275	1.319249E-5
-119.180651	1.120567E-5
-119.160028	8.583069E-6
-119.139404	5.880992E-6
-119.118780	3.099442E-6
-119.098157	8.742015E-7
-119.077533	-1.986821E-6
-119.056909	-4.291534E-6
-119.036286	-7.629395E-6
-119.015662	-1.056989E-5
-118.995038	-1.255671E-5
-118.974415	-1.533826E-5
-118.953791	-1.748403E-5
-118.933168	-1.843770E-5
-118.912544	-1.764297E-5
-118.891920	-1.565615E-5
-118.871297	-1.597404E-5
-118.850673	-1.494090E-5
-118.830049	-1.239777E-5
-118.809426	-1.056989E-5
-118.788802	-8.742015E-6
-118.768178	-6.198883E-6
-118.747555	-3.814697E-6
-118.726931	-1.430511E-6
-118.706308	1.033147E-6
-118.685684	3.019969E-6
-118.665060	4.529953E-6
-118.644437	6.119410E-6
-118.623813	7.788340E-6
-118.603189	8.662542E-6
-118.582566	9.377797E-6
-118.561942	8.583069E-6
-118.541318	8.583069E-6
-118.520695	8.424123E-6
-118.500071	6.914139E-6
-118.479447	5.483627E-6
-118.458824	4.688899E-6
-118.438200	2.463659E-6
-118.417577	6.357829E-7
-118.396953	-1.351039E-6
-118.376329	-2.622604E-6
-118.355706	-3.178914E-6
-118.335082	-5.483627E-6
-118.314458	-6.675720E-6
-118.293835	-7.232030E-6
-118.273211	-7.232030E-6
-118.252587	-6.993612E-6
-118.231964	-7.549922E-6
-118.211340	-7.232030E-6
-118.190717	-6.596247E-6
-118.170093	-4.291534E-6
-118.149469	-2.940496E-6
-118.128846	-2.384186E-6
-118.108222	-1.907349E-6
-118.087598	-8.742015E-7
-118.066975	0.000000
-118.046351	1.033147E-6
-118.025727	7.152557E-7
-118.005104	7.947286E-8
-117.984480	-7.947286E-8
-117.963857	-4.768372E-7
-117.943233	-2.225240E-6
-117.922609	-2.463659E-6
-117.901986	-3.019969E-6
-117.881362	-1.907349E-6
-117.860738	-2.225240E-6
-117.840115	-2.463659E-6
-117.819491	-1.509984E-6
-117.798867	-7.152557E-7
-117.778244	7.947286E-8
-117.757620	9.536743E-7
-117.736996	2.066294E-6
-117.716373	3.099442E-6
-117.695749	4.450480E-6
-117.675126	5.722046E-6
-117.654502	6.914139E-6
-117.633878	7.311503E-6
-117.613255	8.265177E-6
-117.592631	8.185705E-6
-117.572007	8.662542E-6
-117.551384	8.900960E-6
-117.530760	7.867813E-6
-117.510136	7.311503E-6
-117.489513	7.549922E-6
-117.468889	7.947286E-6
-117.448266	7.311503E-6
-117.427642	6.039937E-6
-117.407018	3.973643E-6
-117.386395	3.178914E-6
-117.365771	2.304713E-6
-117.345147	3.973643E-7
-117.324524	-2.145767E-6
-117.303900	-3.337860E-6
-117.283276	-5.801519E-6
-117.262653	-8.265177E-6
-117.242029	-1.025200E-5
-117.221406	-1.152356E-5
-117.200782	-1.287460E-5
-117.180158	-1.406670E-5
-117.159535	-1.454353E-5
-117.138911	-1.414617E-5
-117.118287	-1.382828E-5
-117.097664	-1.231829E-5
-117.077040	-1.056989E-5
-117.056416	-8.265177E-6
-117.035793	-5.563100E-6
-117.015169	-3.496806E-6
-116.994545	-2.463659E-6
-116.973922	-7.152557E-7
-116.953298	1.271566E-6
-116.932675	3.655752E-6
-116.912051	6.675720E-6
-116.891427	8.583069E-6
-116.870804	9.616216E-6
-116.850180	1.136462E-5
-116.829556	1.231829E-5
-116.808933	1.247724E-5
-116.788309	1.223882E-5
-116.767685	1.239777E-5
-116.747062	1.239777E-5
-116.726438	1.088778E-5
-116.705815	9.377797E-6
-116.685191	8.344650E-6
-116.664567	6.357829E-6
-116.643944	3.735224E-6
-116.623320	1.351039E-6
-116.602696	-3.178914E-7
-116.582073	-1.430511E-6
-116.561449	-3.258387E-6
-116.540825	-4.847844E-6
-116.520202	-5.960464E-6
-116.499578	-8.265177E-6
-116.478955	-9.536743E-6
-116.458331	-1.072884E-5
-116.437707	-1.112620E-5
-116.417084	-1.168251E-5
-116.396460	-1.215935E-5
-116.375836	-1.152356E-5
-116.355213	-1.088778E-5
-116.334589	-1.033147E-5
-116.313965	-9.218852E-6
-116.293342	-7.549922E-6
-116.272718	-6.198883E-6
-116.252094	-5.324682E-6
-116.231471	-2.702077E-6
-116.210847	-5.563100E-7
-116.190224	9.536743E-7
-116.169600	2.384186E-6
-116.148976	3.576279E-6
-116.128353	4.768372E-6
-116.107729	5.006790E-6
-116.087105	5.483627E-6
-116.066482	5.801519E-6
-116.045858	5.404154E-6
-116.025234	5.642573E-6
-116.004611	6.198883E-6
-115.983987	5.245209E-6
-115.963364	3.814697E-6
-115.942740	3.576279E-6
-115.922116	3.337860E-6
-115.901493	3.496806E-6
-115.880869	3.496806E-6
-115.860245	2.225240E-6
-115.839622	1.112620E-6
-115.818998	1.748403E-6
-115.798374	1.430511E-6
-115.777751	1.827876E-6
-115.757127	2.145767E-6
-115.736504	2.304713E-6
-115.715880	1.112620E-6
-115.695256	7.947286E-8
-115.674633	3.178914E-7
-115.654009	1.589457E-7
-115.633385	-1.589457E-7
-115.612762	-1.589457E-7
-115.592138	3.178914E-7
-115.571514	5.563100E-7
-115.550891	6.357829E-7
-115.530267	7.947286E-7
-115.509644	1.589457E-7
-115.489020	7.152557E-7
-115.468396	5.563100E-7
-115.447773	2.384186E-7
-115.427149	-4.768372E-7
-115.406525	-4.768372E-7
-115.385902	-5.563100E-7
-115.365278	-1.589457E-6
-115.344654	-2.622604E-6
-115.324031	-3.178914E-6
-115.303407	-3.576279E-6
-115.282783	-5.960464E-6
-115.262160	-7.549922E-6
-115.241536	-8.424123E-6
-115.220913	-7.708867E-6
-115.200289	-8.344650E-6
-115.179665	-9.536743E-6
-115.159042	-1.049042E-5
-115.138418	-9.934107E-6
-115.117794	-9.457270E-6
-115.097171	-8.980433E-6
-115.076547	-8.980433E-6
-115.055923	-8.106232E-6
-115.035300	-6.596247E-6
-115.014676	-4.053116E-6
-114.994053	-2.781550E-6
-114.973429	-1.827876E-6
-114.952805	-5.563100E-7
-114.932182	8.742015E-7
-114.911558	1.986821E-6
-114.890934	2.940496E-6
-114.870311	3.099442E-6
-114.849687	1.668930E-6
-114.829063	1.589457E-6
-114.808440	4.768372E-7
-114.787816	-2.384186E-7
-114.767193	-8.742015E-7
-114.746569	-2.304713E-6
-114.725945	-3.258387E-6
-114.705322	-3.576279E-6
-114.684698	-4.132589E-6
-114.664074	-4.371007E-6
-114.643451	-5.483627E-6
-114.622827	-6.357829E-6
-114.602203	-6.516774E-6
-114.581580	-6.675720E-6
-114.560956	-7.708867E-6
-114.540332	-7.549922E-6
-114.519709	-7.629395E-6
-114.499085	-7.152557E-6
-114.478462	-8.106232E-6
-114.457838	-7.232030E-6
-114.437214	-6.278356E-6
-114.416591	-6.755193E-6
-114.395967	-6.834666E-6
-114.375343	-5.404154E-6
-114.354720	-4.132589E-6
-114.334096	-3.019969E-6
-114.313472	-2.463659E-6
-114.292849	-9.536743E-7
-114.272225	-4.768372E-7
-114.251602	1.589457E-7
-114.230978	8.742015E-7
-114.210354	2.463659E-6
-114.189731	3.894170E-6
-114.169107	4.450480E-6
-114.148483	5.563100E-6
-114.127860	6.675720E-6
-114.107236	6.675720E-6
-114.086612	7.152557E-6
-114.065989	6.755193E-6
-114.045365	7.232030E-6
-114.024742	7.549922E-6
-114.004118	8.742015E-6
-113.983494	9.218852E-6
-113.962871	9.377797E-6
-113.942247	9.059906E-6
-113.921623	8.662542E-6
-113.901000	8.503596E-6
-113.880376	7.708867E-6
-113.859752	7.470449E-6
-113.839129	6.914139E-6
-113.818505	6.596247E-6
-113.797881	6.278356E-6
-113.777258	5.404154E-6
-113.756634	4.609426E-6
-113.736011	2.940496E-6
-113.715387	2.066294E-6
-113.694763	7.152557E-7
-113.674140	0.000000
-113.653516	-1.271566E-6
-113.632892	-1.668930E-6
-113.612269	-2.384186E-6
-113.591645	-4.371007E-6
-113.571021	-4.847844E-6
-113.550398	-5.642573E-6
-113.529774	-6.039937E-6
-113.509151	-7.311503E-6
-113.488527	-7.867813E-6
-113.467903	-8.106232E-6
-113.447280	-8.503596E-6
-113.426656	-9.218852E-6
-113.406032	-9.377797E-6
-113.385409	-8.821487E-6
-113.364785	-8.106232E-6
-113.344161	-7.788340E-6
-113.323538	-6.755193E-6
-113.302914	-5.801519E-6
-113.282291	-4.847844E-6
-113.261667	-2.304713E-6
-113.241043	-3.973643E-7
-113.220420	7.152557E-7
-113.199796	2.622604E-6
-113.179172	5.086263E-6
-113.158549	6.437302E-6
-113.137925	7.232030E-6
-113.117301	7.549922E-6
-113.096678	7.788340E-6
-113.076054	6.914139E-6
-113.055430	6.198883E-6
-113.034807	5.165736E-6
-113.014183	4.371007E-6
-112.993560	2.861023E-6
-112.972936	1.192093E-6
-112.952312	-5.563100E-7
-112.931689	-2.145767E-6
-112.911065	-3.019969E-6
-112.890441	-4.609426E-6
-112.869818	-4.927317E-6
-112.849194	-5.801519E-6
-112.828570	-5.801519E-6
-112.807947	-5.801519E-6
-112.787323	-6.357829E-6
-112.766700	-6.437302E-6
-112.746076	-5.880992E-6
-112.725452	-4.053116E-6
-112.704829	-2.622604E-6
-112.684205	-1.033147E-6
-112.663581	-6.357829E-7
-112.642958	7.947286E-8
-112.622334	1.748403E-6
-112.601710	2.384186E-6
-112.581087	2.066294E-6
-112.560463	1.668930E-6
-112.539840	2.304713E-6
-112.519216	2.622604E-6
-112.498592	4.132589E-6
-112.477969	5.006790E-6
-112.457345	4.371007E-6
-112.436721	3.178914E-6
-112.416098	2.066294E-6
-112.395474	1.033147E-6
-112.374850	-7.152557E-7
-112.354227	-2.543132E-6
-112.333603	-4.132589E-6
-112.312979	-5.086263E-6
-112.292356	-6.834666E-6
-112.271732	-6.914139E-6
-112.251109	-7.947286E-6
-112.230485	-7.867813E-6
-112.209861	-7.788340E-6
-112.189238	-7.549922E-6
-112.168614	-6.357829E-6
-112.147990	-4.371007E-6
-112.127367	-3.417333E-6
-112.106743	-1.589457E-6
-112.086119	-6.357829E-7
-112.065496	2.463659E-6
-112.044872	4.768372E-6
-112.024249	6.914139E-6
-112.003625	8.583069E-6
-111.983001	9.854635E-6
-111.962378	1.096725E-5
-111.941754	1.184146E-5
-111.921130	1.184146E-5
-111.900507	1.279513E-5
-111.879883	1.311302E-5
-111.859259	1.223882E-5
-111.838636	1.112620E-5
-111.818012	1.041094E-5
-111.797389	1.025200E-5
-111.776765	9.059906E-6
-111.756141	7.947286E-6
-111.735518	6.357829E-6
-111.714894	5.563100E-6
-111.694270	4.291534E-6
-111.673647	2.940496E-6
-111.653023	1.907349E-6
-111.632399	2.543132E-6
-111.611776	1.589457E-6
-111.591152	-7.152557E-7
-111.570528	-2.304713E-6
-111.549905	-2.384186E-6
-111.529281	-2.066294E-6
-111.508658	-2.622604E-6
-111.488034	-1.589457E-6
-111.467410	-7.152557E-7
-111.446787	-2.384186E-7
-111.426163	7.152557E-7
-111.405539	2.940496E-6
-111.384916	4.688899E-6
-111.364292	6.675720E-6
-111.343668	9.854635E-6
-111.323045	1.263618E-5
-111.302421	1.358986E-5
-111.281798	1.517932E-5
-111.261174	1.700719E-5
-111.240550	1.843770E-5
-111.219927	1.875559E-5
-111.199303	1.899401E-5
-111.178679	1.947085E-5
-111.158056	1.819928E-5
-111.137432	1.645088E-5
-111.116808	1.541773E-5
-111.096185	1.382828E-5
-111.075561	1.223882E-5
-111.054938	1.160304E-5
-111.034314	9.934107E-6
-111.013690	8.980433E-6
-110.993067	8.106232E-6
-110.972443	7.549922E-6
-110.951819	6.675720E-6
-110.931196	6.675720E-6
-110.910572	7.629395E-6
-110.889948	8.742015E-6
-110.869325	8.900960E-6
-110.848701	1.041094E-5
-110.828077	1.128515E-5
-110.807454	1.223882E-5
-110.786830	1.343091E-5
-110.766207	1.430511E-5
-110.745583	1.581510E-5
-110.724959	1.700719E-5
-110.704336	1.915296E-5
-110.683712	2.010663E-5
-110.663088	1.947085E-5
-110.642465	1.772245E-5
-110.621841	1.573563E-5
-110.601217	1.446406E-5
-110.580594	1.327197E-5
-110.559970	1.104673E-5
-110.539347	8.265177E-6
-110.518723	4.529953E-6
-110.498099	1.907349E-6
-110.477476	-6.357829E-7
-110.456852	-3.496806E-6
-110.436228	-6.039937E-6
-110.415605	-8.344650E-6
-110.394981	-9.616216E-6
-110.374357	-9.854635E-6
-110.353734	-1.033147E-5
-110.333110	-1.088778E-5
-110.312487	-1.025200E-5
-110.291863	-8.980433E-6
-110.271239	-6.755193E-6
-110.250616	-3.814697E-6
-110.229992	-1.827876E-6
-110.209368	7.947286E-7
-110.188745	2.940496E-6
-110.168121	6.357829E-6
-110.147497	6.675720E-6
-110.126874	6.834666E-6
-110.106250	8.583069E-6
-110.085626	9.139379E-6
-110.065003	8.344650E-6
-110.044379	7.073085E-6
-110.023756	5.642573E-6
-110.003132	3.258387E-6
-109.982508	1.589457E-7
-109.961885	-2.622604E-6
-109.941261	-5.006790E-6
-109.920637	-7.629395E-6
-109.900014	-1.049042E-5
-109.879390	-1.295408E-5
-109.858766	-1.502037E-5
-109.838143	-1.613299E-5
-109.817519	-1.613299E-5
-109.796896	-1.676877E-5
-109.776272	-1.692772E-5
-109.755648	-1.716614E-5
-109.735025	-1.597404E-5
-109.714401	-1.486142E-5
-109.693777	-1.430511E-5
-109.673154	-1.295408E-5
-109.652530	-1.271566E-5
-109.631906	-1.247724E-5
-109.611283	-1.128515E-5
-109.590659	-1.080831E-5
-109.570036	-1.080831E-5
-109.549412	-1.049042E-5
-109.528788	-1.056989E-5
-109.508165	-1.192093E-5
-109.487541	-1.263618E-5
-109.466917	-1.303355E-5
-109.446294	-1.430511E-5
-109.425670	-1.613299E-5
-109.405046	-1.764297E-5
-109.384423	-1.851718E-5
-109.363799	-1.891454E-5
-109.343176	-2.106031E-5
-109.322552	-2.312660E-5
-109.301928	-2.487501E-5
-109.281305	-2.606710E-5
-109.260681	-2.614657E-5
-109.240057	-2.670288E-5
-109.219434	-2.686183E-5
-109.198810	-2.638499E-5
-109.178186	-2.511342E-5
-109.157563	-2.471606E-5
-109.136939	-2.344449E-5
-109.116315	-2.066294E-5
-109.095692	-1.740456E-5
-109.075068	-1.533826E-5
-109.054445	-1.184146E-5
-109.033821	-8.900960E-6
-109.013197	-5.801519E-6
-108.992574	-3.576279E-6
-108.971950	-2.543132E-6
-108.951326	-1.033147E-6
-108.930703	-1.033147E-6
-108.910079	-4.768372E-7
-108.889455	-1.668930E-6
-108.868832	-2.543132E-6
-108.848208	-5.880992E-6
-108.827585	-8.424123E-6
-108.806961	-1.192093E-5
-108.786337	-1.525879E-5
-108.765714	-1.804034E-5
-108.745090	-2.090136E-5
-108.724466	-2.225240E-5
-108.703843	-2.431870E-5
-108.683219	-2.447764E-5
-108.662595	-2.455711E-5
-108.641972	-2.439817E-5
-108.621348	-2.177556E-5
-108.600725	-1.796087E-5
-108.580101	-1.295408E-5
-108.559477	-8.503596E-6
-108.538854	-3.178914E-6
-108.518230	2.384186E-6
-108.497606	8.662542E-6
-108.476983	1.597404E-5
-108.456359	2.233187E-5
-108.435735	2.837181E-5
-108.415112	3.512700E-5
-108.394488	4.092852E-5
-108.373864	4.498164E-5
-108.353241	4.744530E-5
-108.332617	4.863739E-5
-108.311994	4.935265E-5
-108.291370	4.943212E-5
-108.270746	4.935265E-5
-108.250123	4.696846E-5
-108.229499	4.537900E-5
-108.208875	4.339218E-5
-108.188252	3.846486E-5
-108.167628	3.369649E-5
-108.147004	3.027916E-5
-108.126381	2.630552E-5
-108.105757	2.161662E-5
-108.085134	1.796087E-5
-108.064510	1.470248E-5
-108.043886	1.152356E-5
-108.023263	1.017253E-5
-108.002639	8.344650E-6
-107.982015	7.867813E-6
-107.961392	9.775162E-6
-107.940768	1.009305E-5
-107.920144	1.033147E-5
-107.899521	1.160304E-5
-107.878897	1.414617E-5
-107.858274	1.708666E-5
-107.837650	2.026558E-5
-107.817026	2.360344E-5
-107.796403	2.694130E-5
-107.775779	3.004074E-5
-107.755155	3.314018E-5
-107.734532	3.647804E-5
-107.713908	3.941854E-5
-107.693284	4.188220E-5
-107.672661	4.299482E-5
-107.652037	4.307429E-5
-107.631413	4.140536E-5
-107.610790	4.100800E-5
-107.590166	4.132589E-5
-107.569543	4.116694E-5
-107.548919	4.053116E-5
-107.528295	3.949801E-5
-107.507672	3.838539E-5
-107.487048	3.790855E-5
-107.466424	3.790855E-5
-107.445801	3.679593E-5
-107.425177	3.663699E-5
-107.404553	3.687541E-5
-107.383930	3.759066E-5
-107.363306	3.759066E-5
-107.342683	3.830592E-5
-107.322059	4.021327E-5
-107.301435	4.196167E-5
-107.280812	4.371007E-5
-107.260188	4.553795E-5
-107.239564	4.776319E-5
-107.218941	5.046527E-5
-107.198317	5.276998E-5
-107.177693	5.332629E-5
-107.157070	5.515416E-5
-107.136446	5.642573E-5
-107.115823	5.801519E-5
-107.095199	5.873044E-5
-107.074575	5.888939E-5
-107.053952	5.761782E-5
-107.033328	5.706151E-5
-107.012704	5.674362E-5
-106.992081	5.483627E-5
-106.971457	5.332629E-5
-106.950833	5.141894E-5
-106.930210	4.871686E-5
-106.909586	4.680951E-5
-106.888962	4.514058E-5
-106.868339	4.355113E-5
-106.847715	4.116694E-5
-106.827092	3.910065E-5
-106.806468	3.830592E-5
-106.785844	3.941854E-5
-106.765221	4.013379E-5
-106.744597	4.053116E-5
-106.723973	4.331271E-5
-106.703350	4.545848E-5
-106.682726	4.585584E-5
-106.662102	4.680951E-5
-106.641479	4.800161E-5
-106.620855	5.022685E-5
-106.600232	5.157789E-5
-106.579608	5.110105E-5
-106.558984	4.895528E-5
-106.538361	4.649162E-5
-106.517737	4.283587E-5
-106.497113	3.806750E-5
-106.476490	3.170967E-5
-106.455866	2.328555E-5
-106.435242	1.279513E-5
-106.414619	1.351039E-6
-106.393995	-9.616216E-6
-106.373372	-2.113978E-5
-106.352748	-3.131231E-5
-106.332124	-4.164378E-5
-106.311501	-5.205472E-5
-106.290877	-6.262461E-5
-106.270253	-7.176399E-5
-106.249630	-7.899602E-5
-106.229006	-8.479754E-5
-106.208382	-9.123484E-5
-106.187759	-9.727478E-5
-106.167135	-0.000102
-106.146511	-0.000106
-106.125888	-0.000109
-106.105264	-0.000112
-106.084641	-0.000115
-106.064017	-0.000118
-106.043393	-0.000122
-106.022770	-0.000124
-106.002146	-0.000128
-105.981522	-0.000131
-105.960899	-0.000134
-105.940275	-0.000137
-105.919651	-0.000140
-105.899028	-0.000142
-105.878404	-0.000142
-105.857781	-0.000143
-105.837157	-0.000143
-105.816533	-0.000143
-105.795910	-0.000142
-105.775286	-0.000141
-105.754662	-0.000140
-105.734039	-0.000139
-105.713415	-0.000138
-105.692791	-0.000137
-105.672168	-0.000136
-105.651544	-0.000135
-105.630921	-0.000133
-105.610297	-0.000134
-105.589673	-0.000136
-105.569050	-0.000139
-105.548426	-0.000141
-105.527802	-0.000146
-105.507179	-0.000151
-105.486555	-0.000158
-105.465931	-0.000167
-105.445308	-0.000177
-105.424684	-0.000188
-105.404060	-0.000198
-105.383437	-0.000209
-105.362813	-0.000218
-105.342190	-0.000225
-105.321566	-0.000226
-105.300942	-0.000222
-105.280319	-0.000213
-105.259695	-0.000201
-105.239071	-0.000187
-105.218448	-0.000170
-105.197824	-0.000153
-105.177200	-0.000141
-105.156577	-0.000136
-105.135953	-0.000141
-105.115330	-0.000159
-105.094706	-0.000198
-105.074082	-0.000262
-105.053459	-0.000353
-105.032835	-0.000465
-105.012211	-0.000600
-104.991588	-0.000754
-104.970964	-0.000927
-104.950340	-0.001107
-104.929717	-0.001293
-104.909093	-0.001477
-104.888470	-0.001649
-104.867846	-0.001792
-104.847222	-0.001899
-104.826599	-0.001977
-104.805975	-0.002007
-104.785351	-0.001975
-104.764728	-0.001891
-104.744104	-0.001745
-104.723480	-0.001540
-104.702857	-0.001277
-104.682233	-0.000963
-104.661609	-0.000627
-104.640986	-0.000244
-104.620362	0.000161
-104.599739	0.000579
-104.579115	0.000980
-104.558491	0.001351
-104.537868	0.001697
-104.517244	0.002005
-104.496620	0.002281
-104.475997	0.002509
-104.455373	0.002667
-104.434749	0.002775
-104.414126	0.002838
-104.393502	0.002853
-104.372879	0.002816
-104.352255	0.002729
-104.331631	0.002610
-104.311008	0.002463
-104.290384	0.002293
-104.269760	0.002099
-104.249137	0.001893
-104.228513	0.001685
-104.207889	0.001475
-104.187266	0.001275
-104.166642	0.001072
-104.146019	0.000873
-104.125395	0.000685
-104.104771	0.000511
-104.084148	0.000355
-104.063524	0.000212
-104.042900	8.710225E-5
-104.022277	-2.447764E-5
-104.001653	-0.000121
-103.981029	-0.000202
-103.960406	-0.000274
-103.939782	-0.000332
-103.919159	-0.000379
-103.898535	-0.000415
-103.877911	-0.000443
-103.857288	-0.000466
-103.836664	-0.000482
-103.816040	-0.000491
-103.795417	-0.000494
-103.774793	-0.000493
-103.754169	-0.000489
-103.733546	-0.000480
-103.712922	-0.000470
-103.692298	-0.000459
-103.671675	-0.000448
-103.651051	-0.000437
-103.630428	-0.000424
-103.609804	-0.000408
-103.589180	-0.000392
-103.568557	-0.000375
-103.547933	-0.000357
-103.527309	-0.000340
-103.506686	-0.000327
-103.486062	-0.000313
-103.465438	-0.000299
-103.444815	-0.000284
-103.424191	-0.000270
-103.403568	-0.000257
-103.382944	-0.000244
-103.362320	-0.000233
-103.341697	-0.000222
-103.321073	-0.000211
-103.300449	-0.000201
-103.279826	-0.000191
-103.259202	-0.000182
-103.238578	-0.000173
-103.217955	-0.000164
-103.197331	-0.000155
-103.176708	-0.000148
-103.156084	-0.000142
-103.135460	-0.000135
-103.114837	-0.000128
-103.094213	-0.000120
-103.073589	-0.000113
-103.052966	-0.000107
-103.032342	-0.000103
-103.011718	-9.759267E-5
-102.991095	-9.314219E-5
-102.970471	-8.885066E-5
-102.949847	-8.416176E-5
-102.929224	-7.931391E-5
-102.908600	-7.573764E-5
-102.887977	-7.168452E-5
-102.867353	-6.866455E-5
-102.846729	-6.484985E-5
-102.826106	-6.230672E-5
-102.805482	-5.976359E-5
-102.784858	-5.658468E-5
-102.764235	-5.483627E-5
-102.743611	-5.292892E-5
-102.722987	-5.070368E-5
-102.702364	-4.736582E-5
-102.681740	-4.498164E-5
-102.661117	-4.426638E-5
-102.640493	-4.291534E-5
-102.619869	-4.029274E-5
-102.599246	-3.822645E-5
-102.578622	-3.623962E-5
-102.557998	-3.480911E-5
-102.537375	-3.290176E-5
-102.516751	-3.147125E-5
-102.496127	-3.051758E-5
-102.475504	-3.027916E-5
-102.454880	-2.861023E-5
-102.434257	-2.710025E-5
-102.413633	-2.622604E-5
-102.393009	-2.519290E-5
-102.372386	-2.368291E-5
-102.351762	-2.193451E-5
-102.331138	-2.106031E-5
-102.310515	-2.002716E-5
-102.289891	-1.962980E-5
-102.269267	-1.907349E-5
-102.248644	-1.764297E-5
-102.228020	-1.676877E-5
-102.207396	-1.605352E-5
-102.186773	-1.517932E-5
-102.166149	-1.462301E-5
-102.145526	-1.374880E-5
-102.124902	-1.279513E-5
-102.104278	-1.271566E-5
-102.083655	-1.231829E-5
-102.063031	-1.176198E-5
-102.042407	-1.064936E-5
-102.021784	-1.049042E-5
-102.001160	-9.616216E-6
-101.980536	-9.377797E-6
-101.959913	-9.139379E-6
-101.939289	-8.344650E-6
-101.918666	-7.947286E-6
-101.898042	-8.503596E-6
-101.877418	-7.470449E-6
-101.856795	-6.993612E-6
-101.836171	-6.755193E-6
-101.815547	-7.232030E-6
-101.794924	-5.880992E-6
-101.774300	-5.006790E-6
-101.753676	-4.609426E-6
-101.733053	-4.132589E-6
-101.712429	-4.450480E-6
-101.691806	-4.768372E-6
-101.671182	-3.894170E-6
-101.650558	-3.973643E-6
-101.629935	-3.735224E-6
-101.609311	-2.781550E-6
-101.588687	-2.384186E-6
-101.568064	-1.827876E-6
-101.547440	-1.668930E-6
-101.526816	-1.668930E-6
-101.506193	-1.192093E-6
-101.485569	-1.033147E-6
-101.464945	-1.351039E-6
-101.444322	-1.112620E-6
-101.423698	-6.357829E-7
-101.403075	-2.384186E-7
-101.382451	7.947286E-8
-101.361827	-6.357829E-7
-101.341204	-5.563100E-7
-101.320580	-7.947286E-8
-101.299956	-7.947286E-8
-101.279333	9.536743E-7
-101.258709	1.033147E-6
-101.238085	0.000000
-101.217462	6.357829E-7
-101.196838	2.384186E-7
-101.176215	7.947286E-8
-101.155591	9.536743E-7
-101.134967	1.430511E-6
-101.114344	1.192093E-6
-101.093720	1.986821E-6
-101.073096	2.066294E-6
-101.052473	1.112620E-6
-101.031849	-7.947286E-8
-101.011225	7.152557E-7
-100.990602	1.430511E-6
-100.969978	1.509984E-6
-100.949355	1.589457E-6
-100.928731	1.033147E-6
-100.908107	7.947286E-7
-100.887484	1.271566E-6
-100.866860	1.192093E-6
-100.846236	1.589457E-6
-100.825613	1.351039E-6
-100.804989	1.271566E-6
-100.784365	1.033147E-6
-100.763742	2.066294E-6
-100.743118	1.668930E-6
-100.722494	1.668930E-6
-100.701871	1.827876E-6
-100.681247	1.509984E-6
-100.660624	1.748403E-6
-100.640000	2.304713E-6
-100.619376	2.384186E-6
-100.598753	2.543132E-6
-100.578129	2.543132E-6
-100.557505	2.702077E-6
-100.536882	2.145767E-6
-100.516258	1.112620E-6
-100.495634	1.509984E-6
-100.475011	1.907349E-6
-100.454387	1.271566E-6
-100.433764	1.033147E-6
-100.413140	1.748403E-6
-100.392516	1.827876E-6
-100.371893	1.351039E-6
-100.351269	2.066294E-6
-100.330645	1.748403E-6
-100.310022	2.304713E-6
-100.289398	1.907349E-6
-100.268774	1.668930E-6
-100.248151	1.112620E-6
-100.227527	1.668930E-6
-100.206904	1.827876E-6
-100.186280	1.986821E-6
-100.165656	1.430511E-6
-100.145033	1.430511E-6
-100.124409	1.430511E-6
-100.103785	9.536743E-7
-100.083162	5.563100E-7
-100.062538	6.357829E-7
-100.041914	7.947286E-7
-100.021291	7.152557E-7
