-143.000954	3.099442E-6
-142.980330	2.225240E-6
-142.959707	2.066294E-6
-142.939083	1.986821E-6
-142.918459	1.351039E-6
-142.897836	1.351039E-6
-142.877212	1.748403E-6
-142.856589	1.907349E-6
-142.835965	1.668930E-6
-142.815341	2.622604E-6
-142.794718	3.337860E-6
-142.774094	2.622604E-6
-142.753470	2.145767E-6
-142.732847	1.668930E-6
-142.712223	1.748403E-6
-142.691599	1.907349E-6
-142.670976	2.145767E-6
-142.650352	1.827876E-6
-142.629729	1.668930E-6
-142.609105	1.430511E-6
-142.588481	1.112620E-6
-142.567858	6.357829E-7
-142.547234	7.947286E-7
-142.526610	-1.589457E-7
-142.505987	-9.536743E-7
-142.485363	-1.033147E-6
-142.464739	-3.973643E-7
-142.444116	3.973643E-7
-142.423492	-7.947286E-8
-142.402868	3.973643E-7
-142.382245	0.000000
-142.361621	1.112620E-6
-142.340998	2.702077E-6
-142.320374	3.894170E-6
-142.299750	4.609426E-6
-142.279127	4.609426E-6
-142.258503	5.006790E-6
-142.237879	5.245209E-6
-142.217256	5.324682E-6
-142.196632	4.212062E-6
-142.176008	3.258387E-6
-142.155385	3.496806E-6
-142.134761	2.781550E-6
-142.114138	2.066294E-6
-142.093514	1.748403E-6
-142.072890	9.536743E-7
-142.052267	-7.947286E-8
-142.031643	-7.947286E-8
-142.011019	0.000000
-141.990396	-7.947286E-8
-141.969772	-4.768372E-7
-141.949148	-7.947286E-8
-141.928525	1.112620E-6
-141.907901	1.907349E-6
-141.887278	1.907349E-6
-141.866654	1.748403E-6
-141.846030	2.384186E-6
-141.825407	2.225240E-6
-141.804783	2.543132E-6
-141.784159	2.304713E-6
-141.763536	1.907349E-6
-141.742912	1.668930E-6
-141.722288	1.192093E-6
-141.701665	3.178914E-7
-141.681041	-9.536743E-7
-141.660417	-1.271566E-6
-141.639794	-2.781550E-6
-141.619170	-3.496806E-6
-141.598547	-3.894170E-6
-141.577923	-5.245209E-6
-141.557299	-5.960464E-6
-141.536676	-6.755193E-6
-141.516052	-6.834666E-6
-141.495428	-6.596247E-6
-141.474805	-6.755193E-6
-141.454181	-6.834666E-6
-141.433557	-6.039937E-6
-141.412934	-5.086263E-6
-141.392310	-4.371007E-6
-141.371687	-3.894170E-6
-141.351063	-2.781550E-6
-141.330439	-1.827876E-6
-141.309816	-7.947286E-7
-141.289192	-6.357829E-7
-141.268568	7.947286E-8
-141.247945	3.178914E-7
-141.227321	6.357829E-7
-141.206697	-1.589457E-7
-141.186074	-3.178914E-7
-141.165450	-7.152557E-7
-141.144827	-1.509984E-6
-141.124203	-2.384186E-6
-141.103579	-2.781550E-6
-141.082956	-3.735224E-6
-141.062332	-4.291534E-6
-141.041708	-5.563100E-6
-141.021085	-6.596247E-6
-141.000461	-7.629395E-6
-140.979837	-8.424123E-6
-140.959214	-8.980433E-6
-140.938590	-8.742015E-6
-140.917966	-8.185705E-6
-140.897343	-7.073085E-6
-140.876719	-7.470449E-6
-140.856096	-7.629395E-6
-140.835472	-6.198883E-6
-140.814848	-5.960464E-6
-140.794225	-5.642573E-6
-140.773601	-6.675720E-6
-140.752977	-7.629395E-6
-140.732354	-8.424123E-6
-140.711730	-1.001358E-5
-140.691106	-1.255671E-5
-140.670483	-1.430511E-5
-140.649859	-1.549721E-5
-140.629236	-1.931190E-5
-140.608612	-2.336502E-5
-140.587988	-2.654394E-5
-140.567365	-2.861023E-5
-140.546741	-3.027916E-5
-140.526117	-3.242493E-5
-140.505494	-3.401438E-5
-140.484870	-3.401438E-5
-140.464246	-3.337860E-5
-140.443623	-3.218651E-5
-140.422999	-3.131231E-5
-140.402376	-2.932549E-5
-140.381752	-2.574921E-5
-140.361128	-2.066294E-5
-140.340505	-1.509984E-5
-140.319881	-1.049042E-5
-140.299257	-5.324682E-6
-140.278634	3.178914E-7
-140.258010	5.642573E-6
-140.237386	1.064936E-5
-140.216763	1.613299E-5
-140.196139	2.106031E-5
-140.175515	2.614657E-5
-140.154892	3.099442E-5
-140.134268	3.488859E-5
-140.113645	3.719330E-5
-140.093021	3.949801E-5
-140.072397	4.076958E-5
-140.051774	4.212062E-5
-140.031150	4.188220E-5
-140.010526	4.116694E-5
-139.989903	4.021327E-5
-139.969279	3.941854E-5
-139.948655	3.751119E-5
-139.928032	3.496806E-5
-139.907408	3.250440E-5
-139.886785	2.988180E-5
-139.866161	2.710025E-5
-139.845537	2.415975E-5
-139.824914	2.106031E-5
-139.804290	1.740456E-5
-139.783666	1.517932E-5
-139.763043	1.184146E-5
-139.742419	8.900960E-6
-139.721795	8.185705E-6
-139.701172	6.596247E-6
-139.680548	5.006790E-6
-139.659925	3.258387E-6
-139.639301	1.827876E-6
-139.618677	4.768372E-7
-139.598054	3.973643E-7
-139.577430	-3.178914E-7
-139.556806	-1.589457E-6
-139.536183	-1.589457E-6
-139.515559	-3.576279E-6
-139.494935	-5.324682E-6
-139.474312	-6.357829E-6
-139.453688	-6.198883E-6
-139.433064	-6.755193E-6
-139.412441	-7.152557E-6
-139.391817	-8.026759E-6
-139.371194	-9.695689E-6
-139.350570	-1.017253E-5
-139.329946	-1.072884E-5
-139.309323	-1.160304E-5
-139.288699	-1.152356E-5
-139.268075	-1.112620E-5
-139.247452	-1.215935E-5
-139.226828	-1.200040E-5
-139.206204	-1.255671E-5
-139.185581	-1.311302E-5
-139.164957	-1.478195E-5
-139.144334	-1.541773E-5
-139.123710	-1.509984E-5
-139.103086	-1.565615E-5
-139.082463	-1.517932E-5
-139.061839	-1.541773E-5
-139.041215	-1.613299E-5
-139.020592	-1.621246E-5
-138.999968	-1.637141E-5
-138.979344	-1.708666E-5
-138.958721	-1.605352E-5
-138.938097	-1.645088E-5
-138.917474	-1.589457E-5
-138.896850	-1.565615E-5
-138.876226	-1.486142E-5
-138.855603	-1.271566E-5
-138.834979	-1.160304E-5
-138.814355	-9.695689E-6
-138.793732	-6.834666E-6
-138.773108	-4.609426E-6
-138.752484	-1.827876E-6
-138.731861	7.152557E-7
-138.711237	3.814697E-6
-138.690613	6.278356E-6
-138.669990	9.298325E-6
-138.649366	1.207987E-5
-138.628743	1.398722E-5
-138.608119	1.637141E-5
-138.587495	1.867612E-5
-138.566872	1.962980E-5
-138.546248	1.899401E-5
-138.525624	1.947085E-5
-138.505001	1.915296E-5
-138.484377	1.788139E-5
-138.463753	1.684825E-5
-138.443130	1.589457E-5
-138.422506	1.406670E-5
-138.401883	1.168251E-5
-138.381259	8.106232E-6
-138.360635	6.675720E-6
-138.340012	5.245209E-6
-138.319388	3.496806E-6
-138.298764	9.536743E-7
-138.278141	-5.563100E-7
-138.257517	-1.986821E-6
-138.236893	-3.496806E-6
-138.216270	-4.371007E-6
-138.195646	-5.086263E-6
-138.175023	-6.119410E-6
-138.154399	-6.755193E-6
-138.133775	-6.993612E-6
-138.113152	-7.549922E-6
-138.092528	-8.106232E-6
-138.071904	-7.947286E-6
-138.051281	-8.821487E-6
-138.030657	-8.980433E-6
-138.010033	-9.059906E-6
-137.989410	-8.106232E-6
-137.968786	-7.549922E-6
-137.948162	-6.516774E-6
-137.927539	-5.483627E-6
-137.906915	-4.847844E-6
-137.886292	-3.894170E-6
-137.865668	-3.178914E-6
-137.845044	-1.430511E-6
-137.824421	4.768372E-7
-137.803797	1.589457E-6
-137.783173	2.463659E-6
-137.762550	3.814697E-6
-137.741926	4.529953E-6
-137.721302	5.006790E-6
-137.700679	4.847844E-6
-137.680055	4.212062E-6
-137.659432	3.894170E-6
-137.638808	3.417333E-6
-137.618184	9.536743E-7
-137.597561	-2.384186E-7
-137.576937	-1.192093E-6
-137.556313	-1.986821E-6
-137.535690	-3.178914E-6
-137.515066	-5.086263E-6
-137.494442	-5.642573E-6
-137.473819	-6.278356E-6
-137.453195	-6.993612E-6
-137.432572	-6.993612E-6
-137.411948	-6.914139E-6
-137.391324	-6.437302E-6
-137.370701	-6.596247E-6
-137.350077	-6.914139E-6
-137.329453	-5.563100E-6
-137.308830	-4.768372E-6
-137.288206	-4.688899E-6
-137.267582	-3.894170E-6
-137.246959	-3.099442E-6
-137.226335	-2.304713E-6
-137.205712	-2.304713E-6
-137.185088	-2.145767E-6
-137.164464	-1.748403E-6
-137.143841	-1.271566E-6
-137.123217	-3.973643E-7
-137.102593	1.589457E-7
-137.081970	9.536743E-7
-137.061346	1.192093E-6
-137.040722	9.536743E-7
-137.020099	7.947286E-7
-136.999475	1.430511E-6
-136.978851	1.748403E-6
-136.958228	2.066294E-6
-136.937604	2.304713E-6
-136.916981	1.430511E-6
-136.896357	9.536743E-7
-136.875733	4.768372E-7
-136.855110	1.986821E-6
-136.834486	1.748403E-6
-136.813862	1.430511E-6
-136.793239	1.112620E-6
-136.772615	5.563100E-7
-136.751991	1.112620E-6
-136.731368	1.986821E-6
-136.710744	2.225240E-6
-136.690121	2.622604E-6
-136.669497	1.827876E-6
-136.648873	9.536743E-7
-136.628250	7.152557E-7
-136.607626	5.563100E-7
-136.587002	-3.973643E-7
-136.566379	-1.192093E-6
-136.545755	-1.748403E-6
-136.525131	-2.225240E-6
-136.504508	-3.178914E-6
-136.483884	-4.371007E-6
-136.463261	-5.165736E-6
-136.442637	-5.165736E-6
-136.422013	-4.688899E-6
-136.401390	-3.496806E-6
-136.380766	-3.894170E-6
-136.360142	-3.814697E-6
-136.339519	-3.258387E-6
-136.318895	-3.178914E-6
-136.298271	-1.827876E-6
-136.277648	-5.563100E-7
-136.257024	2.384186E-7
-136.236400	5.563100E-7
-136.215777	1.351039E-6
-136.195153	1.430511E-6
-136.174530	1.668930E-6
-136.153906	3.019969E-6
-136.133282	4.450480E-6
-136.112659	5.165736E-6
-136.092035	4.927317E-6
-136.071411	6.278356E-6
-136.050788	6.675720E-6
-136.030164	6.119410E-6
-136.009540	6.516774E-6
-135.988917	6.596247E-6
-135.968293	5.722046E-6
-135.947670	5.483627E-6
-135.927046	6.039937E-6
-135.906422	5.642573E-6
-135.885799	4.688899E-6
-135.865175	4.291534E-6
-135.844551	2.861023E-6
-135.823928	1.827876E-6
-135.803304	0.000000
-135.782680	-1.430511E-6
-135.762057	-2.304713E-6
-135.741433	-3.178914E-6
-135.720810	-4.291534E-6
-135.700186	-6.357829E-6
-135.679562	-7.549922E-6
-135.658939	-7.390976E-6
-135.638315	-6.914139E-6
-135.617691	-6.596247E-6
-135.597068	-6.198883E-6
-135.576444	-4.450480E-6
-135.555820	-3.258387E-6
-135.535197	-2.145767E-6
-135.514573	-2.384186E-7
-135.493949	2.145767E-6
-135.473326	4.291534E-6
-135.452702	5.563100E-6
-135.432079	6.834666E-6
-135.411455	8.265177E-6
-135.390831	9.934107E-6
-135.370208	1.056989E-5
-135.349584	9.218852E-6
-135.328960	8.503596E-6
-135.308337	7.629395E-6
-135.287713	5.563100E-6
-135.267089	3.417333E-6
-135.246466	2.066294E-6
-135.225842	4.768372E-7
-135.205219	-1.033147E-6
-135.184595	-3.735224E-6
-135.163971	-5.801519E-6
-135.143348	-6.993612E-6
-135.122724	-8.662542E-6
-135.102100	-8.424123E-6
-135.081477	-8.742015E-6
-135.060853	-8.106232E-6
-135.040229	-7.390976E-6
-135.019606	-8.026759E-6
-134.998982	-7.867813E-6
-134.978359	-6.914139E-6
-134.957735	-5.404154E-6
-134.937111	-5.245209E-6
-134.916488	-3.417333E-6
-134.895864	-1.827876E-6
-134.875240	1.589457E-7
-134.854617	1.986821E-6
-134.833993	3.496806E-6
-134.813369	3.099442E-6
-134.792746	3.973643E-6
-134.772122	4.927317E-6
-134.751498	5.404154E-6
-134.730875	5.722046E-6
-134.710251	5.722046E-6
-134.689628	3.973643E-6
-134.669004	2.145767E-6
-134.648380	7.947286E-8
-134.627757	-1.509984E-6
-134.607133	-3.576279E-6
-134.586509	-5.642573E-6
-134.565886	-6.834666E-6
-134.545262	-8.821487E-6
-134.524638	-9.854635E-6
-134.504015	-1.176198E-5
-134.483391	-1.295408E-5
-134.462768	-1.366933E-5
-134.442144	-1.478195E-5
-134.421520	-1.502037E-5
-134.400897	-1.454353E-5
-134.380273	-1.382828E-5
-134.359649	-1.263618E-5
-134.339026	-1.088778E-5
-134.318402	-8.503596E-6
-134.297778	-6.596247E-6
-134.277155	-4.847844E-6
-134.256531	-2.702077E-6
-134.235908	7.947286E-8
-134.215284	2.781550E-6
-134.194660	4.688899E-6
-134.174037	6.834666E-6
-134.153413	7.470449E-6
-134.132789	7.629395E-6
-134.112166	7.390976E-6
-134.091542	7.708867E-6
-134.070918	6.834666E-6
-134.050295	5.483627E-6
-134.029671	4.768372E-6
-134.009047	2.463659E-6
-133.988424	1.192093E-6
-133.967800	-5.563100E-7
-133.947177	-2.304713E-6
-133.926553	-4.371007E-6
-133.905929	-5.324682E-6
-133.885306	-6.596247E-6
-133.864682	-7.470449E-6
-133.844058	-7.390976E-6
-133.823435	-8.026759E-6
-133.802811	-7.073085E-6
-133.782187	-5.245209E-6
-133.761564	-4.053116E-6
-133.740940	-2.543132E-6
-133.720317	-1.112620E-6
-133.699693	0.000000
-133.679069	1.589457E-6
-133.658446	3.019969E-6
-133.637822	5.245209E-6
-133.617198	6.914139E-6
-133.596575	7.232030E-6
-133.575951	7.390976E-6
-133.555327	6.119410E-6
-133.534704	5.165736E-6
-133.514080	4.768372E-6
-133.493457	3.099442E-6
-133.472833	5.563100E-7
-133.452209	-1.430511E-6
-133.431586	-2.940496E-6
-133.410962	-4.927317E-6
-133.390338	-7.152557E-6
-133.369715	-8.503596E-6
-133.349091	-9.854635E-6
-133.328467	-1.088778E-5
-133.307844	-1.120567E-5
-133.287220	-1.152356E-5
-133.266596	-1.168251E-5
-133.245973	-1.049042E-5
-133.225349	-8.662542E-6
-133.204726	-6.357829E-6
-133.184102	-4.371007E-6
-133.163478	-1.907349E-6
-133.142855	-4.768372E-7
-133.122231	1.589457E-7
-133.101607	1.033147E-6
-133.080984	2.304713E-6
-133.060360	2.940496E-6
-133.039736	3.417333E-6
-133.019113	3.337860E-6
-132.998489	3.973643E-6
-132.977866	3.735224E-6
-132.957242	2.781550E-6
-132.936618	2.225240E-6
-132.915995	1.192093E-6
-132.895371	2.384186E-7
-132.874747	-9.536743E-7
-132.854124	-2.225240E-6
-132.833500	-2.702077E-6
-132.812876	-3.735224E-6
-132.792253	-4.609426E-6
-132.771629	-5.483627E-6
-132.751006	-6.357829E-6
-132.730382	-5.642573E-6
-132.709758	-5.006790E-6
-132.689135	-3.894170E-6
-132.668511	-2.861023E-6
-132.647887	-9.536743E-7
-132.627264	9.536743E-7
-132.606640	1.827876E-6
-132.586016	2.702077E-6
-132.565393	4.291534E-6
-132.544769	5.483627E-6
-132.524145	6.198883E-6
-132.503522	7.629395E-6
-132.482898	8.980433E-6
-132.462275	1.001358E-5
-132.441651	9.934107E-6
-132.421027	8.344650E-6
-132.400404	7.152557E-6
-132.379780	5.722046E-6
-132.359156	3.894170E-6
-132.338533	3.099442E-6
-132.317909	1.351039E-6
-132.297285	-7.152557E-7
-132.276662	-1.907349E-6
-132.256038	-3.576279E-6
-132.235415	-4.768372E-6
-132.214791	-6.278356E-6
-132.194167	-7.232030E-6
-132.173544	-7.470449E-6
-132.152920	-6.596247E-6
-132.132296	-4.371007E-6
-132.111673	-3.178914E-6
-132.091049	-1.509984E-6
-132.070425	7.152557E-7
-132.049802	3.019969E-6
-132.029178	5.880992E-6
-132.008555	8.344650E-6
-131.987931	1.001358E-5
-131.967307	1.184146E-5
-131.946684	1.358986E-5
-131.926060	1.549721E-5
-131.905436	1.565615E-5
-131.884813	1.605352E-5
-131.864189	1.557668E-5
-131.843565	1.382828E-5
-131.822942	1.287460E-5
-131.802318	1.136462E-5
-131.781695	9.695689E-6
-131.761071	7.311503E-6
-131.740447	5.086263E-6
-131.719824	2.384186E-6
-131.699200	0.000000
-131.678576	-1.668930E-6
-131.657953	-3.178914E-6
-131.637329	-4.529953E-6
-131.616705	-6.357829E-6
-131.596082	-7.073085E-6
-131.575458	-8.265177E-6
-131.554834	-8.980433E-6
-131.534211	-9.218852E-6
-131.513587	-8.503596E-6
-131.492964	-9.059906E-6
-131.472340	-8.742015E-6
-131.451716	-6.993612E-6
-131.431093	-5.324682E-6
-131.410469	-4.212062E-6
-131.389845	-3.019969E-6
-131.369222	-2.384186E-6
-131.348598	-1.112620E-6
-131.327974	9.536743E-7
-131.307351	2.304713E-6
-131.286727	3.576279E-6
-131.266104	3.496806E-6
-131.245480	4.053116E-6
-131.224856	4.768372E-6
-131.204233	5.245209E-6
-131.183609	3.894170E-6
-131.162985	3.019969E-6
-131.142362	6.357829E-7
-131.121738	-7.947286E-7
-131.101114	-2.781550E-6
-131.080491	-4.927317E-6
-131.059867	-6.437302E-6
-131.039244	-8.503596E-6
-131.018620	-9.695689E-6
-130.997996	-1.112620E-5
-130.977373	-1.366933E-5
-130.956749	-1.438459E-5
-130.936125	-1.517932E-5
-130.915502	-1.605352E-5
-130.894878	-1.557668E-5
-130.874254	-1.557668E-5
-130.853631	-1.509984E-5
-130.833007	-1.502037E-5
-130.812383	-1.470248E-5
-130.791760	-1.295408E-5
-130.771136	-1.184146E-5
-130.750513	-1.144409E-5
-130.729889	-1.056989E-5
-130.709265	-8.742015E-6
-130.688642	-6.993612E-6
-130.668018	-5.722046E-6
-130.647394	-5.642573E-6
-130.626771	-5.324682E-6
-130.606147	-4.768372E-6
-130.585523	-4.609426E-6
-130.564900	-6.039937E-6
-130.544276	-6.993612E-6
-130.523653	-8.900960E-6
-130.503029	-1.025200E-5
-130.482405	-1.192093E-5
-130.461782	-1.366933E-5
-130.441158	-1.502037E-5
-130.420534	-1.581510E-5
-130.399911	-1.637141E-5
-130.379287	-1.756350E-5
-130.358663	-1.907349E-5
-130.338040	-1.955032E-5
-130.317416	-1.804034E-5
-130.296793	-1.692772E-5
-130.276169	-1.486142E-5
-130.255545	-1.247724E-5
-130.234922	-8.900960E-6
-130.214298	-5.722046E-6
-130.193674	-3.655752E-6
-130.173051	-2.781550E-6
-130.152427	-2.622604E-6
-130.131803	-4.212062E-6
-130.111180	-6.914139E-6
-130.090556	-1.192093E-5
-130.069932	-1.835823E-5
-130.049309	-2.606710E-5
-130.028685	-3.568331E-5
-130.008062	-4.808108E-5
-129.987438	-6.055832E-5
-129.966814	-7.375081E-5
-129.946191	-8.630753E-5
-129.925567	-9.870529E-5
-129.904943	-0.000109
-129.884320	-0.000118
-129.863696	-0.000126
-129.843072	-0.000130
-129.822449	-0.000131
-129.801825	-0.000128
-129.781202	-0.000122
-129.760578	-0.000111
-129.739954	-9.775162E-5
-129.719331	-8.201599E-5
-129.698707	-6.262461E-5
-129.678083	-4.084905E-5
-129.657460	-1.716614E-5
-129.636836	8.185705E-6
-129.616212	3.369649E-5
-129.595589	5.745888E-5
-129.574965	7.963181E-5
-129.554342	0.000101
-129.533718	0.000122
-129.513094	0.000140
-129.492471	0.000157
-129.471847	0.000169
-129.451223	0.000176
-129.430600	0.000179
-129.409976	0.000181
-129.389352	0.000179
-129.368729	0.000173
-129.348105	0.000165
-129.327481	0.000156
-129.306858	0.000144
-129.286234	0.000132
-129.265611	0.000118
-129.244987	0.000103
-129.224363	8.972486E-5
-129.203740	7.661184E-5
-129.183116	6.357829E-5
-129.162492	5.118052E-5
-129.141869	3.949801E-5
-129.121245	2.853076E-5
-129.100621	1.827876E-5
-129.079998	1.120567E-5
-129.059374	2.861023E-6
-129.038751	-5.165736E-6
-129.018127	-1.033147E-5
-128.997503	-1.565615E-5
-128.976880	-1.899401E-5
-128.956256	-2.209345E-5
-128.935632	-2.590815E-5
-128.915009	-2.884865E-5
-128.894385	-3.091494E-5
-128.873761	-3.234545E-5
-128.853138	-3.409386E-5
-128.832514	-3.465017E-5
-128.811891	-3.480911E-5
-128.791267	-3.449122E-5
-128.770643	-3.329913E-5
-128.750020	-3.329913E-5
-128.729396	-3.377597E-5
-128.708772	-3.345807E-5
-128.688149	-3.234545E-5
-128.667525	-3.194809E-5
-128.646901	-3.163020E-5
-128.626278	-3.218651E-5
-128.605654	-3.329913E-5
-128.585030	-3.457069E-5
-128.564407	-3.759066E-5
-128.543783	-4.029274E-5
-128.523160	-4.283587E-5
-128.502536	-4.593531E-5
-128.481912	-4.935265E-5
-128.461289	-5.308787E-5
-128.440665	-5.674362E-5
-128.420041	-5.944570E-5
-128.399418	-6.246567E-5
-128.378794	-6.500880E-5
-128.358170	-6.524722E-5
-128.337547	-6.508827E-5
-128.316923	-6.389618E-5
-128.296300	-5.944570E-5
-128.275676	-5.507469E-5
-128.255052	-4.998843E-5
-128.234429	-4.291534E-5
-128.213805	-3.536542E-5
-128.193181	-2.884865E-5
-128.172558	-2.026558E-5
-128.151934	-1.168251E-5
-128.131310	-1.907349E-6
-128.110687	7.947286E-6
-128.090063	1.764297E-5
-128.069440	2.535184E-5
-128.048816	3.218651E-5
-128.028192	3.830592E-5
-128.007569	4.553795E-5
-127.986945	5.086263E-5
-127.966321	5.531311E-5
-127.945698	5.769730E-5
-127.925074	5.849202E-5
-127.904450	5.833308E-5
-127.883827	5.896886E-5
-127.863203	5.809466E-5
-127.842579	5.698204E-5
-127.821956	5.443891E-5
-127.801332	5.149841E-5
-127.780709	4.863739E-5
-127.760085	4.482269E-5
-127.739461	4.164378E-5
-127.718838	3.663699E-5
-127.698214	3.170967E-5
-127.677590	2.725919E-5
-127.656967	2.233187E-5
-127.636343	1.811981E-5
-127.615719	1.406670E-5
-127.595096	1.104673E-5
-127.574472	6.516774E-6
-127.553849	2.066294E-6
-127.533225	-1.589457E-6
-127.512601	-5.165736E-6
-127.491978	-8.026759E-6
-127.471354	-1.144409E-5
-127.450730	-1.374880E-5
-127.430107	-1.597404E-5
-127.409483	-1.843770E-5
-127.388859	-1.931190E-5
-127.368236	-1.970927E-5
-127.347612	-2.050400E-5
-127.326989	-1.994769E-5
-127.306365	-1.970927E-5
-127.285741	-1.899401E-5
-127.265118	-1.780192E-5
-127.244494	-1.549721E-5
-127.223870	-1.414617E-5
-127.203247	-1.279513E-5
-127.182623	-1.176198E-5
-127.161999	-1.009305E-5
-127.141376	-9.695689E-6
-127.120752	-8.344650E-6
-127.100128	-7.390976E-6
-127.079505	-6.516774E-6
-127.058881	-7.470449E-6
-127.038258	-7.788340E-6
-127.017634	-7.788340E-6
-126.997010	-8.662542E-6
-126.976387	-9.457270E-6
-126.955763	-9.934107E-6
-126.935139	-9.934107E-6
-126.914516	-1.025200E-5
-126.893892	-1.017253E-5
-126.873268	-1.001358E-5
-126.852645	-9.775162E-6
-126.832021	-8.583069E-6
-126.811398	-7.867813E-6
-126.790774	-6.596247E-6
-126.770150	-5.483627E-6
-126.749527	-4.371007E-6
-126.728903	-2.225240E-6
-126.708279	-3.178914E-7
-126.687656	1.192093E-6
-126.667032	2.145767E-6
-126.646408	3.814697E-6
-126.625785	4.609426E-6
-126.605161	6.596247E-6
-126.584538	7.867813E-6
-126.563914	8.503596E-6
-126.543290	7.232030E-6
-126.522667	6.119410E-6
-126.502043	5.165736E-6
-126.481419	3.178914E-6
-126.460796	1.986821E-6
-126.440172	1.589457E-7
-126.419548	-1.986821E-6
-126.398925	-3.894170E-6
-126.378301	-5.086263E-6
-126.357678	-6.914139E-6
-126.337054	-8.424123E-6
-126.316430	-1.009305E-5
-126.295807	-1.128515E-5
-126.275183	-1.200040E-5
-126.254559	-1.215935E-5
-126.233936	-1.279513E-5
-126.213312	-1.311302E-5
-126.192688	-1.176198E-5
-126.172065	-1.072884E-5
-126.151441	-8.662542E-6
-126.130817	-7.152557E-6
-126.110194	-5.086263E-6
-126.089570	-3.655752E-6
-126.068947	-1.430511E-6
-126.048323	1.430511E-6
-126.027699	2.543132E-6
-126.007076	4.529953E-6
-125.986452	6.198883E-6
-125.965828	7.470449E-6
-125.945205	8.106232E-6
-125.924581	8.265177E-6
-125.903957	8.265177E-6
-125.883334	8.821487E-6
-125.862710	9.218852E-6
-125.842087	9.616216E-6
-125.821463	8.900960E-6
-125.800839	7.788340E-6
-125.780216	6.993612E-6
-125.759592	6.278356E-6
-125.738968	5.722046E-6
-125.718345	5.245209E-6
-125.697721	4.768372E-6
-125.677097	4.291534E-6
-125.656474	3.019969E-6
-125.635850	2.622604E-6
-125.615227	1.827876E-6
-125.594603	1.509984E-6
-125.573979	9.536743E-7
-125.553356	3.973643E-7
-125.532732	-7.947286E-7
-125.512108	-1.589457E-6
-125.491485	-1.509984E-6
-125.470861	-2.543132E-6
-125.450237	-3.417333E-6
-125.429614	-2.940496E-6
-125.408990	-2.781550E-6
-125.388366	-2.304713E-6
-125.367743	-1.748403E-6
-125.347119	-1.668930E-6
-125.326496	-8.742015E-7
-125.305872	-2.384186E-7
-125.285248	-7.947286E-8
-125.264625	8.742015E-7
-125.244001	2.463659E-6
-125.223377	3.178914E-6
-125.202754	2.145767E-6
-125.182130	1.827876E-6
-125.161506	1.271566E-6
-125.140883	1.112620E-6
-125.120259	1.192093E-6
-125.099636	7.152557E-7
-125.079012	1.192093E-6
-125.058388	1.271566E-6
-125.037765	1.827876E-6
-125.017141	1.986821E-6
-124.996517	3.576279E-6
-124.975894	6.437302E-6
-124.955270	7.311503E-6
-124.934646	9.854635E-6
-124.914023	1.112620E-5
-124.893399	1.303355E-5
-124.872776	1.430511E-5
-124.852152	1.517932E-5
-124.831528	1.653035E-5
-124.810905	1.748403E-5
-124.790281	1.811981E-5
-124.769657	1.756350E-5
-124.749034	1.684825E-5
-124.728410	1.502037E-5
-124.707786	1.215935E-5
-124.687163	8.742015E-6
-124.666539	6.278356E-6
-124.645915	3.576279E-6
-124.625292	-6.357829E-7
-124.604668	-3.417333E-6
-124.584045	-5.165736E-6
-124.563421	-7.470449E-6
-124.542797	-1.033147E-5
-124.522174	-1.343091E-5
-124.501550	-1.494090E-5
-124.480926	-1.637141E-5
-124.460303	-1.811981E-5
-124.439679	-1.947085E-5
-124.419055	-1.986821E-5
-124.398432	-1.939138E-5
-124.377808	-1.819928E-5
-124.357185	-1.772245E-5
-124.336561	-1.573563E-5
-124.315937	-1.366933E-5
-124.295314	-1.080831E-5
-124.274690	-6.596247E-6
-124.254066	-2.940496E-6
-124.233443	-2.384186E-7
-124.212819	2.225240E-6
-124.192195	5.086263E-6
-124.171572	8.106232E-6
-124.150948	1.056989E-5
-124.130325	1.239777E-5
-124.109701	1.303355E-5
-124.089077	1.406670E-5
-124.068454	1.358986E-5
-124.047830	1.247724E-5
-124.027206	1.088778E-5
-124.006583	9.139379E-6
-123.985959	5.165736E-6
-123.965335	1.589457E-6
-123.944712	-2.622604E-6
-123.924088	-7.390976E-6
-123.903464	-1.207987E-5
-123.882841	-1.509984E-5
-123.862217	-1.931190E-5
-123.841594	-2.217293E-5
-123.820970	-2.415975E-5
-123.800346	-2.519290E-5
-123.779723	-2.662341E-5
-123.759099	-2.837181E-5
-123.738475	-2.868970E-5
-123.717852	-2.821287E-5
-123.697228	-2.702077E-5
-123.676604	-2.590815E-5
-123.655981	-2.344449E-5
-123.635357	-2.098083E-5
-123.614734	-1.867612E-5
-123.594110	-1.613299E-5
-123.573486	-1.303355E-5
-123.552863	-1.056989E-5
-123.532239	-8.265177E-6
-123.511615	-6.198883E-6
-123.490992	-3.655752E-6
-123.470368	-1.986821E-6
-123.449744	-1.271566E-6
-123.429121	-6.357829E-7
-123.408497	-7.947286E-8
-123.387874	1.112620E-6
-123.367250	1.271566E-6
-123.346626	1.827876E-6
-123.326003	1.033147E-6
-123.305379	1.827876E-6
-123.284755	2.940496E-6
-123.264132	3.178914E-6
-123.243508	3.178914E-6
-123.222884	2.940496E-6
-123.202261	3.099442E-6
-123.181637	2.861023E-6
-123.161013	3.576279E-6
-123.140390	4.291534E-6
-123.119766	4.927317E-6
-123.099143	5.483627E-6
-123.078519	5.165736E-6
-123.057895	5.245209E-6
-123.037272	4.371007E-6
-123.016648	4.291534E-6
-122.996024	4.927317E-6
-122.975401	5.165736E-6
-122.954777	4.132589E-6
-122.934153	2.702077E-6
-122.913530	2.702077E-6
-122.892906	2.066294E-6
-122.872283	8.742015E-7
-122.851659	4.768372E-7
-122.831035	-4.768372E-7
-122.810412	-1.827876E-6
-122.789788	-3.258387E-6
-122.769164	-3.178914E-6
-122.748541	-3.337860E-6
-122.727917	-4.053116E-6
-122.707293	-4.768372E-6
-122.686670	-4.132589E-6
-122.666046	-2.940496E-6
-122.645423	-1.668930E-6
-122.624799	-1.430511E-6
-122.604175	-4.768372E-7
-122.583552	-3.178914E-7
-122.562928	1.589457E-7
-122.542304	1.192093E-6
-122.521681	2.066294E-6
-122.501057	2.702077E-6
-122.480433	4.291534E-6
-122.459810	5.801519E-6
-122.439186	6.437302E-6
-122.418562	7.390976E-6
-122.397939	7.867813E-6
-122.377315	8.265177E-6
-122.356692	8.900960E-6
-122.336068	9.059906E-6
-122.315444	9.854635E-6
-122.294821	9.854635E-6
-122.274197	9.934107E-6
-122.253573	1.041094E-5
-122.232950	9.616216E-6
-122.212326	8.424123E-6
-122.191702	7.073085E-6
-122.171079	6.755193E-6
-122.150455	5.483627E-6
-122.129832	5.245209E-6
-122.109208	4.529953E-6
-122.088584	3.496806E-6
-122.067961	4.450480E-6
-122.047337	4.609426E-6
-122.026713	3.973643E-6
-122.006090	4.212062E-6
-121.985466	4.847844E-6
-121.964842	5.722046E-6
-121.944219	6.834666E-6
-121.923595	7.232030E-6
-121.902972	8.026759E-6
-121.882348	9.934107E-6
-121.861724	9.616216E-6
-121.841101	9.775162E-6
-121.820477	1.001358E-5
-121.799853	1.072884E-5
-121.779230	1.088778E-5
-121.758606	1.136462E-5
-121.737982	1.120567E-5
-121.717359	1.041094E-5
-121.696735	1.049042E-5
-121.676111	1.041094E-5
-121.655488	1.064936E-5
-121.634864	1.152356E-5
-121.614241	1.207987E-5
-121.593617	1.231829E-5
-121.572993	1.335144E-5
-121.552370	1.382828E-5
-121.531746	1.478195E-5
-121.511122	1.525879E-5
-121.490499	1.557668E-5
-121.469875	1.597404E-5
-121.449251	1.732508E-5
-121.428628	1.867612E-5
-121.408004	1.859665E-5
-121.387381	1.811981E-5
-121.366757	1.780192E-5
-121.346133	1.859665E-5
-121.325510	1.851718E-5
-121.304886	1.756350E-5
-121.284262	1.748403E-5
-121.263639	1.684825E-5
-121.243015	1.613299E-5
-121.222391	1.478195E-5
-121.201768	1.430511E-5
-121.181144	1.335144E-5
-121.160521	1.168251E-5
-121.139897	1.136462E-5
-121.119273	1.009305E-5
-121.098650	9.854635E-6
-121.078026	8.583069E-6
-121.057402	7.073085E-6
-121.036779	6.039937E-6
-121.016155	5.006790E-6
-120.995531	3.576279E-6
-120.974908	1.509984E-6
-120.954284	7.947286E-8
-120.933661	-5.563100E-7
-120.913037	-1.351039E-6
-120.892413	-1.986821E-6
-120.871790	-3.417333E-6
-120.851166	-4.132589E-6
-120.830542	-4.927317E-6
-120.809919	-5.324682E-6
-120.789295	-5.642573E-6
-120.768671	-5.960464E-6
-120.748048	-6.755193E-6
-120.727424	-7.708867E-6
-120.706800	-8.185705E-6
-120.686177	-8.185705E-6
-120.665553	-8.026759E-6
-120.644930	-8.265177E-6
-120.624306	-8.106232E-6
-120.603682	-9.298325E-6
-120.583059	-1.064936E-5
-120.562435	-1.112620E-5
-120.541811	-1.247724E-5
-120.521188	-1.374880E-5
-120.500564	-1.613299E-5
-120.479940	-1.835823E-5
-120.459317	-1.947085E-5
-120.438693	-2.074242E-5
-120.418070	-2.280871E-5
-120.397446	-2.551079E-5
-120.376822	-2.797445E-5
-120.356199	-2.948443E-5
-120.335575	-3.234545E-5
-120.314951	-3.425280E-5
-120.294328	-3.600121E-5
-120.273704	-3.806750E-5
-120.253080	-3.989538E-5
-120.232457	-4.069010E-5
-120.211833	-4.108747E-5
-120.191210	-4.164378E-5
-120.170586	-4.156431E-5
-120.149962	-4.076958E-5
-120.129339	-3.957748E-5
-120.108715	-3.830592E-5
-120.088091	-3.798803E-5
-120.067468	-3.671646E-5
-120.046844	-3.480911E-5
-120.026220	-3.290176E-5
-120.005597	-3.091494E-5
-119.984973	-3.004074E-5
-119.964349	-2.908707E-5
-119.943726	-2.829234E-5
-119.923102	-2.900759E-5
-119.902479	-2.908707E-5
-119.881855	-2.988180E-5
-119.861231	-3.123283E-5
-119.840608	-3.361702E-5
-119.819984	-3.584226E-5
-119.799360	-3.798803E-5
-119.778737	-4.108747E-5
-119.758113	-4.490217E-5
-119.737489	-4.688899E-5
-119.716866	-4.752477E-5
-119.696242	-4.736582E-5
-119.675619	-4.609426E-5
-119.654995	-4.386902E-5
-119.634371	-4.053116E-5
-119.613748	-3.743172E-5
-119.593124	-3.393491E-5
-119.572500	-3.107389E-5
-119.551877	-2.924601E-5
-119.531253	-2.980232E-5
-119.510629	-3.369649E-5
-119.490006	-4.100800E-5
-119.469382	-5.269051E-5
-119.448759	-7.025401E-5
-119.428135	-9.250641E-5
-119.407511	-0.000122
-119.386888	-0.000156
-119.366264	-0.000195
-119.345640	-0.000234
-119.325017	-0.000274
-119.304393	-0.000313
-119.283769	-0.000352
-119.263146	-0.000384
-119.242522	-0.000408
-119.221898	-0.000424
-119.201275	-0.000431
-119.180651	-0.000428
-119.160028	-0.000412
-119.139404	-0.000381
-119.118780	-0.000335
-119.098157	-0.000278
-119.077533	-0.000212
-119.056909	-0.000138
-119.036286	-5.888939E-5
-119.015662	2.447764E-5
-118.995038	0.000109
-118.974415	0.000193
-118.953791	0.000275
-118.933168	0.000353
-118.912544	0.000421
-118.891920	0.000480
-118.871297	0.000531
-118.850673	0.000571
-118.830049	0.000599
-118.809426	0.000614
-118.788802	0.000620
-118.768178	0.000614
-118.747555	0.000597
-118.726931	0.000572
-118.706308	0.000542
-118.685684	0.000504
-118.665060	0.000462
-118.644437	0.000416
-118.623813	0.000369
-118.603189	0.000323
-118.582566	0.000277
-118.561942	0.000230
-118.541318	0.000185
-118.520695	0.000144
-118.500071	0.000106
-118.479447	7.017454E-5
-118.458824	3.941854E-5
-118.438200	1.152356E-5
-118.417577	-1.525879E-5
-118.396953	-3.925959E-5
-118.376329	-5.984306E-5
-118.355706	-7.557869E-5
-118.335082	-8.718173E-5
-118.314458	-9.663900E-5
-118.293835	-0.000104
-118.273211	-0.000110
-118.252587	-0.000114
-118.231964	-0.000117
-118.211340	-0.000119
-118.190717	-0.000119
-118.170093	-0.000120
-118.149469	-0.000118
-118.128846	-0.000115
-118.108222	-0.000112
-118.087598	-0.000109
-118.066975	-0.000105
-118.046351	-0.000101
-118.025727	-9.616216E-5
-118.005104	-9.202957E-5
-117.984480	-8.789698E-5
-117.963857	-8.265177E-5
-117.943233	-7.780393E-5
-117.922609	-7.279714E-5
-117.901986	-6.850561E-5
-117.881362	-6.548564E-5
-117.860738	-6.175041E-5
-117.840115	-5.793571E-5
-117.819491	-5.356471E-5
-117.798867	-4.951159E-5
-117.778244	-4.688899E-5
-117.757620	-4.482269E-5
-117.736996	-4.148483E-5
-117.716373	-3.798803E-5
-117.695749	-3.520648E-5
-117.675126	-3.314018E-5
-117.654502	-3.147125E-5
-117.633878	-2.868970E-5
-117.613255	-2.694130E-5
-117.592631	-2.527237E-5
-117.572007	-2.447764E-5
-117.551384	-2.392133E-5
-117.530760	-2.288818E-5
-117.510136	-2.177556E-5
-117.489513	-2.177556E-5
-117.468889	-2.121925E-5
-117.448266	-2.137820E-5
-117.427642	-2.106031E-5
-117.407018	-2.058347E-5
-117.386395	-1.947085E-5
-117.365771	-1.907349E-5
-117.345147	-1.819928E-5
-117.324524	-1.819928E-5
-117.303900	-1.819928E-5
-117.283276	-1.756350E-5
-117.262653	-1.780192E-5
-117.242029	-1.788139E-5
-117.221406	-1.748403E-5
-117.200782	-1.692772E-5
-117.180158	-1.708666E-5
-117.159535	-1.621246E-5
-117.138911	-1.494090E-5
-117.118287	-1.327197E-5
-117.097664	-1.120567E-5
-117.077040	-1.049042E-5
-117.056416	-8.185705E-6
-117.035793	-6.437302E-6
-117.015169	-4.371007E-6
-116.994545	-3.099442E-6
-116.973922	-1.589457E-6
-116.953298	4.768372E-7
-116.932675	1.748403E-6
-116.912051	2.702077E-6
-116.891427	4.291534E-6
-116.870804	3.576279E-6
-116.850180	3.655752E-6
-116.829556	2.940496E-6
-116.808933	2.463659E-6
-116.788309	1.351039E-6
-116.767685	7.947286E-8
-116.747062	-7.947286E-7
-116.726438	-2.622604E-6
-116.705815	-3.417333E-6
-116.685191	-4.132589E-6
-116.664567	-5.165736E-6
-116.643944	-5.801519E-6
-116.623320	-5.722046E-6
-116.602696	-6.198883E-6
-116.582073	-6.834666E-6
-116.561449	-7.549922E-6
-116.540825	-7.073085E-6
-116.520202	-6.437302E-6
-116.499578	-5.880992E-6
-116.478955	-5.801519E-6
-116.458331	-4.768372E-6
-116.437707	-3.099442E-6
-116.417084	-2.622604E-6
-116.396460	-1.748403E-6
-116.375836	-1.509984E-6
-116.355213	-1.033147E-6
-116.334589	-1.589457E-7
-116.313965	8.742015E-7
-116.293342	5.563100E-7
-116.272718	7.947286E-8
-116.252094	2.384186E-7
-116.231471	7.152557E-7
-116.210847	3.973643E-7
-116.190224	-7.152557E-7
-116.169600	-1.271566E-6
-116.148976	-1.430511E-6
-116.128353	-2.702077E-6
-116.107729	-3.178914E-6
-116.087105	-3.814697E-6
-116.066482	-4.609426E-6
-116.045858	-5.165736E-6
-116.025234	-6.039937E-6
-116.004611	-6.914139E-6
-115.983987	-7.311503E-6
-115.963364	-6.357829E-6
-115.942740	-4.371007E-6
-115.922116	-3.178914E-6
-115.901493	-2.145767E-6
-115.880869	-1.748403E-6
-115.860245	-7.947286E-8
-115.839622	1.271566E-6
-115.818998	3.178914E-6
-115.798374	4.529953E-6
-115.777751	6.596247E-6
-115.757127	7.788340E-6
-115.736504	9.139379E-6
-115.715880	1.009305E-5
-115.695256	9.536743E-6
-115.674633	9.934107E-6
-115.654009	1.136462E-5
-115.633385	1.136462E-5
-115.612762	1.041094E-5
-115.592138	9.218852E-6
-115.571514	7.947286E-6
-115.550891	7.788340E-6
-115.530267	6.516774E-6
-115.509644	5.801519E-6
-115.489020	4.609426E-6
-115.468396	3.894170E-6
-115.447773	2.781550E-6
-115.427149	2.225240E-6
-115.406525	2.145767E-6
-115.385902	1.351039E-6
-115.365278	4.768372E-7
-115.344654	0.000000
-115.324031	-1.192093E-6
-115.303407	-1.748403E-6
-115.282783	-2.145767E-6
-115.262160	-1.986821E-6
-115.241536	-2.304713E-6
-115.220913	-1.748403E-6
-115.200289	-7.947286E-7
-115.179665	9.536743E-7
-115.159042	2.781550E-6
-115.138418	3.576279E-6
-115.117794	5.245209E-6
-115.097171	7.232030E-6
-115.076547	8.583069E-6
-115.055923	1.041094E-5
-115.035300	1.239777E-5
-115.014676	1.343091E-5
-114.994053	1.478195E-5
-114.973429	1.549721E-5
-114.952805	1.509984E-5
-114.932182	1.462301E-5
-114.911558	1.454353E-5
-114.890934	1.327197E-5
-114.870311	1.247724E-5
-114.849687	1.064936E-5
-114.829063	8.662542E-6
-114.808440	7.232030E-6
-114.787816	6.119410E-6
-114.767193	4.609426E-6
-114.746569	3.894170E-6
-114.725945	2.622604E-6
-114.705322	1.668930E-6
-114.684698	1.668930E-6
-114.664074	2.463659E-6
-114.643451	3.019969E-6
-114.622827	4.132589E-6
-114.602203	4.291534E-6
-114.581580	4.688899E-6
-114.560956	5.880992E-6
-114.540332	6.914139E-6
-114.519709	7.708867E-6
-114.499085	8.344650E-6
-114.478462	1.033147E-5
-114.457838	1.136462E-5
-114.437214	1.152356E-5
-114.416591	1.088778E-5
-114.395967	1.064936E-5
-114.375343	1.056989E-5
-114.354720	9.775162E-6
-114.334096	7.867813E-6
-114.313472	6.437302E-6
-114.292849	6.039937E-6
-114.272225	5.642573E-6
-114.251602	3.496806E-6
-114.230978	1.192093E-6
-114.210354	-4.768372E-7
-114.189731	-1.430511E-6
-114.169107	-1.907349E-6
-114.148483	-2.702077E-6
-114.127860	-3.178914E-6
-114.107236	-3.894170E-6
-114.086612	-3.417333E-6
-114.065989	-2.384186E-6
-114.045365	-1.668930E-6
-114.024742	-7.947286E-8
-114.004118	2.225240E-6
-113.983494	3.576279E-6
-113.962871	4.212062E-6
-113.942247	5.086263E-6
-113.921623	6.357829E-6
-113.901000	6.834666E-6
-113.880376	6.198883E-6
-113.859752	5.483627E-6
-113.839129	4.927317E-6
-113.818505	4.132589E-6
-113.797881	2.304713E-6
-113.777258	-3.973643E-7
-113.756634	-2.145767E-6
-113.736011	-4.291534E-6
-113.715387	-6.675720E-6
-113.694763	-8.106232E-6
-113.674140	-1.001358E-5
-113.653516	-1.160304E-5
-113.632892	-1.295408E-5
-113.612269	-1.422564E-5
-113.591645	-1.486142E-5
-113.571021	-1.494090E-5
-113.550398	-1.470248E-5
-113.529774	-1.502037E-5
-113.509151	-1.486142E-5
-113.488527	-1.502037E-5
-113.467903	-1.358986E-5
-113.447280	-1.160304E-5
-113.426656	-1.017253E-5
-113.406032	-9.457270E-6
-113.385409	-8.583069E-6
-113.364785	-7.867813E-6
-113.344161	-8.106232E-6
-113.323538	-8.026759E-6
-113.302914	-7.470449E-6
-113.282291	-7.629395E-6
-113.261667	-8.106232E-6
-113.241043	-6.596247E-6
-113.220420	-7.708867E-6
-113.199796	-8.900960E-6
-113.179172	-9.536743E-6
-113.158549	-1.009305E-5
-113.137925	-1.025200E-5
-113.117301	-1.160304E-5
-113.096678	-1.279513E-5
-113.076054	-1.295408E-5
-113.055430	-1.430511E-5
-113.034807	-1.557668E-5
-113.014183	-1.708666E-5
-112.993560	-1.700719E-5
-112.972936	-1.621246E-5
-112.952312	-1.660983E-5
-112.931689	-1.637141E-5
-112.911065	-1.581510E-5
-112.890441	-1.462301E-5
-112.869818	-1.335144E-5
-112.849194	-1.223882E-5
-112.828570	-1.184146E-5
-112.807947	-9.854635E-6
-112.787323	-7.390976E-6
-112.766700	-6.675720E-6
-112.746076	-6.039937E-6
-112.725452	-4.927317E-6
-112.704829	-3.973643E-6
-112.684205	-3.655752E-6
-112.663581	-4.768372E-6
-112.642958	-5.563100E-6
-112.622334	-7.629395E-6
-112.601710	-9.298325E-6
-112.581087	-1.033147E-5
-112.560463	-1.231829E-5
-112.539840	-1.374880E-5
-112.519216	-1.517932E-5
-112.498592	-1.780192E-5
-112.477969	-2.042452E-5
-112.457345	-2.233187E-5
-112.436721	-2.376239E-5
-112.416098	-2.344449E-5
-112.395474	-2.280871E-5
-112.374850	-2.074242E-5
-112.354227	-1.843770E-5
-112.333603	-1.462301E-5
-112.312979	-1.168251E-5
-112.292356	-7.549922E-6
-112.271732	-3.894170E-6
-112.251109	3.973643E-7
-112.230485	4.132589E-6
-112.209861	8.583069E-6
-112.189238	1.287460E-5
-112.168614	1.597404E-5
-112.147990	1.915296E-5
-112.127367	2.177556E-5
-112.106743	2.455711E-5
-112.086119	2.606710E-5
-112.065496	2.694130E-5
-112.044872	2.749761E-5
-112.024249	2.670288E-5
-112.003625	2.495448E-5
-111.983001	2.503395E-5
-111.962378	2.439817E-5
-111.941754	2.217293E-5
-111.921130	2.050400E-5
-111.900507	1.796087E-5
-111.879883	1.478195E-5
-111.859259	1.279513E-5
-111.838636	1.041094E-5
-111.818012	8.106232E-6
-111.797389	6.357829E-6
-111.776765	4.609426E-6
-111.756141	3.178914E-6
-111.735518	2.781550E-6
-111.714894	2.861023E-6
-111.694270	3.973643E-6
-111.673647	5.324682E-6
-111.653023	7.073085E-6
-111.632399	1.033147E-5
-111.611776	1.374880E-5
-111.591152	1.637141E-5
-111.570528	1.827876E-5
-111.549905	2.058347E-5
-111.529281	2.280871E-5
-111.508658	2.511342E-5
-111.488034	2.725919E-5
-111.467410	2.884865E-5
-111.446787	3.012021E-5
-111.426163	3.155073E-5
-111.405539	3.266335E-5
-111.384916	3.393491E-5
-111.364292	3.449122E-5
-111.343668	3.488859E-5
-111.323045	3.584226E-5
-111.302421	3.576279E-5
-111.281798	3.496806E-5
-111.261174	3.465017E-5
-111.240550	3.512700E-5
-111.219927	3.409386E-5
-111.199303	3.377597E-5
-111.178679	3.306071E-5
-111.158056	3.449122E-5
-111.137432	3.441175E-5
-111.116808	3.528595E-5
-111.096185	3.608068E-5
-111.075561	3.695488E-5
-111.054938	3.838539E-5
-111.034314	3.910065E-5
-111.013690	4.053116E-5
-110.993067	4.299482E-5
-110.972443	4.442533E-5
-110.951819	4.474322E-5
-110.931196	4.593531E-5
-110.910572	4.712741E-5
-110.889948	4.839897E-5
-110.869325	4.895528E-5
-110.848701	4.927317E-5
-110.828077	4.943212E-5
-110.807454	4.824003E-5
-110.786830	4.744530E-5
-110.766207	4.593531E-5
-110.745583	4.466375E-5
-110.724959	4.323324E-5
-110.704336	4.092852E-5
-110.683712	3.925959E-5
-110.663088	3.767014E-5
-110.642465	3.639857E-5
-110.621841	3.457069E-5
-110.601217	3.274282E-5
-110.580594	3.210704E-5
-110.559970	3.139178E-5
-110.539347	3.131231E-5
-110.518723	3.186862E-5
-110.498099	3.314018E-5
-110.477476	3.393491E-5
-110.456852	3.417333E-5
-110.436228	3.433228E-5
-110.415605	3.512700E-5
-110.394981	3.631910E-5
-110.374357	3.655752E-5
-110.353734	3.528595E-5
-110.333110	3.306071E-5
-110.312487	3.067652E-5
-110.291863	2.702077E-5
-110.271239	2.328555E-5
-110.250616	1.796087E-5
-110.229992	1.239777E-5
-110.209368	7.629395E-6
-110.188745	2.066294E-6
-110.168121	-4.132589E-6
-110.147497	-1.049042E-5
-110.126874	-1.700719E-5
-110.106250	-2.336502E-5
-110.085626	-2.956390E-5
-110.065003	-3.544490E-5
-110.044379	-4.092852E-5
-110.023756	-4.561742E-5
-110.003132	-5.078316E-5
-109.982508	-5.547206E-5
-109.961885	-5.984306E-5
-109.941261	-6.365776E-5
-109.920637	-6.715457E-5
-109.900014	-6.977717E-5
-109.879390	-7.295609E-5
-109.858766	-7.629395E-5
-109.838143	-7.987022E-5
-109.817519	-8.352598E-5
-109.796896	-8.813540E-5
-109.776272	-9.187063E-5
-109.755648	-9.544690E-5
-109.735025	-9.846687E-5
-109.714401	-0.000102
-109.693777	-0.000104
-109.673154	-0.000107
-109.652530	-0.000109
-109.631906	-0.000109
-109.611283	-0.000110
-109.590659	-0.000109
-109.570036	-0.000109
-109.549412	-0.000107
-109.528788	-0.000104
-109.508165	-0.000102
-109.487541	-9.973844E-5
-109.466917	-9.910266E-5
-109.446294	-9.822845E-5
-109.425670	-9.616216E-5
-109.405046	-9.536743E-5
-109.384423	-9.449323E-5
-109.363799	-9.417534E-5
-109.343176	-9.417534E-5
-109.322552	-9.608269E-5
-109.301928	-9.878476E-5
-109.281305	-0.000104
-109.260681	-0.000110
-109.240057	-0.000116
-109.219434	-0.000124
-109.198810	-0.000133
-109.178186	-0.000143
-109.157563	-0.000152
-109.136939	-0.000159
-109.116315	-0.000165
-109.095692	-0.000167
-109.075068	-0.000168
-109.054445	-0.000164
-109.033821	-0.000156
-109.013197	-0.000145
-108.992574	-0.000131
-108.971950	-0.000118
-108.951326	-0.000104
-108.930703	-9.393692E-5
-108.910079	-9.258588E-5
-108.889455	-9.989738E-5
-108.868832	-0.000121
-108.848208	-0.000158
-108.827585	-0.000213
-108.806961	-0.000283
-108.786337	-0.000373
-108.765714	-0.000485
-108.745090	-0.000616
-108.724466	-0.000756
-108.703843	-0.000896
-108.683219	-0.001036
-108.662595	-0.001168
-108.641972	-0.001283
-108.621348	-0.001376
-108.600725	-0.001440
-108.580101	-0.001473
-108.559477	-0.001462
-108.538854	-0.001405
-108.518230	-0.001305
-108.497606	-0.001166
-108.476983	-0.000989
-108.456359	-0.000774
-108.435735	-0.000520
-108.415112	-0.000243
-108.394488	4.951159E-5
-108.373864	0.000341
-108.353241	0.000626
-108.332617	0.000898
-108.311994	0.001182
-108.291370	0.001456
-108.270746	0.001673
-108.250123	0.001846
-108.229499	0.001978
-108.208875	0.002068
-108.188252	0.002121
-108.167628	0.002138
-108.147004	0.002117
-108.126381	0.002067
-108.105757	0.001983
-108.085134	0.001871
-108.064510	0.001739
-108.043886	0.001595
-108.023263	0.001436
-108.002639	0.001264
-107.982015	0.001091
-107.961392	0.000925
-107.940768	0.000773
-107.920144	0.000621
-107.899521	0.000480
-107.878897	0.000349
-107.858274	0.000234
-107.837650	0.000130
-107.817026	3.441175E-5
-107.796403	-4.919370E-5
-107.775779	-0.000121
-107.755155	-0.000183
-107.734532	-0.000236
-107.713908	-0.000281
-107.693284	-0.000317
-107.672661	-0.000345
-107.652037	-0.000366
-107.631413	-0.000380
-107.610790	-0.000389
-107.590166	-0.000394
-107.569543	-0.000397
-107.548919	-0.000394
-107.528295	-0.000389
-107.507672	-0.000382
-107.487048	-0.000375
-107.466424	-0.000365
-107.445801	-0.000353
-107.425177	-0.000341
-107.404553	-0.000327
-107.383930	-0.000314
-107.363306	-0.000301
-107.342683	-0.000288
-107.322059	-0.000276
-107.301435	-0.000261
-107.280812	-0.000248
-107.260188	-0.000236
-107.239564	-0.000224
-107.218941	-0.000211
-107.198317	-0.000200
-107.177693	-0.000189
-107.157070	-0.000181
-107.136446	-0.000171
-107.115823	-0.000162
-107.095199	-0.000153
-107.074575	-0.000144
-107.053952	-0.000136
-107.033328	-0.000127
-107.012704	-0.000119
-106.992081	-0.000112
-106.971457	-0.000106
-106.950833	-0.000100
-106.930210	-9.425481E-5
-106.909586	-8.861224E-5
-106.888962	-8.360545E-5
-106.868339	-7.963181E-5
-106.847715	-7.375081E-5
-106.827092	-6.945928E-5
-106.806468	-6.548564E-5
-106.785844	-6.143252E-5
-106.765221	-5.817413E-5
-106.744597	-5.563100E-5
-106.723973	-5.245209E-5
-106.703350	-4.982948E-5
-106.682726	-4.665057E-5
-106.662102	-4.378955E-5
-106.641479	-4.029274E-5
-106.620855	-3.878276E-5
-106.600232	-3.584226E-5
-106.579608	-3.433228E-5
-106.558984	-3.329913E-5
-106.538361	-3.067652E-5
-106.517737	-2.908707E-5
-106.497113	-2.717972E-5
-106.476490	-2.614657E-5
-106.455866	-2.535184E-5
-106.435242	-2.408028E-5
-106.414619	-2.288818E-5
-106.393995	-2.042452E-5
-106.373372	-1.923243E-5
-106.352748	-1.827876E-5
-106.332124	-1.708666E-5
-106.311501	-1.581510E-5
-106.290877	-1.502037E-5
-106.270253	-1.470248E-5
-106.249630	-1.390775E-5
-106.229006	-1.287460E-5
-106.208382	-1.295408E-5
-106.187759	-1.207987E-5
-106.167135	-1.215935E-5
-106.146511	-1.096725E-5
-106.125888	-1.041094E-5
-106.105264	-9.139379E-6
-106.084641	-8.265177E-6
-106.064017	-8.583069E-6
-106.043393	-8.821487E-6
-106.022770	-8.344650E-6
-106.002146	-8.265177E-6
-105.981522	-7.708867E-6
-105.960899	-6.834666E-6
-105.940275	-7.152557E-6
-105.919651	-7.232030E-6
-105.899028	-6.516774E-6
-105.878404	-5.880992E-6
-105.857781	-5.880992E-6
-105.837157	-4.847844E-6
-105.816533	-3.894170E-6
-105.795910	-4.212062E-6
-105.775286	-4.371007E-6
-105.754662	-4.291534E-6
-105.734039	-4.212062E-6
-105.713415	-3.655752E-6
-105.692791	-3.337860E-6
-105.672168	-3.576279E-6
-105.651544	-4.053116E-6
-105.630921	-3.496806E-6
-105.610297	-2.702077E-6
-105.589673	-1.907349E-6
-105.569050	-2.225240E-6
-105.548426	-2.861023E-6
-105.527802	-2.304713E-6
-105.507179	-2.066294E-6
-105.486555	-1.589457E-6
-105.465931	-1.509984E-6
-105.445308	-1.748403E-6
-105.424684	-1.907349E-6
-105.404060	-1.112620E-6
-105.383437	-7.152557E-7
-105.362813	-1.430511E-6
-105.342190	-8.742015E-7
-105.321566	-1.192093E-6
-105.300942	-2.066294E-6
-105.280319	-1.509984E-6
-105.259695	-1.033147E-6
-105.239071	-5.563100E-7
-105.218448	-7.947286E-8
-105.197824	-7.152557E-7
-105.177200	-1.509984E-6
-105.156577	-1.271566E-6
-105.135953	-3.178914E-7
-105.115330	-7.152557E-7
-105.094706	-6.357829E-7
-105.074082	-4.768372E-7
-105.053459	-4.768372E-7
-105.032835	-1.589457E-7
-105.012211	1.589457E-7
-104.991588	1.589457E-7
-104.970964	-1.112620E-6
-104.950340	-1.112620E-6
-104.929717	-1.509984E-6
-104.909093	-5.563100E-7
-104.888470	-6.357829E-7
-104.867846	-1.112620E-6
-104.847222	-1.589457E-6
-104.826599	-1.112620E-6
-104.805975	-7.947286E-8
-104.785351	-7.947286E-8
-104.764728	-7.947286E-8
-104.744104	-3.973643E-7
-104.723480	-3.178914E-7
-104.702857	3.178914E-7
-104.682233	3.973643E-7
-104.661609	1.589457E-7
-104.640986	-3.973643E-7
-104.620362	7.947286E-8
-104.599739	7.947286E-7
-104.579115	1.509984E-6
-104.558491	1.192093E-6
-104.537868	8.742015E-7
-104.517244	7.152557E-7
-104.496620	1.033147E-6
-104.475997	9.536743E-7
-104.455373	1.509984E-6
-104.434749	1.351039E-6
-104.414126	1.351039E-6
-104.393502	1.271566E-6
-104.372879	1.589457E-6
-104.352255	1.907349E-6
-104.331631	2.940496E-6
-104.311008	3.576279E-6
-104.290384	2.781550E-6
-104.269760	1.351039E-6
-104.249137	1.668930E-6
-104.228513	1.271566E-6
-104.207889	1.589457E-6
-104.187266	2.384186E-6
-104.166642	1.827876E-6
-104.146019	2.463659E-6
-104.125395	2.861023E-6
-104.104771	3.258387E-6
-104.084148	2.622604E-6
-104.063524	1.509984E-6
-104.042900	1.589457E-6
-104.022277	2.304713E-6
-104.001653	2.304713E-6
-103.981029	3.337860E-6
-103.960406	3.178914E-6
-103.939782	2.384186E-6
-103.919159	2.463659E-6
-103.898535	1.509984E-6
-103.877911	1.509984E-6
-103.857288	1.748403E-6
-103.836664	1.827876E-6
-103.816040	1.112620E-6
-103.795417	1.907349E-6
-103.774793	1.271566E-6
-103.754169	1.271566E-6
-103.733546	6.357829E-7
-103.712922	1.351039E-6
-103.692298	1.271566E-6
-103.671675	9.536743E-7
-103.651051	1.033147E-6
-103.630428	7.152557E-7
-103.609804	6.357829E-7
-103.589180	8.742015E-7
-103.568557	1.112620E-6
-103.547933	8.742015E-7
-103.527309	8.742015E-7
-103.506686	1.033147E-6
-103.486062	1.430511E-6
-103.465438	1.827876E-6
-103.444815	5.563100E-7
-103.424191	3.973643E-7
-103.403568	4.768372E-7
-103.382944	1.192093E-6
-103.362320	1.271566E-6
-103.341697	1.351039E-6
-103.321073	1.668930E-6
-103.300449	6.357829E-7
-103.279826	5.563100E-7
-103.259202	9.536743E-7
-103.238578	3.973643E-7
-103.217955	-2.384186E-7
-103.197331	-1.589457E-7
-103.176708	5.563100E-7
-103.156084	6.357829E-7
-103.135460	9.536743E-7
-103.114837	4.768372E-7
-103.094213	-7.947286E-8
-103.073589	3.178914E-7
-103.052966	3.973643E-7
-103.032342	3.178914E-7
-103.011718	3.973643E-7
-102.991095	0.000000
-102.970471	-3.973643E-7
-102.949847	0.000000
-102.929224	-3.973643E-7
-102.908600	0.000000
-102.887977	0.000000
-102.867353	5.563100E-7
-102.846729	3.973643E-7
-102.826106	7.947286E-7
-102.805482	3.973643E-7
-102.784858	-3.973643E-7
-102.764235	-3.973643E-7
-102.743611	1.589457E-7
-102.722987	1.589457E-7
-102.702364	-3.178914E-7
-102.681740	-1.351039E-6
-102.661117	-7.947286E-7
-102.640493	-3.973643E-7
-102.619869	1.589457E-7
-102.599246	3.973643E-7
-102.578622	0.000000
-102.557998	-3.178914E-7
-102.537375	3.178914E-7
-102.516751	1.589457E-7
-102.496127	7.947286E-8
-102.475504	0.000000
-102.454880	-1.589457E-7
-102.434257	7.947286E-7
-102.413633	2.384186E-7
-102.393009	1.589457E-7
-102.372386	0.000000
-102.351762	-1.589457E-7
-102.331138	-7.947286E-7
-102.310515	0.000000
-102.289891	0.000000
-102.269267	-1.589457E-7
-102.248644	-3.973643E-7
-102.228020	-3.973643E-7
-102.207396	-1.192093E-6
-102.186773	-1.192093E-6
-102.166149	-3.973643E-7
-102.145526	0.000000
-102.124902	2.384186E-7
-102.104278	-7.947286E-8
-102.083655	-1.271566E-6
-102.063031	-7.152557E-7
-102.042407	-3.178914E-7
-102.021784	-8.742015E-7
-102.001160	-9.536743E-7
-101.980536	-9.536743E-7
-101.959913	-7.152557E-7
-101.939289	-9.536743E-7
-101.918666	-1.271566E-6
-101.898042	-1.192093E-6
-101.877418	-7.152557E-7
-101.856795	-8.742015E-7
-101.836171	-6.357829E-7
-101.815547	-1.112620E-6
-101.794924	-9.536743E-7
-101.774300	-4.768372E-7
-101.753676	-9.536743E-7
-101.733053	-2.384186E-7
-101.712429	-3.178914E-7
-101.691806	-1.271566E-6
-101.671182	-9.536743E-7
-101.650558	-1.192093E-6
-101.629935	-7.152557E-7
-101.609311	-7.947286E-7
-101.588687	-4.768372E-7
-101.568064	-7.947286E-8
-101.547440	1.589457E-7
-101.526816	7.152557E-7
-101.506193	5.563100E-7
-101.485569	-1.589457E-7
-101.464945	-6.357829E-7
-101.444322	-3.178914E-7
-101.423698	-6.357829E-7
-101.403075	-8.742015E-7
-101.382451	-1.589457E-7
-101.361827	-3.178914E-7
-101.341204	-7.152557E-7
-101.320580	-1.192093E-6
-101.299956	-3.973643E-7
-101.279333	3.178914E-7
-101.258709	-3.973643E-7
-101.238085	-6.357829E-7
-101.217462	-9.536743E-7
-101.196838	-4.768372E-7
-101.176215	0.000000
-101.155591	-1.589457E-7
-101.134967	-4.768372E-7
-101.114344	0.000000
-101.093720	-1.033147E-6
-101.073096	-1.112620E-6
-101.052473	-7.152557E-7
-101.031849	-4.768372E-7
-101.011225	-5.563100E-7
-100.990602	-3.973643E-7
-100.969978	7.947286E-8
-100.949355	-1.589457E-7
-100.928731	7.947286E-8
-100.908107	3.973643E-7
-100.887484	-1.589457E-7
-100.866860	-2.384186E-7
-100.846236	7.947286E-8
-100.825613	0.000000
-100.804989	5.563100E-7
-100.784365	2.384186E-7
-100.763742	7.947286E-8
-100.743118	4.768372E-7
-100.722494	6.357829E-7
-100.701871	3.973643E-7
-100.681247	4.768372E-7
-100.660624	4.768372E-7
-100.640000	3.973643E-7
-100.619376	-2.384186E-7
-100.598753	0.000000
-100.578129	-1.589457E-7
-100.557505	-6.357829E-7
-100.536882	6.357829E-7
-100.516258	5.563100E-7
-100.495634	7.152557E-7
-100.475011	3.178914E-7
-100.454387	-5.563100E-7
-100.433764	-3.178914E-7
-100.413140	-3.178914E-7
-100.392516	-6.357829E-7
-100.371893	2.384186E-7
-100.351269	1.033147E-6
-100.330645	1.430511E-6
-100.310022	-7.947286E-8
-100.289398	-7.152557E-7
-100.268774	-3.178914E-7
-100.248151	-5.563100E-7
-100.227527	-3.973643E-7
-100.206904	-6.357829E-7
-100.186280	-2.384186E-7
-100.165656	-7.947286E-8
-100.145033	0.000000
-100.124409	7.947286E-8
-100.103785	-7.947286E-8
-100.083162	1.589457E-7
-100.062538	0.000000
-100.041914	-1.589457E-7
-100.021291	-2.384186E-7
