-143.000954	3.735224E-6
-142.980330	3.496806E-6
-142.959707	2.225240E-6
-142.939083	8.742015E-7
-142.918459	1.271566E-6
-142.897836	8.742015E-7
-142.877212	2.384186E-7
-142.856589	-7.947286E-7
-142.835965	-1.748403E-6
-142.815341	-1.112620E-6
-142.794718	-1.589457E-7
-142.774094	4.768372E-7
-142.753470	1.271566E-6
-142.732847	2.384186E-6
-142.712223	2.861023E-6
-142.691599	4.053116E-6
-142.670976	4.768372E-6
-142.650352	6.278356E-6
-142.629729	7.470449E-6
-142.609105	8.026759E-6
-142.588481	8.265177E-6
-142.567858	8.106232E-6
-142.547234	7.549922E-6
-142.526610	7.232030E-6
-142.505987	6.675720E-6
-142.485363	6.675720E-6
-142.464739	6.278356E-6
-142.444116	6.198883E-6
-142.423492	5.563100E-6
-142.402868	4.609426E-6
-142.382245	3.735224E-6
-142.361621	3.576279E-6
-142.340998	2.940496E-6
-142.320374	3.099442E-6
-142.299750	3.417333E-6
-142.279127	3.417333E-6
-142.258503	3.973643E-6
-142.237879	3.735224E-6
-142.217256	4.688899E-6
-142.196632	4.450480E-6
-142.176008	4.688899E-6
-142.155385	5.324682E-6
-142.134761	4.768372E-6
-142.114138	5.801519E-6
-142.093514	6.437302E-6
-142.072890	6.357829E-6
-142.052267	6.437302E-6
-142.031643	6.755193E-6
-142.011019	5.801519E-6
-141.990396	5.245209E-6
-141.969772	4.688899E-6
-141.949148	5.086263E-6
-141.928525	3.258387E-6
-141.907901	1.748403E-6
-141.887278	7.947286E-7
-141.866654	-3.973643E-7
-141.846030	-8.742015E-7
-141.825407	-1.748403E-6
-141.804783	-2.304713E-6
-141.784159	-2.463659E-6
-141.763536	-3.735224E-6
-141.742912	-4.450480E-6
-141.722288	-4.450480E-6
-141.701665	-5.722046E-6
-141.681041	-6.755193E-6
-141.660417	-6.119410E-6
-141.639794	-6.039937E-6
-141.619170	-6.039937E-6
-141.598547	-5.722046E-6
-141.577923	-5.324682E-6
-141.557299	-5.722046E-6
-141.536676	-5.086263E-6
-141.516052	-5.245209E-6
-141.495428	-5.324682E-6
-141.474805	-4.609426E-6
-141.454181	-4.609426E-6
-141.433557	-4.450480E-6
-141.412934	-3.814697E-6
-141.392310	-3.417333E-6
-141.371687	-3.178914E-6
-141.351063	-5.006790E-6
-141.330439	-5.245209E-6
-141.309816	-4.450480E-6
-141.289192	-4.212062E-6
-141.268568	-5.245209E-6
-141.247945	-6.596247E-6
-141.227321	-5.642573E-6
-141.206697	-6.119410E-6
-141.186074	-6.357829E-6
-141.165450	-6.834666E-6
-141.144827	-7.232030E-6
-141.124203	-7.470449E-6
-141.103579	-7.311503E-6
-141.082956	-7.073085E-6
-141.062332	-7.311503E-6
-141.041708	-7.629395E-6
-141.021085	-6.914139E-6
-141.000461	-6.596247E-6
-140.979837	-6.675720E-6
-140.959214	-4.927317E-6
-140.938590	-3.576279E-6
-140.917966	-3.576279E-6
-140.897343	-3.099442E-6
-140.876719	-1.827876E-6
-140.856096	-1.430511E-6
-140.835472	-1.589457E-7
-140.814848	0.000000
-140.794225	-1.192093E-6
-140.773601	-1.907349E-6
-140.752977	-1.351039E-6
-140.732354	-1.192093E-6
-140.711730	-2.463659E-6
-140.691106	-4.132589E-6
-140.670483	-5.324682E-6
-140.649859	-7.152557E-6
-140.629236	-8.662542E-6
-140.608612	-1.064936E-5
-140.587988	-1.136462E-5
-140.567365	-1.255671E-5
-140.546741	-1.335144E-5
-140.526117	-1.366933E-5
-140.505494	-1.382828E-5
-140.484870	-1.390775E-5
-140.464246	-1.351039E-5
-140.443623	-1.287460E-5
-140.422999	-1.064936E-5
-140.402376	-9.059906E-6
-140.381752	-8.900960E-6
-140.361128	-6.993612E-6
-140.340505	-4.927317E-6
-140.319881	-3.496806E-6
-140.299257	-1.986821E-6
-140.278634	-4.768372E-7
-140.258010	7.152557E-7
-140.237386	1.668930E-6
-140.216763	2.702077E-6
-140.196139	2.702077E-6
-140.175515	3.496806E-6
-140.154892	3.735224E-6
-140.134268	3.894170E-6
-140.113645	3.019969E-6
-140.093021	1.271566E-6
-140.072397	0.000000
-140.051774	-2.384186E-7
-140.031150	-1.192093E-6
-140.010526	-2.622604E-6
-139.989903	-4.371007E-6
-139.969279	-5.722046E-6
-139.948655	-6.596247E-6
-139.928032	-7.073085E-6
-139.907408	-8.424123E-6
-139.886785	-8.106232E-6
-139.866161	-9.377797E-6
-139.845537	-8.583069E-6
-139.824914	-8.185705E-6
-139.804290	-7.788340E-6
-139.783666	-6.119410E-6
-139.763043	-5.165736E-6
-139.742419	-3.576279E-6
-139.721795	-2.384186E-6
-139.701172	-1.112620E-6
-139.680548	-3.178914E-7
-139.659925	1.351039E-6
-139.639301	3.099442E-6
-139.618677	5.324682E-6
-139.598054	6.437302E-6
-139.577430	7.867813E-6
-139.556806	8.185705E-6
-139.536183	7.867813E-6
-139.515559	9.139379E-6
-139.494935	9.616216E-6
-139.474312	8.742015E-6
-139.453688	8.821487E-6
-139.433064	8.424123E-6
-139.412441	7.708867E-6
-139.391817	7.470449E-6
-139.371194	6.834666E-6
-139.350570	6.437302E-6
-139.329946	6.278356E-6
-139.309323	5.483627E-6
-139.288699	3.973643E-6
-139.268075	4.053116E-6
-139.247452	3.655752E-6
-139.226828	2.861023E-6
-139.206204	2.543132E-6
-139.185581	2.225240E-6
-139.164957	2.463659E-6
-139.144334	2.622604E-6
-139.123710	3.019969E-6
-139.103086	3.258387E-6
-139.082463	2.861023E-6
-139.061839	4.212062E-6
-139.041215	4.212062E-6
-139.020592	4.768372E-6
-138.999968	4.847844E-6
-138.979344	3.973643E-6
-138.958721	4.371007E-6
-138.938097	4.053116E-6
-138.917474	3.178914E-6
-138.896850	2.543132E-6
-138.876226	1.192093E-6
-138.855603	-3.178914E-7
-138.834979	-1.668930E-6
-138.814355	-2.940496E-6
-138.793732	-3.894170E-6
-138.773108	-4.291534E-6
-138.752484	-5.006790E-6
-138.731861	-5.642573E-6
-138.711237	-6.278356E-6
-138.690613	-6.119410E-6
-138.669990	-4.450480E-6
-138.649366	-2.781550E-6
-138.628743	-1.907349E-6
-138.608119	-6.357829E-7
-138.587495	4.768372E-7
-138.566872	2.066294E-6
-138.546248	4.847844E-6
-138.525624	6.596247E-6
-138.505001	8.503596E-6
-138.484377	9.616216E-6
-138.463753	1.009305E-5
-138.443130	1.009305E-5
-138.422506	1.056989E-5
-138.401883	1.009305E-5
-138.381259	8.821487E-6
-138.360635	7.788340E-6
-138.340012	6.596247E-6
-138.319388	5.801519E-6
-138.298764	4.847844E-6
-138.278141	5.086263E-6
-138.257517	4.132589E-6
-138.236893	2.622604E-6
-138.216270	2.225240E-6
-138.195646	2.304713E-6
-138.175023	1.986821E-6
-138.154399	1.112620E-6
-138.133775	9.536743E-7
-138.113152	7.152557E-7
-138.092528	7.152557E-7
-138.071904	1.668930E-6
-138.051281	2.225240E-6
-138.030657	2.940496E-6
-138.010033	3.019969E-6
-137.989410	3.178914E-6
-137.968786	3.655752E-6
-137.948162	2.940496E-6
-137.927539	2.066294E-6
-137.906915	1.112620E-6
-137.886292	1.271566E-6
-137.865668	7.947286E-8
-137.845044	-5.563100E-7
-137.824421	-1.192093E-6
-137.803797	-2.940496E-6
-137.783173	-3.258387E-6
-137.762550	-3.655752E-6
-137.741926	-3.417333E-6
-137.721302	-3.576279E-6
-137.700679	-3.258387E-6
-137.680055	-2.781550E-6
-137.659432	-2.463659E-6
-137.638808	-2.225240E-6
-137.618184	-9.536743E-7
-137.597561	-3.178914E-7
-137.576937	7.947286E-8
-137.556313	6.357829E-7
-137.535690	7.947286E-7
-137.515066	3.973643E-7
-137.494442	1.509984E-6
-137.473819	1.827876E-6
-137.453195	1.589457E-6
-137.432572	1.668930E-6
-137.411948	2.066294E-6
-137.391324	1.192093E-6
-137.370701	3.178914E-7
-137.350077	7.947286E-8
-137.329453	0.000000
-137.308830	-7.152557E-7
-137.288206	-2.384186E-7
-137.267582	-7.152557E-7
-137.246959	-1.748403E-6
-137.226335	-1.986821E-6
-137.205712	-2.940496E-6
-137.185088	-4.212062E-6
-137.164464	-5.245209E-6
-137.143841	-5.960464E-6
-137.123217	-6.516774E-6
-137.102593	-5.960464E-6
-137.081970	-6.675720E-6
-137.061346	-7.311503E-6
-137.040722	-6.993612E-6
-137.020099	-7.470449E-6
-136.999475	-7.549922E-6
-136.978851	-7.947286E-6
-136.958228	-7.708867E-6
-136.937604	-7.788340E-6
-136.916981	-8.106232E-6
-136.896357	-7.390976E-6
-136.875733	-7.629395E-6
-136.855110	-7.073085E-6
-136.834486	-6.675720E-6
-136.813862	-5.642573E-6
-136.793239	-4.291534E-6
-136.772615	-2.781550E-6
-136.751991	-1.748403E-6
-136.731368	3.973643E-7
-136.710744	1.986821E-6
-136.690121	2.622604E-6
-136.669497	3.576279E-6
-136.648873	4.132589E-6
-136.628250	4.847844E-6
-136.607626	5.722046E-6
-136.587002	6.675720E-6
-136.566379	7.152557E-6
-136.545755	6.437302E-6
-136.525131	5.563100E-6
-136.504508	4.609426E-6
-136.483884	2.225240E-6
-136.463261	-1.589457E-7
-136.442637	-2.066294E-6
-136.422013	-3.496806E-6
-136.401390	-4.768372E-6
-136.380766	-5.801519E-6
-136.360142	-7.311503E-6
-136.339519	-9.218852E-6
-136.318895	-9.059906E-6
-136.298271	-9.934107E-6
-136.277648	-1.056989E-5
-136.257024	-1.144409E-5
-136.236400	-1.088778E-5
-136.215777	-9.377797E-6
-136.195153	-8.980433E-6
-136.174530	-9.218852E-6
-136.153906	-9.059906E-6
-136.133282	-8.424123E-6
-136.112659	-7.311503E-6
-136.092035	-5.880992E-6
-136.071411	-4.529953E-6
-136.050788	-3.258387E-6
-136.030164	-3.417333E-6
-136.009540	-2.384186E-6
-135.988917	-9.536743E-7
-135.968293	7.947286E-8
-135.947670	7.947286E-7
-135.927046	4.768372E-7
-135.906422	1.112620E-6
-135.885799	2.145767E-6
-135.865175	4.132589E-6
-135.844551	5.165736E-6
-135.823928	5.483627E-6
-135.803304	5.880992E-6
-135.782680	5.880992E-6
-135.762057	5.563100E-6
-135.741433	5.245209E-6
-135.720810	5.086263E-6
-135.700186	5.006790E-6
-135.679562	4.450480E-6
-135.658939	4.132589E-6
-135.638315	3.178914E-6
-135.617691	8.742015E-7
-135.597068	-4.768372E-7
-135.576444	-1.430511E-6
-135.555820	-2.066294E-6
-135.535197	-3.099442E-6
-135.514573	-3.814697E-6
-135.493949	-3.894170E-6
-135.473326	-3.178914E-6
-135.452702	-3.258387E-6
-135.432079	-4.291534E-6
-135.411455	-3.973643E-6
-135.390831	-3.019969E-6
-135.370208	-2.066294E-6
-135.349584	-1.589457E-6
-135.328960	-7.152557E-7
-135.308337	-3.973643E-7
-135.287713	-9.536743E-7
-135.267089	-9.536743E-7
-135.246466	-5.563100E-7
-135.225842	-7.947286E-8
-135.205219	3.973643E-7
-135.184595	1.589457E-7
-135.163971	-3.178914E-7
-135.143348	-1.033147E-6
-135.122724	-8.742015E-7
-135.102100	-9.536743E-7
-135.081477	-1.509984E-6
-135.060853	-2.543132E-6
-135.040229	-2.384186E-6
-135.019606	-2.781550E-6
-134.998982	-2.463659E-6
-134.978359	-2.622604E-6
-134.957735	-2.781550E-6
-134.937111	-1.748403E-6
-134.916488	-1.509984E-6
-134.895864	-3.973643E-7
-134.875240	3.973643E-7
-134.854617	1.430511E-6
-134.833993	2.225240E-6
-134.813369	3.258387E-6
-134.792746	4.132589E-6
-134.772122	4.132589E-6
-134.751498	3.417333E-6
-134.730875	3.337860E-6
-134.710251	3.178914E-6
-134.689628	1.907349E-6
-134.669004	4.768372E-7
-134.648380	-1.668930E-6
-134.627757	-2.940496E-6
-134.607133	-4.212062E-6
-134.586509	-5.086263E-6
-134.565886	-6.198883E-6
-134.545262	-7.629395E-6
-134.524638	-8.344650E-6
-134.504015	-9.854635E-6
-134.483391	-9.457270E-6
-134.462768	-9.139379E-6
-134.442144	-9.298325E-6
-134.421520	-9.536743E-6
-134.400897	-8.503596E-6
-134.380273	-8.026759E-6
-134.359649	-6.516774E-6
-134.339026	-5.722046E-6
-134.318402	-5.960464E-6
-134.297778	-5.404154E-6
-134.277155	-4.768372E-6
-134.256531	-3.814697E-6
-134.235908	-3.258387E-6
-134.215284	-3.019969E-6
-134.194660	-2.225240E-6
-134.174037	-1.986821E-6
-134.153413	-1.509984E-6
-134.132789	-4.768372E-7
-134.112166	6.357829E-7
-134.091542	2.384186E-6
-134.070918	3.894170E-6
-134.050295	5.324682E-6
-134.029671	5.880992E-6
-134.009047	6.596247E-6
-133.988424	7.629395E-6
-133.967800	8.583069E-6
-133.947177	8.185705E-6
-133.926553	7.549922E-6
-133.905929	8.026759E-6
-133.885306	7.629395E-6
-133.864682	6.437302E-6
-133.844058	5.642573E-6
-133.823435	4.529953E-6
-133.802811	3.576279E-6
-133.782187	1.668930E-6
-133.761564	-1.271566E-6
-133.740940	-1.827876E-6
-133.720317	-3.019969E-6
-133.699693	-5.086263E-6
-133.679069	-5.404154E-6
-133.658446	-6.278356E-6
-133.637822	-6.993612E-6
-133.617198	-7.549922E-6
-133.596575	-7.390976E-6
-133.575951	-7.232030E-6
-133.555327	-7.311503E-6
-133.534704	-6.596247E-6
-133.514080	-6.993612E-6
-133.493457	-6.755193E-6
-133.472833	-5.722046E-6
-133.452209	-5.324682E-6
-133.431586	-5.483627E-6
-133.410962	-5.165736E-6
-133.390338	-4.927317E-6
-133.369715	-4.529953E-6
-133.349091	-4.768372E-6
-133.328467	-3.417333E-6
-133.307844	-1.430511E-6
-133.287220	-7.152557E-7
-133.266596	7.152557E-7
-133.245973	1.748403E-6
-133.225349	1.827876E-6
-133.204726	2.622604E-6
-133.184102	3.973643E-6
-133.163478	6.119410E-6
-133.142855	7.073085E-6
-133.122231	7.311503E-6
-133.101607	7.549922E-6
-133.080984	8.185705E-6
-133.060360	7.549922E-6
-133.039736	7.629395E-6
-133.019113	7.629395E-6
-132.998489	7.232030E-6
-132.977866	6.755193E-6
-132.957242	5.722046E-6
-132.936618	4.768372E-6
-132.915995	3.337860E-6
-132.895371	1.986821E-6
-132.874747	1.589457E-7
-132.854124	-4.768372E-7
-132.833500	-1.351039E-6
-132.812876	-2.543132E-6
-132.792253	-3.019969E-6
-132.771629	-3.894170E-6
-132.751006	-5.404154E-6
-132.730382	-6.119410E-6
-132.709758	-6.675720E-6
-132.689135	-7.311503E-6
-132.668511	-7.390976E-6
-132.647887	-7.788340E-6
-132.627264	-7.947286E-6
-132.606640	-7.947286E-6
-132.586016	-7.152557E-6
-132.565393	-5.563100E-6
-132.544769	-4.529953E-6
-132.524145	-3.178914E-6
-132.503522	-2.463659E-6
-132.482898	-1.509984E-6
-132.462275	-3.973643E-7
-132.441651	2.384186E-7
-132.421027	1.827876E-6
-132.400404	3.099442E-6
-132.379780	5.086263E-6
-132.359156	6.039937E-6
-132.338533	6.914139E-6
-132.317909	8.503596E-6
-132.297285	8.424123E-6
-132.276662	9.536743E-6
-132.256038	1.001358E-5
-132.235415	1.017253E-5
-132.214791	1.128515E-5
-132.194167	1.168251E-5
-132.173544	1.072884E-5
-132.152920	9.934107E-6
-132.132296	8.583069E-6
-132.111673	7.867813E-6
-132.091049	6.755193E-6
-132.070425	4.847844E-6
-132.049802	2.940496E-6
-132.029178	5.563100E-7
-132.008555	-1.509984E-6
-131.987931	-3.814697E-6
-131.967307	-5.880992E-6
-131.946684	-7.788340E-6
-131.926060	-9.059906E-6
-131.905436	-1.033147E-5
-131.884813	-1.088778E-5
-131.864189	-1.104673E-5
-131.843565	-1.120567E-5
-131.822942	-1.025200E-5
-131.802318	-1.017253E-5
-131.781695	-9.536743E-6
-131.761071	-7.549922E-6
-131.740447	-5.006790E-6
-131.719824	-2.702077E-6
-131.699200	-7.152557E-7
-131.678576	7.947286E-7
-131.657953	2.861023E-6
-131.637329	4.371007E-6
-131.616705	5.324682E-6
-131.596082	6.039937E-6
-131.575458	7.073085E-6
-131.554834	7.549922E-6
-131.534211	7.232030E-6
-131.513587	6.357829E-6
-131.492964	5.165736E-6
-131.472340	3.337860E-6
-131.451716	1.351039E-6
-131.431093	7.947286E-8
-131.410469	-1.271566E-6
-131.389845	-2.940496E-6
-131.369222	-4.688899E-6
-131.348598	-6.357829E-6
-131.327974	-7.073085E-6
-131.307351	-6.755193E-6
-131.286727	-6.516774E-6
-131.266104	-5.563100E-6
-131.245480	-5.324682E-6
-131.224856	-4.688899E-6
-131.204233	-4.609426E-6
-131.183609	-3.337860E-6
-131.162985	-2.384186E-6
-131.142362	-1.509984E-6
-131.121738	3.178914E-7
-131.101114	7.947286E-8
-131.080491	-1.589457E-7
-131.059867	0.000000
-131.039244	0.000000
-131.018620	-4.768372E-7
-130.997996	-4.768372E-7
-130.977373	-5.563100E-7
-130.956749	-1.112620E-6
-130.936125	-1.271566E-6
-130.915502	-2.622604E-6
-130.894878	-3.894170E-6
-130.874254	-5.404154E-6
-130.853631	-6.437302E-6
-130.833007	-7.311503E-6
-130.812383	-8.503596E-6
-130.791760	-8.265177E-6
-130.771136	-9.059906E-6
-130.750513	-8.980433E-6
-130.729889	-1.009305E-5
-130.709265	-9.854635E-6
-130.688642	-9.854635E-6
-130.668018	-9.457270E-6
-130.647394	-9.695689E-6
-130.626771	-7.947286E-6
-130.606147	-5.483627E-6
-130.585523	-3.337860E-6
-130.564900	-1.907349E-6
-130.544276	-1.589457E-7
-130.523653	2.066294E-6
-130.503029	4.609426E-6
-130.482405	6.755193E-6
-130.461782	8.503596E-6
-130.441158	9.854635E-6
-130.420534	1.136462E-5
-130.399911	1.112620E-5
-130.379287	1.200040E-5
-130.358663	1.279513E-5
-130.338040	1.192093E-5
-130.317416	1.017253E-5
-130.296793	8.583069E-6
-130.276169	6.993612E-6
-130.255545	5.801519E-6
-130.234922	3.099442E-6
-130.214298	0.000000
-130.193674	-2.384186E-6
-130.173051	-4.529953E-6
-130.152427	-6.834666E-6
-130.131803	-9.298325E-6
-130.111180	-1.017253E-5
-130.090556	-1.104673E-5
-130.069932	-1.152356E-5
-130.049309	-1.207987E-5
-130.028685	-1.088778E-5
-130.008062	-9.139379E-6
-129.987438	-8.106232E-6
-129.966814	-6.278356E-6
-129.946191	-4.053116E-6
-129.925567	-1.748403E-6
-129.904943	2.384186E-7
-129.884320	1.827876E-6
-129.863696	3.973643E-6
-129.843072	4.688899E-6
-129.822449	4.927317E-6
-129.801825	5.165736E-6
-129.781202	5.563100E-6
-129.760578	5.722046E-6
-129.739954	5.245209E-6
-129.719331	2.861023E-6
-129.698707	7.152557E-7
-129.678083	-1.827876E-6
-129.657460	-3.337860E-6
-129.636836	-5.245209E-6
-129.616212	-7.470449E-6
-129.595589	-9.218852E-6
-129.574965	-1.025200E-5
-129.554342	-1.017253E-5
-129.533718	-1.033147E-5
-129.513094	-1.033147E-5
-129.492471	-9.616216E-6
-129.471847	-9.139379E-6
-129.451223	-7.947286E-6
-129.430600	-5.880992E-6
-129.409976	-5.006790E-6
-129.389352	-4.212062E-6
-129.368729	-3.655752E-6
-129.348105	-1.907349E-6
-129.327481	-9.536743E-7
-129.306858	-7.947286E-7
-129.286234	-7.152557E-7
-129.265611	0.000000
-129.244987	-5.563100E-7
-129.224363	-4.768372E-7
-129.203740	-7.152557E-7
-129.183116	-1.430511E-6
-129.162492	-2.940496E-6
-129.141869	-4.768372E-6
-129.121245	-5.642573E-6
-129.100621	-5.801519E-6
-129.079998	-6.278356E-6
-129.059374	-7.549922E-6
-129.038751	-8.424123E-6
-129.018127	-9.298325E-6
-128.997503	-9.695689E-6
-128.976880	-8.980433E-6
-128.956256	-8.583069E-6
-128.935632	-7.708867E-6
-128.915009	-5.880992E-6
-128.894385	-4.768372E-6
-128.873761	-4.291534E-6
-128.853138	-2.861023E-6
-128.832514	-7.947286E-8
-128.811891	1.589457E-6
-128.791267	3.417333E-6
-128.770643	4.688899E-6
-128.750020	7.232030E-6
-128.729396	8.424123E-6
-128.708772	9.854635E-6
-128.688149	1.001358E-5
-128.667525	8.980433E-6
-128.646901	7.629395E-6
-128.626278	6.834666E-6
-128.605654	5.642573E-6
-128.585030	4.291534E-6
-128.564407	9.536743E-7
-128.543783	-1.907349E-6
-128.523160	-3.814697E-6
-128.502536	-6.596247E-6
-128.481912	-9.695689E-6
-128.461289	-1.223882E-5
-128.440665	-1.382828E-5
-128.420041	-1.549721E-5
-128.399418	-1.621246E-5
-128.378794	-1.541773E-5
-128.358170	-1.358986E-5
-128.337547	-1.223882E-5
-128.316923	-1.001358E-5
-128.296300	-6.993612E-6
-128.275676	-4.132589E-6
-128.255052	-1.271566E-6
-128.234429	1.430511E-6
-128.213805	3.496806E-6
-128.193181	5.245209E-6
-128.172558	7.311503E-6
-128.151934	8.662542E-6
-128.131310	9.536743E-6
-128.110687	1.080831E-5
-128.090063	1.001358E-5
-128.069440	9.536743E-6
-128.048816	9.298325E-6
-128.028192	8.662542E-6
-128.007569	6.834666E-6
-127.986945	4.927317E-6
-127.966321	2.543132E-6
-127.945698	2.384186E-7
-127.925074	-1.589457E-6
-127.904450	-3.099442E-6
-127.883827	-4.927317E-6
-127.863203	-7.232030E-6
-127.842579	-8.424123E-6
-127.821956	-9.536743E-6
-127.801332	-1.017253E-5
-127.780709	-1.025200E-5
-127.760085	-1.025200E-5
-127.739461	-1.025200E-5
-127.718838	-9.934107E-6
-127.698214	-9.457270E-6
-127.677590	-8.026759E-6
-127.656967	-6.914139E-6
-127.636343	-5.880992E-6
-127.615719	-3.735224E-6
-127.595096	-6.357829E-7
-127.574472	1.509984E-6
-127.553849	3.496806E-6
-127.533225	4.847844E-6
-127.512601	7.232030E-6
-127.491978	8.265177E-6
-127.471354	9.695689E-6
-127.450730	1.033147E-5
-127.430107	1.017253E-5
-127.409483	9.695689E-6
-127.388859	8.900960E-6
-127.368236	8.662542E-6
-127.347612	7.629395E-6
-127.326989	5.880992E-6
-127.306365	4.132589E-6
-127.285741	1.668930E-6
-127.265118	-1.589457E-7
-127.244494	-2.225240E-6
-127.223870	-3.894170E-6
-127.203247	-4.688899E-6
-127.182623	-5.324682E-6
-127.161999	-6.437302E-6
-127.141376	-6.675720E-6
-127.120752	-6.834666E-6
-127.100128	-6.039937E-6
-127.079505	-4.609426E-6
-127.058881	-3.178914E-6
-127.038258	-1.986821E-6
-127.017634	-4.768372E-7
-126.997010	-3.973643E-7
-126.976387	1.430511E-6
-126.955763	3.417333E-6
-126.935139	5.563100E-6
-126.914516	6.437302E-6
-126.893892	7.390976E-6
-126.873268	8.106232E-6
-126.852645	7.947286E-6
-126.832021	8.344650E-6
-126.811398	7.549922E-6
-126.790774	6.993612E-6
-126.770150	5.563100E-6
-126.749527	4.291534E-6
-126.728903	2.463659E-6
-126.708279	4.768372E-7
-126.687656	-1.033147E-6
-126.667032	-3.019969E-6
-126.646408	-5.006790E-6
-126.625785	-5.642573E-6
-126.605161	-5.245209E-6
-126.584538	-6.675720E-6
-126.563914	-6.039937E-6
-126.543290	-5.483627E-6
-126.522667	-3.973643E-6
-126.502043	-1.033147E-6
-126.481419	1.112620E-6
-126.460796	2.702077E-6
-126.440172	3.973643E-6
-126.419548	6.675720E-6
-126.398925	8.583069E-6
-126.378301	1.025200E-5
-126.357678	1.168251E-5
-126.337054	1.279513E-5
-126.316430	1.231829E-5
-126.295807	1.136462E-5
-126.275183	1.064936E-5
-126.254559	8.424123E-6
-126.233936	7.629395E-6
-126.213312	6.516774E-6
-126.192688	5.563100E-6
-126.172065	2.622604E-6
-126.151441	7.947286E-7
-126.130817	-1.271566E-6
-126.110194	-3.258387E-6
-126.089570	-5.324682E-6
-126.068947	-7.311503E-6
-126.048323	-8.026759E-6
-126.027699	-8.106232E-6
-126.007076	-8.742015E-6
-125.986452	-8.900960E-6
-125.965828	-8.503596E-6
-125.945205	-8.185705E-6
-125.924581	-7.947286E-6
-125.903957	-7.629395E-6
-125.883334	-7.867813E-6
-125.862710	-7.629395E-6
-125.842087	-6.516774E-6
-125.821463	-5.801519E-6
-125.800839	-3.894170E-6
-125.780216	-2.145767E-6
-125.759592	-6.357829E-7
-125.738968	-7.947286E-8
-125.718345	7.152557E-7
-125.697721	1.986821E-6
-125.677097	2.463659E-6
-125.656474	2.304713E-6
-125.635850	2.940496E-6
-125.615227	2.384186E-6
-125.594603	1.271566E-6
-125.573979	6.357829E-7
-125.553356	-1.589457E-7
-125.532732	-7.152557E-7
-125.512108	-1.668930E-6
-125.491485	-3.337860E-6
-125.470861	-4.927317E-6
-125.450237	-5.960464E-6
-125.429614	-6.516774E-6
-125.408990	-5.880992E-6
-125.388366	-6.596247E-6
-125.367743	-6.914139E-6
-125.347119	-5.880992E-6
-125.326496	-4.529953E-6
-125.305872	-3.973643E-6
-125.285248	-3.576279E-6
-125.264625	-2.304713E-6
-125.244001	-1.827876E-6
-125.223377	-1.668930E-6
-125.202754	-1.192093E-6
-125.182130	1.589457E-7
-125.161506	5.563100E-7
-125.140883	7.152557E-7
-125.120259	1.668930E-6
-125.099636	1.748403E-6
-125.079012	1.112620E-6
-125.058388	4.768372E-7
-125.037765	3.973643E-7
-125.017141	1.112620E-6
-124.996517	1.509984E-6
-124.975894	1.192093E-6
-124.955270	7.152557E-7
-124.934646	1.192093E-6
-124.914023	3.973643E-7
-124.893399	-7.152557E-7
-124.872776	-2.145767E-6
-124.852152	-4.529953E-6
-124.831528	-7.947286E-6
-124.810905	-1.223882E-5
-124.790281	-1.676877E-5
-124.769657	-2.098083E-5
-124.749034	-2.662341E-5
-124.728410	-3.345807E-5
-124.707786	-4.076958E-5
-124.687163	-4.680951E-5
-124.666539	-5.316734E-5
-124.645915	-5.880992E-5
-124.625292	-6.413460E-5
-124.604668	-6.850561E-5
-124.584045	-7.128716E-5
-124.563421	-7.208188E-5
-124.542797	-7.057190E-5
-124.522174	-6.818771E-5
-124.501550	-6.389618E-5
-124.480926	-5.904833E-5
-124.460303	-5.070368E-5
-124.439679	-4.076958E-5
-124.419055	-3.012021E-5
-124.398432	-1.891454E-5
-124.377808	-8.106232E-6
-124.357185	2.622604E-6
-124.336561	1.494090E-5
-124.315937	2.757708E-5
-124.295314	3.965696E-5
-124.274690	4.990896E-5
-124.254066	5.873044E-5
-124.233443	6.794930E-5
-124.212819	7.541974E-5
-124.192195	8.066495E-5
-124.171572	8.583069E-5
-124.150948	8.813540E-5
-124.130325	8.924802E-5
-124.109701	8.908908E-5
-124.089077	8.670489E-5
-124.068454	8.384387E-5
-124.047830	8.066495E-5
-124.027206	7.621447E-5
-124.006583	7.200241E-5
-123.985959	6.763140E-5
-123.965335	6.278356E-5
-123.944712	5.586942E-5
-123.924088	4.975001E-5
-123.903464	4.291534E-5
-123.882841	3.687541E-5
-123.862217	3.059705E-5
-123.841594	2.400080E-5
-123.820970	1.811981E-5
-123.800346	1.215935E-5
-123.779723	6.357829E-6
-123.759099	7.947286E-7
-123.738475	-4.768372E-6
-123.717852	-9.536743E-6
-123.697228	-1.287460E-5
-123.676604	-1.613299E-5
-123.655981	-1.859665E-5
-123.635357	-2.034505E-5
-123.614734	-2.272924E-5
-123.594110	-2.328555E-5
-123.573486	-2.360344E-5
-123.552863	-2.376239E-5
-123.532239	-2.304713E-5
-123.511615	-2.249082E-5
-123.490992	-1.994769E-5
-123.470368	-1.851718E-5
-123.449744	-1.653035E-5
-123.429121	-1.581510E-5
-123.408497	-1.366933E-5
-123.387874	-1.239777E-5
-123.367250	-1.152356E-5
-123.346626	-1.041094E-5
-123.326003	-9.854635E-6
-123.305379	-9.695689E-6
-123.284755	-9.695689E-6
-123.264132	-9.377797E-6
-123.243508	-9.059906E-6
-123.222884	-9.854635E-6
-123.202261	-1.136462E-5
-123.181637	-1.184146E-5
-123.161013	-1.207987E-5
-123.140390	-1.263618E-5
-123.119766	-1.351039E-5
-123.099143	-1.287460E-5
-123.078519	-1.231829E-5
-123.057895	-1.168251E-5
-123.037272	-1.025200E-5
-123.016648	-9.536743E-6
-122.996024	-7.629395E-6
-122.975401	-5.245209E-6
-122.954777	-3.337860E-6
-122.934153	-3.973643E-7
-122.913530	2.225240E-6
-122.892906	4.768372E-6
-122.872283	7.629395E-6
-122.851659	1.025200E-5
-122.831035	1.041094E-5
-122.810412	1.176198E-5
-122.789788	1.231829E-5
-122.769164	1.096725E-5
-122.748541	9.775162E-6
-122.727917	8.583069E-6
-122.707293	6.357829E-6
-122.686670	3.178914E-6
-122.666046	0.000000
-122.645423	-3.655752E-6
-122.624799	-6.993612E-6
-122.604175	-1.064936E-5
-122.583552	-1.382828E-5
-122.562928	-1.716614E-5
-122.542304	-2.010663E-5
-122.521681	-2.193451E-5
-122.501057	-2.392133E-5
-122.480433	-2.392133E-5
-122.459810	-2.344449E-5
-122.439186	-2.288818E-5
-122.418562	-2.217293E-5
-122.397939	-2.058347E-5
-122.377315	-1.788139E-5
-122.356692	-1.446406E-5
-122.336068	-1.279513E-5
-122.315444	-1.064936E-5
-122.294821	-7.549922E-6
-122.274197	-4.053116E-6
-122.253573	-1.033147E-6
-122.232950	2.384186E-6
-122.212326	5.086263E-6
-122.191702	6.914139E-6
-122.171079	8.424123E-6
-122.150455	1.001358E-5
-122.129832	1.160304E-5
-122.109208	1.271566E-5
-122.088584	1.382828E-5
-122.067961	1.358986E-5
-122.047337	1.215935E-5
-122.026713	1.096725E-5
-122.006090	9.377797E-6
-121.985466	8.026759E-6
-121.964842	6.675720E-6
-121.944219	5.642573E-6
-121.923595	3.894170E-6
-121.902972	2.622604E-6
-121.882348	1.509984E-6
-121.861724	4.768372E-7
-121.841101	-1.112620E-6
-121.820477	-2.543132E-6
-121.799853	-3.019969E-6
-121.779230	-4.053116E-6
-121.758606	-5.324682E-6
-121.737982	-5.801519E-6
-121.717359	-6.039937E-6
-121.696735	-6.198883E-6
-121.676111	-6.198883E-6
-121.655488	-6.755193E-6
-121.634864	-7.549922E-6
-121.614241	-7.152557E-6
-121.593617	-6.039937E-6
-121.572993	-4.927317E-6
-121.552370	-3.417333E-6
-121.531746	-2.781550E-6
-121.511122	-2.304713E-6
-121.490499	-2.463659E-6
-121.469875	-2.861023E-6
-121.449251	-2.145767E-6
-121.428628	-1.509984E-6
-121.408004	-1.827876E-6
-121.387381	-2.304713E-6
-121.366757	-3.337860E-6
-121.346133	-4.450480E-6
-121.325510	-4.291534E-6
-121.304886	-4.132589E-6
-121.284262	-3.655752E-6
-121.263639	-3.973643E-6
-121.243015	-3.019969E-6
-121.222391	-2.145767E-6
-121.201768	3.973643E-7
-121.181144	2.702077E-6
-121.160521	5.722046E-6
-121.139897	8.503596E-6
-121.119273	1.104673E-5
-121.098650	1.454353E-5
-121.078026	1.796087E-5
-121.057402	1.899401E-5
-121.036779	2.002716E-5
-121.016155	2.090136E-5
-120.995531	2.145767E-5
-120.974908	2.050400E-5
-120.954284	2.034505E-5
-120.933661	1.796087E-5
-120.913037	1.470248E-5
-120.892413	1.017253E-5
-120.871790	6.119410E-6
-120.851166	2.463659E-6
-120.830542	-7.947286E-7
-120.809919	-4.609426E-6
-120.789295	-8.662542E-6
-120.768671	-1.255671E-5
-120.748048	-1.676877E-5
-120.727424	-2.106031E-5
-120.706800	-2.511342E-5
-120.686177	-2.717972E-5
-120.665553	-2.797445E-5
-120.644930	-2.757708E-5
-120.624306	-2.670288E-5
-120.603682	-2.527237E-5
-120.583059	-2.368291E-5
-120.562435	-2.153714E-5
-120.541811	-1.764297E-5
-120.521188	-1.319249E-5
-120.500564	-9.616216E-6
-120.479940	-5.642573E-6
-120.459317	-3.178914E-7
-120.438693	4.371007E-6
-120.418070	1.088778E-5
-120.397446	1.700719E-5
-120.376822	2.145767E-5
-120.356199	2.368291E-5
-120.335575	2.582868E-5
-120.314951	2.574921E-5
-120.294328	2.519290E-5
-120.273704	2.368291E-5
-120.253080	2.153714E-5
-120.232457	1.867612E-5
-120.211833	1.486142E-5
-120.191210	1.049042E-5
-120.170586	4.450480E-6
-120.149962	-2.463659E-6
-120.129339	-9.377797E-6
-120.108715	-1.581510E-5
-120.088091	-2.201398E-5
-120.067468	-2.622604E-5
-120.046844	-2.972285E-5
-120.026220	-3.401438E-5
-120.005597	-3.743172E-5
-119.984973	-3.806750E-5
-119.964349	-3.846486E-5
-119.943726	-3.759066E-5
-119.923102	-3.616015E-5
-119.902479	-3.345807E-5
-119.881855	-3.019969E-5
-119.861231	-2.662341E-5
-119.840608	-2.296766E-5
-119.819984	-1.907349E-5
-119.799360	-1.382828E-5
-119.778737	-1.064936E-5
-119.758113	-6.675720E-6
-119.737489	-3.576279E-6
-119.716866	-1.112620E-6
-119.696242	1.271566E-6
-119.675619	2.940496E-6
-119.654995	4.291534E-6
-119.634371	5.404154E-6
-119.613748	5.801519E-6
-119.593124	5.722046E-6
-119.572500	6.357829E-6
-119.551877	6.596247E-6
-119.531253	6.278356E-6
-119.510629	5.245209E-6
-119.490006	5.642573E-6
-119.469382	5.801519E-6
-119.448759	7.629395E-6
-119.428135	9.298325E-6
-119.407511	1.001358E-5
-119.386888	1.096725E-5
-119.366264	1.215935E-5
-119.345640	1.335144E-5
-119.325017	1.462301E-5
-119.304393	1.478195E-5
-119.283769	1.414617E-5
-119.263146	1.533826E-5
-119.242522	1.533826E-5
-119.221898	1.462301E-5
-119.201275	1.430511E-5
-119.180651	1.295408E-5
-119.160028	1.112620E-5
-119.139404	8.900960E-6
-119.118780	5.960464E-6
-119.098157	2.304713E-6
-119.077533	-8.742015E-7
-119.056909	-3.576279E-6
-119.036286	-5.801519E-6
-119.015662	-8.185705E-6
-118.995038	-1.104673E-5
-118.974415	-1.343091E-5
-118.953791	-1.525879E-5
-118.933168	-1.637141E-5
-118.912544	-1.597404E-5
-118.891920	-1.637141E-5
-118.871297	-1.676877E-5
-118.850673	-1.589457E-5
-118.830049	-1.414617E-5
-118.809426	-1.255671E-5
-118.788802	-1.033147E-5
-118.768178	-8.424123E-6
-118.747555	-6.278356E-6
-118.726931	-4.053116E-6
-118.706308	-1.748403E-6
-118.685684	7.947286E-7
-118.665060	2.463659E-6
-118.644437	3.973643E-6
-118.623813	4.927317E-6
-118.603189	6.437302E-6
-118.582566	8.821487E-6
-118.561942	9.536743E-6
-118.541318	1.049042E-5
-118.520695	1.041094E-5
-118.500071	9.218852E-6
-118.479447	8.026759E-6
-118.458824	6.755193E-6
-118.438200	4.212062E-6
-118.417577	2.622604E-6
-118.396953	1.589457E-7
-118.376329	-1.509984E-6
-118.355706	-3.337860E-6
-118.335082	-4.212062E-6
-118.314458	-4.688899E-6
-118.293835	-5.801519E-6
-118.273211	-6.357829E-6
-118.252587	-6.596247E-6
-118.231964	-6.437302E-6
-118.211340	-6.357829E-6
-118.190717	-5.880992E-6
-118.170093	-5.165736E-6
-118.149469	-4.132589E-6
-118.128846	-2.940496E-6
-118.108222	-1.907349E-6
-118.087598	-1.351039E-6
-118.066975	-1.033147E-6
-118.046351	1.589457E-7
-118.025727	7.152557E-7
-118.005104	7.947286E-8
-117.984480	1.589457E-7
-117.963857	-5.563100E-7
-117.943233	-1.112620E-6
-117.922609	-1.112620E-6
-117.901986	-1.589457E-6
-117.881362	-1.589457E-6
-117.860738	-1.748403E-6
-117.840115	-2.861023E-6
-117.819491	-2.463659E-6
-117.798867	-1.430511E-6
-117.778244	-4.768372E-7
-117.757620	-2.384186E-7
-117.736996	1.192093E-6
-117.716373	1.827876E-6
-117.695749	3.178914E-6
-117.675126	4.450480E-6
-117.654502	5.960464E-6
-117.633878	7.073085E-6
-117.613255	7.311503E-6
-117.592631	9.059906E-6
-117.572007	9.059906E-6
-117.551384	8.742015E-6
-117.530760	9.298325E-6
-117.510136	9.616216E-6
-117.489513	9.775162E-6
-117.468889	8.900960E-6
-117.448266	8.424123E-6
-117.427642	6.755193E-6
-117.407018	4.847844E-6
-117.386395	4.688899E-6
-117.365771	4.053116E-6
-117.345147	2.225240E-6
-117.324524	-7.152557E-7
-117.303900	-3.099442E-6
-117.283276	-4.927317E-6
-117.262653	-7.390976E-6
-117.242029	-8.662542E-6
-117.221406	-1.104673E-5
-117.200782	-1.335144E-5
-117.180158	-1.525879E-5
-117.159535	-1.470248E-5
-117.138911	-1.287460E-5
-117.118287	-1.287460E-5
-117.097664	-1.351039E-5
-117.077040	-1.279513E-5
-117.056416	-1.104673E-5
-117.035793	-8.185705E-6
-117.015169	-5.563100E-6
-116.994545	-4.132589E-6
-116.973922	-1.271566E-6
-116.953298	7.947286E-7
-116.932675	2.066294E-6
-116.912051	4.529953E-6
-116.891427	7.152557E-6
-116.870804	8.980433E-6
-116.850180	9.536743E-6
-116.829556	1.120567E-5
-116.808933	1.207987E-5
-116.788309	1.200040E-5
-116.767685	1.192093E-5
-116.747062	1.239777E-5
-116.726438	1.215935E-5
-116.705815	1.056989E-5
-116.685191	8.583069E-6
-116.664567	6.993612E-6
-116.643944	5.880992E-6
-116.623320	2.940496E-6
-116.602696	1.589457E-6
-116.582073	-1.589457E-7
-116.561449	-2.702077E-6
-116.540825	-4.371007E-6
-116.520202	-6.198883E-6
-116.499578	-8.185705E-6
-116.478955	-9.934107E-6
-116.458331	-1.152356E-5
-116.437707	-1.303355E-5
-116.417084	-1.422564E-5
-116.396460	-1.430511E-5
-116.375836	-1.446406E-5
-116.355213	-1.438459E-5
-116.334589	-1.351039E-5
-116.313965	-1.287460E-5
-116.293342	-1.128515E-5
-116.272718	-9.536743E-6
-116.252094	-7.152557E-6
-116.231471	-4.847844E-6
-116.210847	-2.463659E-6
-116.190224	-8.742015E-7
-116.169600	1.271566E-6
-116.148976	2.702077E-6
-116.128353	4.053116E-6
-116.107729	5.165736E-6
-116.087105	6.198883E-6
-116.066482	6.596247E-6
-116.045858	5.960464E-6
-116.025234	5.483627E-6
-116.004611	5.404154E-6
-115.983987	5.245209E-6
-115.963364	4.688899E-6
-115.942740	4.609426E-6
-115.922116	3.973643E-6
-115.901493	3.576279E-6
-115.880869	3.178914E-6
-115.860245	2.940496E-6
-115.839622	2.781550E-6
-115.818998	1.986821E-6
-115.798374	2.066294E-6
-115.777751	2.066294E-6
-115.757127	2.304713E-6
-115.736504	3.258387E-6
-115.715880	1.827876E-6
-115.695256	1.668930E-6
-115.674633	1.430511E-6
-115.654009	1.033147E-6
-115.633385	5.563100E-7
-115.612762	4.768372E-7
-115.592138	6.357829E-7
-115.571514	-2.384186E-7
-115.550891	0.000000
-115.530267	-7.947286E-8
-115.509644	-3.973643E-7
-115.489020	-2.384186E-7
-115.468396	7.947286E-7
-115.447773	9.536743E-7
-115.427149	3.178914E-7
-115.406525	-8.742015E-7
-115.385902	-1.112620E-6
-115.365278	-9.536743E-7
-115.344654	-1.827876E-6
-115.324031	-2.463659E-6
-115.303407	-4.132589E-6
-115.282783	-5.245209E-6
-115.262160	-6.914139E-6
-115.241536	-8.185705E-6
-115.220913	-8.662542E-6
-115.200289	-9.934107E-6
-115.179665	-9.934107E-6
-115.159042	-1.072884E-5
-115.138418	-1.033147E-5
-115.117794	-9.934107E-6
-115.097171	-1.056989E-5
-115.076547	-9.934107E-6
-115.055923	-8.662542E-6
-115.035300	-6.278356E-6
-115.014676	-4.450480E-6
-114.994053	-3.973643E-6
-114.973429	-2.622604E-6
-114.952805	-1.271566E-6
-114.932182	4.768372E-7
-114.911558	2.066294E-6
-114.890934	2.861023E-6
-114.870311	3.019969E-6
-114.849687	2.781550E-6
-114.829063	1.668930E-6
-114.808440	2.463659E-6
-114.787816	1.112620E-6
-114.767193	5.563100E-7
-114.746569	-1.589457E-7
-114.725945	-1.192093E-6
-114.705322	-2.861023E-6
-114.684698	-4.291534E-6
-114.664074	-4.847844E-6
-114.643451	-5.801519E-6
-114.622827	-6.357829E-6
-114.602203	-6.596247E-6
-114.581580	-6.993612E-6
-114.560956	-7.788340E-6
-114.540332	-7.629395E-6
-114.519709	-6.993612E-6
-114.499085	-7.073085E-6
-114.478462	-6.596247E-6
-114.457838	-6.993612E-6
-114.437214	-6.834666E-6
-114.416591	-5.960464E-6
-114.395967	-6.039937E-6
-114.375343	-6.119410E-6
-114.354720	-5.006790E-6
-114.334096	-3.337860E-6
-114.313472	-2.702077E-6
-114.292849	-1.351039E-6
-114.272225	-7.947286E-7
-114.251602	0.000000
-114.230978	1.033147E-6
-114.210354	1.907349E-6
-114.189731	2.225240E-6
-114.169107	3.178914E-6
-114.148483	3.814697E-6
-114.127860	5.324682E-6
-114.107236	6.119410E-6
-114.086612	6.516774E-6
-114.065989	6.516774E-6
-114.045365	8.344650E-6
-114.024742	8.980433E-6
-114.004118	9.457270E-6
-113.983494	9.218852E-6
-113.962871	9.298325E-6
-113.942247	1.064936E-5
-113.921623	1.017253E-5
-113.901000	9.695689E-6
-113.880376	9.377797E-6
-113.859752	8.583069E-6
-113.839129	7.549922E-6
-113.818505	7.549922E-6
-113.797881	7.073085E-6
-113.777258	6.834666E-6
-113.756634	5.483627E-6
-113.736011	4.371007E-6
-113.715387	3.337860E-6
-113.694763	2.304713E-6
-113.674140	7.947286E-7
-113.653516	-7.947286E-8
-113.632892	-1.907349E-6
-113.612269	-2.861023E-6
-113.591645	-3.417333E-6
-113.571021	-4.450480E-6
-113.550398	-4.529953E-6
-113.529774	-5.960464E-6
-113.509151	-7.073085E-6
-113.488527	-7.311503E-6
-113.467903	-7.232030E-6
-113.447280	-9.298325E-6
-113.426656	-1.064936E-5
-113.406032	-1.009305E-5
-113.385409	-1.041094E-5
-113.364785	-1.049042E-5
-113.344161	-1.025200E-5
-113.323538	-9.377797E-6
-113.302914	-7.947286E-6
-113.282291	-5.801519E-6
-113.261667	-4.053116E-6
-113.241043	-2.304713E-6
-113.220420	-7.947286E-8
-113.199796	1.827876E-6
-113.179172	4.927317E-6
-113.158549	7.947286E-6
-113.137925	9.139379E-6
-113.117301	9.298325E-6
-113.096678	8.980433E-6
-113.076054	8.742015E-6
-113.055430	8.583069E-6
-113.034807	8.185705E-6
-113.014183	6.357829E-6
-112.993560	4.609426E-6
-112.972936	2.940496E-6
-112.952312	6.357829E-7
-112.931689	-8.742015E-7
-112.911065	-2.543132E-6
-112.890441	-4.132589E-6
-112.869818	-5.960464E-6
-112.849194	-6.914139E-6
-112.828570	-6.834666E-6
-112.807947	-6.993612E-6
-112.787323	-6.914139E-6
-112.766700	-6.834666E-6
-112.746076	-6.596247E-6
-112.725452	-6.039937E-6
-112.704829	-4.847844E-6
-112.684205	-3.417333E-6
-112.663581	-2.463659E-6
-112.642958	-1.509984E-6
-112.622334	-7.152557E-7
-112.601710	4.768372E-7
-112.581087	1.589457E-6
-112.560463	2.622604E-6
-112.539840	3.417333E-6
-112.519216	3.655752E-6
-112.498592	3.655752E-6
-112.477969	4.053116E-6
-112.457345	4.132589E-6
-112.436721	3.496806E-6
-112.416098	2.225240E-6
-112.395474	1.351039E-6
-112.374850	5.563100E-7
-112.354227	-6.357829E-7
-112.333603	-1.668930E-6
-112.312979	-3.973643E-6
-112.292356	-6.119410E-6
-112.271732	-6.993612E-6
-112.251109	-8.106232E-6
-112.230485	-8.900960E-6
-112.209861	-9.139379E-6
-112.189238	-8.742015E-6
-112.168614	-8.265177E-6
-112.147990	-6.914139E-6
-112.127367	-5.404154E-6
-112.106743	-3.258387E-6
-112.086119	-1.748403E-6
-112.065496	3.178914E-7
-112.044872	2.622604E-6
-112.024249	5.006790E-6
-112.003625	7.708867E-6
-111.983001	9.536743E-6
-111.962378	1.239777E-5
-111.941754	1.287460E-5
-111.921130	1.335144E-5
-111.900507	1.303355E-5
-111.879883	1.287460E-5
-111.859259	1.287460E-5
-111.838636	1.207987E-5
-111.818012	1.104673E-5
-111.797389	1.033147E-5
-111.776765	9.854635E-6
-111.756141	9.059906E-6
-111.735518	8.742015E-6
-111.714894	7.073085E-6
-111.694270	5.722046E-6
-111.673647	4.847844E-6
-111.653023	3.814697E-6
-111.632399	2.066294E-6
-111.611776	1.192093E-6
-111.591152	3.178914E-7
-111.570528	-1.907349E-6
-111.549905	-2.622604E-6
-111.529281	-1.748403E-6
-111.508658	-1.351039E-6
-111.488034	-5.563100E-7
-111.467410	0.000000
-111.446787	3.973643E-7
-111.426163	1.351039E-6
-111.405539	1.430511E-6
-111.384916	3.735224E-6
-111.364292	5.483627E-6
-111.343668	8.265177E-6
-111.323045	1.033147E-5
-111.302421	1.215935E-5
-111.281798	1.470248E-5
-111.261174	1.653035E-5
-111.240550	1.756350E-5
-111.219927	1.843770E-5
-111.199303	1.915296E-5
-111.178679	1.819928E-5
-111.158056	1.843770E-5
-111.137432	1.835823E-5
-111.116808	1.684825E-5
-111.096185	1.549721E-5
-111.075561	1.454353E-5
-111.054938	1.287460E-5
-111.034314	1.128515E-5
-111.013690	1.001358E-5
-110.993067	7.629395E-6
-110.972443	6.357829E-6
-110.951819	5.722046E-6
-110.931196	6.039937E-6
-110.910572	5.880992E-6
-110.889948	6.596247E-6
-110.869325	6.993612E-6
-110.848701	8.265177E-6
-110.828077	8.503596E-6
-110.807454	9.457270E-6
-110.786830	1.200040E-5
-110.766207	1.422564E-5
-110.745583	1.517932E-5
-110.724959	1.629194E-5
-110.704336	1.756350E-5
-110.683712	1.867612E-5
-110.663088	1.843770E-5
-110.642465	1.788139E-5
-110.621841	1.724561E-5
-110.601217	1.621246E-5
-110.580594	1.390775E-5
-110.559970	1.311302E-5
-110.539347	1.064936E-5
-110.518723	7.390976E-6
-110.498099	4.371007E-6
-110.477476	1.748403E-6
-110.456852	-2.225240E-6
-110.436228	-5.324682E-6
-110.415605	-7.788340E-6
-110.394981	-1.001358E-5
-110.374357	-1.152356E-5
-110.353734	-1.223882E-5
-110.333110	-1.207987E-5
-110.312487	-1.072884E-5
-110.291863	-9.218852E-6
-110.271239	-7.788340E-6
-110.250616	-5.960464E-6
-110.229992	-2.702077E-6
-110.209368	1.271566E-6
-110.188745	4.212062E-6
-110.168121	5.563100E-6
-110.147497	7.073085E-6
-110.126874	8.742015E-6
-110.106250	9.377797E-6
-110.085626	1.025200E-5
-110.065003	9.377797E-6
-110.044379	8.662542E-6
-110.023756	6.357829E-6
-110.003132	4.212062E-6
-109.982508	1.589457E-6
-109.961885	-1.033147E-6
-109.941261	-3.099442E-6
-109.920637	-5.880992E-6
-109.900014	-9.059906E-6
-109.879390	-1.136462E-5
-109.858766	-1.327197E-5
-109.838143	-1.470248E-5
-109.817519	-1.621246E-5
-109.796896	-1.796087E-5
-109.776272	-1.764297E-5
-109.755648	-1.748403E-5
-109.735025	-1.716614E-5
-109.714401	-1.557668E-5
-109.693777	-1.509984E-5
-109.673154	-1.382828E-5
-109.652530	-1.303355E-5
-109.631906	-1.311302E-5
-109.611283	-1.327197E-5
-109.590659	-1.231829E-5
-109.570036	-1.215935E-5
-109.549412	-1.160304E-5
-109.528788	-1.088778E-5
-109.508165	-1.136462E-5
-109.487541	-1.168251E-5
-109.466917	-1.184146E-5
-109.446294	-1.207987E-5
-109.425670	-1.366933E-5
-109.405046	-1.541773E-5
-109.384423	-1.708666E-5
-109.363799	-1.915296E-5
-109.343176	-2.098083E-5
-109.322552	-2.249082E-5
-109.301928	-2.415975E-5
-109.281305	-2.511342E-5
-109.260681	-2.614657E-5
-109.240057	-2.710025E-5
-109.219434	-2.805392E-5
-109.198810	-2.710025E-5
-109.178186	-2.543132E-5
-109.157563	-2.487501E-5
-109.136939	-2.392133E-5
-109.116315	-2.193451E-5
-109.095692	-1.843770E-5
-109.075068	-1.589457E-5
-109.054445	-1.374880E-5
-109.033821	-1.064936E-5
-109.013197	-7.947286E-6
-108.992574	-5.404154E-6
-108.971950	-2.940496E-6
-108.951326	-7.152557E-7
-108.930703	1.589457E-7
-108.910079	6.357829E-7
-108.889455	7.947286E-8
-108.868832	-1.351039E-6
-108.848208	-3.814697E-6
-108.827585	-6.278356E-6
-108.806961	-9.059906E-6
-108.786337	-1.255671E-5
-108.765714	-1.621246E-5
-108.745090	-1.931190E-5
-108.724466	-2.177556E-5
-108.703843	-2.264977E-5
-108.683219	-2.264977E-5
-108.662595	-2.264977E-5
-108.641972	-2.233187E-5
-108.621348	-2.129873E-5
-108.600725	-2.066294E-5
-108.580101	-1.772245E-5
-108.559477	-1.295408E-5
-108.538854	-8.821487E-6
-108.518230	-3.099442E-6
-108.497606	4.371007E-6
-108.476983	1.152356E-5
-108.456359	1.756350E-5
-108.435735	2.400080E-5
-108.415112	3.004074E-5
-108.394488	3.457069E-5
-108.373864	3.933907E-5
-108.353241	4.267693E-5
-108.332617	4.506111E-5
-108.311994	4.617373E-5
-108.291370	4.696846E-5
-108.270746	4.657110E-5
-108.250123	4.545848E-5
-108.229499	4.466375E-5
-108.208875	4.259745E-5
-108.188252	4.021327E-5
-108.167628	3.647804E-5
-108.147004	3.242493E-5
-108.126381	2.916654E-5
-108.105757	2.574921E-5
-108.085134	2.177556E-5
-108.064510	1.804034E-5
-108.043886	1.509984E-5
-108.023263	1.239777E-5
-108.002639	9.616216E-6
-107.982015	8.026759E-6
-107.961392	7.152557E-6
-107.940768	7.232030E-6
-107.920144	8.185705E-6
-107.899521	9.616216E-6
-107.878897	1.128515E-5
-107.858274	1.358986E-5
-107.837650	1.549721E-5
-107.817026	1.923243E-5
-107.796403	2.272924E-5
-107.775779	2.590815E-5
-107.755155	2.964338E-5
-107.734532	3.306071E-5
-107.713908	3.568331E-5
-107.693284	3.735224E-5
-107.672661	3.846486E-5
-107.652037	3.949801E-5
-107.631413	4.045169E-5
-107.610790	4.156431E-5
-107.590166	4.227956E-5
-107.569543	4.148483E-5
-107.548919	4.076958E-5
-107.528295	3.981590E-5
-107.507672	3.997485E-5
-107.487048	3.973643E-5
-107.466424	3.973643E-5
-107.445801	3.886223E-5
-107.425177	3.830592E-5
-107.404553	3.687541E-5
-107.383930	3.695488E-5
-107.363306	3.774961E-5
-107.342683	3.759066E-5
-107.322059	3.878276E-5
-107.301435	3.989538E-5
-107.280812	4.108747E-5
-107.260188	4.267693E-5
-107.239564	4.426638E-5
-107.218941	4.665057E-5
-107.198317	4.998843E-5
-107.177693	5.229314E-5
-107.157070	5.332629E-5
-107.136446	5.499522E-5
-107.115823	5.674362E-5
-107.095199	5.777677E-5
-107.074575	5.873044E-5
-107.053952	5.920728E-5
-107.033328	5.849202E-5
-107.012704	5.777677E-5
-106.992081	5.650520E-5
-106.971457	5.491575E-5
-106.950833	5.237261E-5
-106.930210	5.038579E-5
-106.909586	4.839897E-5
-106.888962	4.657110E-5
-106.868339	4.402796E-5
-106.847715	4.220009E-5
-106.827092	4.069010E-5
-106.806468	3.989538E-5
-106.785844	3.981590E-5
-106.765221	3.981590E-5
-106.744597	4.053116E-5
-106.723973	4.037221E-5
-106.703350	4.140536E-5
-106.682726	4.291534E-5
-106.662102	4.466375E-5
-106.641479	4.545848E-5
-106.620855	4.633268E-5
-106.600232	4.688899E-5
-106.579608	4.824003E-5
-106.558984	4.808108E-5
-106.538361	4.514058E-5
-106.517737	4.124641E-5
-106.497113	3.719330E-5
-106.476490	3.075600E-5
-106.455866	2.336502E-5
-106.435242	1.502037E-5
-106.414619	7.232030E-6
-106.393995	-1.748403E-6
-106.373372	-1.096725E-5
-106.352748	-2.177556E-5
-106.332124	-3.409386E-5
-106.311501	-4.561742E-5
-106.290877	-5.483627E-5
-106.270253	-6.389618E-5
-106.249630	-7.096926E-5
-106.229006	-7.669131E-5
-106.208382	-8.122126E-5
-106.187759	-8.622805E-5
-106.167135	-9.171168E-5
-106.146511	-9.640058E-5
-106.125888	-0.000101
-106.105264	-0.000105
-106.084641	-0.000109
-106.064017	-0.000113
-106.043393	-0.000117
-106.022770	-0.000121
-106.002146	-0.000125
-105.981522	-0.000128
-105.960899	-0.000132
-105.940275	-0.000136
-105.919651	-0.000140
-105.899028	-0.000142
-105.878404	-0.000142
-105.857781	-0.000144
-105.837157	-0.000144
-105.816533	-0.000144
-105.795910	-0.000143
-105.775286	-0.000141
-105.754662	-0.000140
-105.734039	-0.000139
-105.713415	-0.000138
-105.692791	-0.000138
-105.672168	-0.000136
-105.651544	-0.000135
-105.630921	-0.000134
-105.610297	-0.000135
-105.589673	-0.000134
-105.569050	-0.000136
-105.548426	-0.000139
-105.527802	-0.000142
-105.507179	-0.000147
-105.486555	-0.000153
-105.465931	-0.000161
-105.445308	-0.000170
-105.424684	-0.000182
-105.404060	-0.000192
-105.383437	-0.000203
-105.362813	-0.000213
-105.342190	-0.000222
-105.321566	-0.000227
-105.300942	-0.000225
-105.280319	-0.000220
-105.259695	-0.000210
-105.239071	-0.000196
-105.218448	-0.000179
-105.197824	-0.000159
-105.177200	-0.000142
-105.156577	-0.000129
-105.135953	-0.000125
-105.115330	-0.000134
-105.094706	-0.000164
-105.074082	-0.000213
-105.053459	-0.000288
-105.032835	-0.000384
-105.012211	-0.000500
-104.991588	-0.000646
-104.970964	-0.000813
-104.950340	-0.000981
-104.929717	-0.001152
-104.909093	-0.001341
-104.888470	-0.001522
-104.867846	-0.001696
-104.847222	-0.001845
-104.826599	-0.001957
-104.805975	-0.002021
-104.785351	-0.002035
-104.764728	-0.001990
-104.744104	-0.001880
-104.723480	-0.001706
-104.702857	-0.001474
-104.682233	-0.001205
-104.661609	-0.000877
-104.640986	-0.000514
-104.620362	-0.000126
-104.599739	0.000268
-104.579115	0.000665
-104.558491	0.001072
-104.537868	0.001455
-104.517244	0.001796
-104.496620	0.002106
-104.475997	0.002363
-104.455373	0.002572
-104.434749	0.002741
-104.414126	0.002850
-104.393502	0.002900
-104.372879	0.002897
-104.352255	0.002843
-104.331631	0.002737
-104.311008	0.002585
-104.290384	0.002428
-104.269760	0.002254
-104.249137	0.002053
-104.228513	0.001825
-104.207889	0.001610
-104.187266	0.001425
-104.166642	0.001228
-104.146019	0.001030
-104.125395	0.000828
-104.104771	0.000635
-104.084148	0.000465
-104.063524	0.000308
-104.042900	0.000171
-104.022277	4.927317E-5
-104.001653	-6.190936E-5
-103.981029	-0.000152
-103.960406	-0.000230
-103.939782	-0.000298
-103.919159	-0.000351
-103.898535	-0.000395
-103.877911	-0.000431
-103.857288	-0.000459
-103.836664	-0.000478
-103.816040	-0.000492
-103.795417	-0.000498
-103.774793	-0.000499
-103.754169	-0.000497
-103.733546	-0.000491
-103.712922	-0.000483
-103.692298	-0.000472
-103.671675	-0.000460
-103.651051	-0.000445
-103.630428	-0.000431
-103.609804	-0.000415
-103.589180	-0.000400
-103.568557	-0.000385
-103.547933	-0.000369
-103.527309	-0.000354
-103.506686	-0.000339
-103.486062	-0.000324
-103.465438	-0.000311
-103.444815	-0.000297
-103.424191	-0.000283
-103.403568	-0.000270
-103.382944	-0.000257
-103.362320	-0.000245
-103.341697	-0.000232
-103.321073	-0.000220
-103.300449	-0.000208
-103.279826	-0.000197
-103.259202	-0.000188
-103.238578	-0.000179
-103.217955	-0.000170
-103.197331	-0.000161
-103.176708	-0.000154
-103.156084	-0.000146
-103.135460	-0.000139
-103.114837	-0.000132
-103.094213	-0.000125
-103.073589	-0.000119
-103.052966	-0.000113
-103.032342	-0.000107
-103.011718	-0.000101
-102.991095	-9.719531E-5
-102.970471	-9.242694E-5
-102.949847	-8.781751E-5
-102.929224	-8.312861E-5
-102.908600	-7.883708E-5
-102.887977	-7.502238E-5
-102.867353	-7.208188E-5
-102.846729	-6.842613E-5
-102.826106	-6.492933E-5
-102.805482	-6.198883E-5
-102.784858	-5.920728E-5
-102.764235	-5.578995E-5
-102.743611	-5.308787E-5
-102.722987	-5.141894E-5
-102.702364	-4.959106E-5
-102.681740	-4.728635E-5
-102.661117	-4.506111E-5
-102.640493	-4.307429E-5
-102.619869	-4.069010E-5
-102.599246	-3.941854E-5
-102.578622	-3.743172E-5
-102.557998	-3.512700E-5
-102.537375	-3.298124E-5
-102.516751	-3.155073E-5
-102.496127	-3.012021E-5
-102.475504	-2.853076E-5
-102.454880	-2.781550E-5
-102.434257	-2.717972E-5
-102.413633	-2.646446E-5
-102.393009	-2.519290E-5
-102.372386	-2.368291E-5
-102.351762	-2.249082E-5
-102.331138	-2.113978E-5
-102.310515	-2.113978E-5
-102.289891	-1.986821E-5
-102.269267	-1.939138E-5
-102.248644	-1.804034E-5
-102.228020	-1.748403E-5
-102.207396	-1.613299E-5
-102.186773	-1.541773E-5
-102.166149	-1.470248E-5
-102.145526	-1.422564E-5
-102.124902	-1.358986E-5
-102.104278	-1.311302E-5
-102.083655	-1.279513E-5
-102.063031	-1.247724E-5
-102.042407	-1.144409E-5
-102.021784	-1.017253E-5
-102.001160	-9.536743E-6
-101.980536	-9.059906E-6
-101.959913	-8.662542E-6
-101.939289	-8.026759E-6
-101.918666	-7.073085E-6
-101.898042	-6.675720E-6
-101.877418	-7.470449E-6
-101.856795	-7.390976E-6
-101.836171	-6.755193E-6
-101.815547	-5.960464E-6
-101.794924	-4.927317E-6
-101.774300	-4.847844E-6
-101.753676	-5.165736E-6
-101.733053	-4.450480E-6
-101.712429	-4.291534E-6
-101.691806	-4.212062E-6
-101.671182	-3.258387E-6
-101.650558	-2.940496E-6
-101.629935	-3.099442E-6
-101.609311	-2.702077E-6
-101.588687	-2.543132E-6
-101.568064	-2.384186E-6
-101.547440	-1.748403E-6
-101.526816	-2.066294E-6
-101.506193	-2.384186E-6
-101.485569	-2.225240E-6
-101.464945	-1.509984E-6
-101.444322	-7.947286E-7
-101.423698	-1.589457E-6
-101.403075	-1.271566E-6
-101.382451	-7.947286E-7
-101.361827	0.000000
-101.341204	5.563100E-7
-101.320580	3.973643E-7
-101.299956	-1.589457E-7
-101.279333	1.589457E-7
-101.258709	3.973643E-7
-101.238085	0.000000
-101.217462	4.768372E-7
-101.196838	1.271566E-6
-101.176215	1.192093E-6
-101.155591	7.947286E-7
-101.134967	1.033147E-6
-101.114344	1.192093E-6
-101.093720	1.112620E-6
-101.073096	1.668930E-6
-101.052473	1.271566E-6
-101.031849	1.192093E-6
-101.011225	1.430511E-6
-100.990602	1.589457E-6
-100.969978	9.536743E-7
-100.949355	1.192093E-6
-100.928731	3.973643E-7
-100.908107	6.357829E-7
-100.887484	8.742015E-7
-100.866860	1.430511E-6
-100.846236	1.509984E-6
-100.825613	1.033147E-6
-100.804989	1.589457E-6
-100.784365	1.986821E-6
-100.763742	1.589457E-6
-100.743118	1.827876E-6
-100.722494	1.827876E-6
-100.701871	2.622604E-6
-100.681247	1.986821E-6
-100.660624	1.986821E-6
-100.640000	1.589457E-6
-100.619376	1.430511E-6
-100.598753	1.509984E-6
-100.578129	2.463659E-6
-100.557505	2.622604E-6
-100.536882	1.907349E-6
-100.516258	2.145767E-6
-100.495634	2.066294E-6
-100.475011	1.827876E-6
-100.454387	1.986821E-6
-100.433764	2.066294E-6
-100.413140	1.351039E-6
-100.392516	1.271566E-6
-100.371893	1.589457E-6
-100.351269	2.304713E-6
-100.330645	2.781550E-6
-100.310022	1.668930E-6
-100.289398	1.430511E-6
-100.268774	1.907349E-6
-100.248151	1.589457E-6
-100.227527	1.986821E-6
-100.206904	1.986821E-6
-100.186280	1.986821E-6
-100.165656	1.192093E-6
-100.145033	1.351039E-6
-100.124409	2.145767E-6
-100.103785	2.463659E-6
-100.083162	1.668930E-6
-100.062538	1.271566E-6
-100.041914	1.033147E-6
-100.021291	1.033147E-6
