-143.000954	2.622604E-6
-142.980330	2.861023E-6
-142.959707	3.258387E-6
-142.939083	2.622604E-6
-142.918459	2.066294E-6
-142.897836	1.748403E-6
-142.877212	1.271566E-6
-142.856589	8.742015E-7
-142.835965	1.271566E-6
-142.815341	1.907349E-6
-142.794718	1.668930E-6
-142.774094	1.986821E-6
-142.753470	1.907349E-6
-142.732847	2.384186E-6
-142.712223	2.622604E-6
-142.691599	2.543132E-6
-142.670976	2.463659E-6
-142.650352	2.225240E-6
-142.629729	2.145767E-6
-142.609105	9.536743E-7
-142.588481	1.033147E-6
-142.567858	7.152557E-7
-142.547234	7.947286E-7
-142.526610	1.033147E-6
-142.505987	7.947286E-7
-142.485363	4.768372E-7
-142.464739	1.589457E-6
-142.444116	1.430511E-6
-142.423492	9.536743E-7
-142.402868	1.271566E-6
-142.382245	1.907349E-6
-142.361621	2.463659E-6
-142.340998	2.702077E-6
-142.320374	3.258387E-6
-142.299750	4.053116E-6
-142.279127	3.973643E-6
-142.258503	4.450480E-6
-142.237879	4.529953E-6
-142.217256	4.847844E-6
-142.196632	5.006790E-6
-142.176008	3.178914E-6
-142.155385	3.099442E-6
-142.134761	2.463659E-6
-142.114138	2.066294E-6
-142.093514	1.430511E-6
-142.072890	7.947286E-7
-142.052267	0.000000
-142.031643	-3.178914E-7
-142.011019	-7.947286E-8
-141.990396	7.947286E-7
-141.969772	4.768372E-7
-141.949148	2.384186E-7
-141.928525	3.178914E-7
-141.907901	6.357829E-7
-141.887278	1.351039E-6
-141.866654	2.225240E-6
-141.846030	2.622604E-6
-141.825407	2.940496E-6
-141.804783	1.827876E-6
-141.784159	1.907349E-6
-141.763536	1.589457E-6
-141.742912	2.066294E-6
-141.722288	7.947286E-7
-141.701665	2.384186E-7
-141.681041	-9.536743E-7
-141.660417	-2.145767E-6
-141.639794	-2.702077E-6
-141.619170	-4.291534E-6
-141.598547	-5.722046E-6
-141.577923	-5.404154E-6
-141.557299	-5.960464E-6
-141.536676	-6.437302E-6
-141.516052	-6.834666E-6
-141.495428	-6.914139E-6
-141.474805	-6.596247E-6
-141.454181	-5.086263E-6
-141.433557	-4.688899E-6
-141.412934	-4.609426E-6
-141.392310	-3.894170E-6
-141.371687	-2.384186E-6
-141.351063	-1.986821E-6
-141.330439	-2.384186E-6
-141.309816	-1.907349E-6
-141.289192	-1.112620E-6
-141.268568	-1.589457E-7
-141.247945	-6.357829E-7
-141.227321	-3.973643E-7
-141.206697	-5.563100E-7
-141.186074	-5.563100E-7
-141.165450	-5.563100E-7
-141.144827	-8.742015E-7
-141.124203	-1.986821E-6
-141.103579	-2.702077E-6
-141.082956	-4.053116E-6
-141.062332	-5.483627E-6
-141.041708	-5.483627E-6
-141.021085	-6.119410E-6
-141.000461	-6.755193E-6
-140.979837	-6.993612E-6
-140.959214	-7.073085E-6
-140.938590	-7.549922E-6
-140.917966	-8.106232E-6
-140.897343	-8.106232E-6
-140.876719	-6.278356E-6
-140.856096	-6.198883E-6
-140.835472	-6.357829E-6
-140.814848	-5.801519E-6
-140.794225	-5.960464E-6
-140.773601	-5.801519E-6
-140.752977	-7.549922E-6
-140.732354	-8.265177E-6
-140.711730	-9.934107E-6
-140.691106	-1.184146E-5
-140.670483	-1.486142E-5
-140.649859	-1.843770E-5
-140.629236	-2.082189E-5
-140.608612	-2.320608E-5
-140.587988	-2.654394E-5
-140.567365	-2.948443E-5
-140.546741	-3.131231E-5
-140.526117	-3.306071E-5
-140.505494	-3.409386E-5
-140.484870	-3.441175E-5
-140.464246	-3.377597E-5
-140.443623	-3.250440E-5
-140.422999	-3.035863E-5
-140.402376	-2.686183E-5
-140.381752	-2.320608E-5
-140.361128	-1.931190E-5
-140.340505	-1.374880E-5
-140.319881	-7.708867E-6
-140.299257	-2.384186E-6
-140.278634	2.543132E-6
-140.258010	8.742015E-6
-140.237386	1.470248E-5
-140.216763	1.986821E-5
-140.196139	2.479553E-5
-140.175515	2.853076E-5
-140.154892	3.186862E-5
-140.134268	3.480911E-5
-140.113645	3.703435E-5
-140.093021	3.957748E-5
-140.072397	4.100800E-5
-140.051774	4.180272E-5
-140.031150	4.235903E-5
-140.010526	4.204114E-5
-139.989903	4.164378E-5
-139.969279	4.013379E-5
-139.948655	3.806750E-5
-139.928032	3.536542E-5
-139.907408	3.178914E-5
-139.886785	2.805392E-5
-139.866161	2.495448E-5
-139.845537	2.272924E-5
-139.824914	1.931190E-5
-139.804290	1.549721E-5
-139.783666	1.279513E-5
-139.763043	1.041094E-5
-139.742419	8.106232E-6
-139.721795	6.278356E-6
-139.701172	5.006790E-6
-139.680548	2.622604E-6
-139.659925	1.033147E-6
-139.639301	-6.357829E-7
-139.618677	-1.271566E-6
-139.598054	-1.748403E-6
-139.577430	-2.384186E-6
-139.556806	-2.622604E-6
-139.536183	-3.417333E-6
-139.515559	-4.212062E-6
-139.494935	-4.768372E-6
-139.474312	-4.927317E-6
-139.453688	-5.324682E-6
-139.433064	-6.596247E-6
-139.412441	-7.947286E-6
-139.391817	-8.980433E-6
-139.371194	-9.298325E-6
-139.350570	-1.088778E-5
-139.329946	-1.128515E-5
-139.309323	-1.072884E-5
-139.288699	-1.128515E-5
-139.268075	-1.152356E-5
-139.247452	-1.200040E-5
-139.226828	-1.247724E-5
-139.206204	-1.200040E-5
-139.185581	-1.335144E-5
-139.164957	-1.438459E-5
-139.144334	-1.454353E-5
-139.123710	-1.525879E-5
-139.103086	-1.653035E-5
-139.082463	-1.764297E-5
-139.061839	-1.660983E-5
-139.041215	-1.668930E-5
-139.020592	-1.780192E-5
-138.999968	-1.716614E-5
-138.979344	-1.732508E-5
-138.958721	-1.756350E-5
-138.938097	-1.629194E-5
-138.917474	-1.541773E-5
-138.896850	-1.557668E-5
-138.876226	-1.430511E-5
-138.855603	-1.192093E-5
-138.834979	-1.025200E-5
-138.814355	-8.106232E-6
-138.793732	-5.960464E-6
-138.773108	-3.655752E-6
-138.752484	-2.463659E-6
-138.731861	5.563100E-7
-138.711237	4.371007E-6
-138.690613	7.788340E-6
-138.669990	1.056989E-5
-138.649366	1.255671E-5
-138.628743	1.486142E-5
-138.608119	1.732508E-5
-138.587495	1.843770E-5
-138.566872	1.907349E-5
-138.546248	1.939138E-5
-138.525624	2.002716E-5
-138.505001	1.970927E-5
-138.484377	1.867612E-5
-138.463753	1.748403E-5
-138.443130	1.573563E-5
-138.422506	1.358986E-5
-138.401883	1.160304E-5
-138.381259	9.616216E-6
-138.360635	7.152557E-6
-138.340012	5.006790E-6
-138.319388	2.225240E-6
-138.298764	7.152557E-7
-138.278141	-3.973643E-7
-138.257517	-1.986821E-6
-138.236893	-3.178914E-6
-138.216270	-3.814697E-6
-138.195646	-5.006790E-6
-138.175023	-6.039937E-6
-138.154399	-7.073085E-6
-138.133775	-6.834666E-6
-138.113152	-7.470449E-6
-138.092528	-8.742015E-6
-138.071904	-8.900960E-6
-138.051281	-8.742015E-6
-138.030657	-8.344650E-6
-138.010033	-8.026759E-6
-137.989410	-7.788340E-6
-137.968786	-7.390976E-6
-137.948162	-7.311503E-6
-137.927539	-6.675720E-6
-137.906915	-5.563100E-6
-137.886292	-4.847844E-6
-137.865668	-2.940496E-6
-137.845044	-1.430511E-6
-137.824421	-4.768372E-7
-137.803797	7.152557E-7
-137.783173	1.351039E-6
-137.762550	2.384186E-6
-137.741926	3.099442E-6
-137.721302	3.417333E-6
-137.700679	3.735224E-6
-137.680055	4.609426E-6
-137.659432	3.496806E-6
-137.638808	1.907349E-6
-137.618184	1.589457E-7
-137.597561	-1.033147E-6
-137.576937	-1.589457E-6
-137.556313	-2.861023E-6
-137.535690	-3.735224E-6
-137.515066	-4.768372E-6
-137.494442	-5.563100E-6
-137.473819	-6.278356E-6
-137.453195	-6.278356E-6
-137.432572	-7.390976E-6
-137.411948	-7.390976E-6
-137.391324	-5.960464E-6
-137.370701	-5.324682E-6
-137.350077	-5.563100E-6
-137.329453	-4.927317E-6
-137.308830	-4.450480E-6
-137.288206	-3.894170E-6
-137.267582	-2.861023E-6
-137.246959	-3.099442E-6
-137.226335	-2.702077E-6
-137.205712	-1.907349E-6
-137.185088	-1.748403E-6
-137.164464	-1.271566E-6
-137.143841	-8.742015E-7
-137.123217	-4.768372E-7
-137.102593	0.000000
-137.081970	-3.973643E-7
-137.061346	-3.973643E-7
-137.040722	-3.178914E-7
-137.020099	3.178914E-7
-136.999475	6.357829E-7
-136.978851	7.947286E-7
-136.958228	1.112620E-6
-136.937604	1.271566E-6
-136.916981	1.112620E-6
-136.896357	9.536743E-7
-136.875733	1.033147E-6
-136.855110	1.430511E-6
-136.834486	1.827876E-6
-136.813862	2.861023E-6
-136.793239	2.384186E-6
-136.772615	2.225240E-6
-136.751991	1.907349E-6
-136.731368	1.907349E-6
-136.710744	2.702077E-6
-136.690121	1.351039E-6
-136.669497	1.430511E-6
-136.648873	1.430511E-6
-136.628250	1.033147E-6
-136.607626	7.152557E-7
-136.587002	-6.357829E-7
-136.566379	-9.536743E-7
-136.545755	-1.668930E-6
-136.525131	-1.509984E-6
-136.504508	-2.066294E-6
-136.483884	-2.861023E-6
-136.463261	-3.099442E-6
-136.442637	-3.258387E-6
-136.422013	-3.814697E-6
-136.401390	-3.814697E-6
-136.380766	-3.019969E-6
-136.360142	-2.384186E-6
-136.339519	-2.384186E-6
-136.318895	-2.225240E-6
-136.298271	-1.509984E-6
-136.277648	-2.384186E-7
-136.257024	7.947286E-7
-136.236400	7.152557E-7
-136.215777	1.509984E-6
-136.195153	2.225240E-6
-136.174530	2.304713E-6
-136.153906	2.861023E-6
-136.133282	3.496806E-6
-136.112659	3.417333E-6
-136.092035	4.371007E-6
-136.071411	4.847844E-6
-136.050788	4.927317E-6
-136.030164	5.404154E-6
-136.009540	5.563100E-6
-135.988917	6.357829E-6
-135.968293	6.596247E-6
-135.947670	6.755193E-6
-135.927046	6.198883E-6
-135.906422	6.039937E-6
-135.885799	5.404154E-6
-135.865175	4.291534E-6
-135.844551	2.861023E-6
-135.823928	8.742015E-7
-135.803304	-8.742015E-7
-135.782680	-2.781550E-6
-135.762057	-4.212062E-6
-135.741433	-5.722046E-6
-135.720810	-7.073085E-6
-135.700186	-6.675720E-6
-135.679562	-6.993612E-6
-135.658939	-7.867813E-6
-135.638315	-7.867813E-6
-135.617691	-7.073085E-6
-135.597068	-5.642573E-6
-135.576444	-3.814697E-6
-135.555820	-3.178914E-6
-135.535197	-1.430511E-6
-135.514573	7.947286E-7
-135.493949	3.178914E-6
-135.473326	5.006790E-6
-135.452702	5.880992E-6
-135.432079	7.867813E-6
-135.411455	8.742015E-6
-135.390831	9.695689E-6
-135.370208	9.695689E-6
-135.349584	8.821487E-6
-135.328960	8.424123E-6
-135.308337	6.834666E-6
-135.287713	5.722046E-6
-135.267089	4.847844E-6
-135.246466	2.543132E-6
-135.225842	9.536743E-7
-135.205219	-1.430511E-6
-135.184595	-3.735224E-6
-135.163971	-5.324682E-6
-135.143348	-6.437302E-6
-135.122724	-6.993612E-6
-135.102100	-7.708867E-6
-135.081477	-9.059906E-6
-135.060853	-1.033147E-5
-135.040229	-1.017253E-5
-135.019606	-1.033147E-5
-134.998982	-8.900960E-6
-134.978359	-7.470449E-6
-134.957735	-5.801519E-6
-134.937111	-4.212062E-6
-134.916488	-2.304713E-6
-134.895864	-9.536743E-7
-134.875240	-7.947286E-8
-134.854617	1.351039E-6
-134.833993	2.861023E-6
-134.813369	4.132589E-6
-134.792746	5.006790E-6
-134.772122	5.324682E-6
-134.751498	5.086263E-6
-134.730875	3.894170E-6
-134.710251	4.053116E-6
-134.689628	3.258387E-6
-134.669004	2.384186E-6
-134.648380	3.973643E-7
-134.627757	-1.112620E-6
-134.607133	-2.384186E-6
-134.586509	-4.450480E-6
-134.565886	-6.596247E-6
-134.545262	-8.265177E-6
-134.524638	-9.457270E-6
-134.504015	-1.112620E-5
-134.483391	-1.207987E-5
-134.462768	-1.303355E-5
-134.442144	-1.343091E-5
-134.421520	-1.311302E-5
-134.400897	-1.311302E-5
-134.380273	-1.271566E-5
-134.359649	-1.192093E-5
-134.339026	-1.080831E-5
-134.318402	-8.265177E-6
-134.297778	-5.722046E-6
-134.277155	-3.973643E-6
-134.256531	-2.384186E-6
-134.235908	-1.192093E-6
-134.215284	3.178914E-7
-134.194660	2.145767E-6
-134.174037	4.927317E-6
-134.153413	6.278356E-6
-134.132789	7.390976E-6
-134.112166	7.549922E-6
-134.091542	6.993612E-6
-134.070918	6.357829E-6
-134.050295	5.245209E-6
-134.029671	3.576279E-6
-134.009047	2.304713E-6
-133.988424	7.152557E-7
-133.967800	-1.192093E-6
-133.947177	-2.622604E-6
-133.926553	-3.496806E-6
-133.905929	-4.688899E-6
-133.885306	-5.404154E-6
-133.864682	-5.722046E-6
-133.844058	-6.834666E-6
-133.823435	-6.357829E-6
-133.802811	-5.245209E-6
-133.782187	-5.483627E-6
-133.761564	-4.132589E-6
-133.740940	-2.940496E-6
-133.720317	-1.192093E-6
-133.699693	4.768372E-7
-133.679069	2.066294E-6
-133.658446	3.258387E-6
-133.637822	3.735224E-6
-133.617198	4.450480E-6
-133.596575	4.132589E-6
-133.575951	4.450480E-6
-133.555327	4.609426E-6
-133.534704	4.371007E-6
-133.514080	3.019969E-6
-133.493457	2.463659E-6
-133.472833	1.589457E-6
-133.452209	0.000000
-133.431586	-1.986821E-6
-133.410962	-3.099442E-6
-133.390338	-3.894170E-6
-133.369715	-5.324682E-6
-133.349091	-6.437302E-6
-133.328467	-7.152557E-6
-133.307844	-7.947286E-6
-133.287220	-8.821487E-6
-133.266596	-8.344650E-6
-133.245973	-7.311503E-6
-133.225349	-6.119410E-6
-133.204726	-5.404154E-6
-133.184102	-3.337860E-6
-133.163478	-2.066294E-6
-133.142855	-1.430511E-6
-133.122231	-7.947286E-8
-133.101607	1.509984E-6
-133.080984	2.781550E-6
-133.060360	2.940496E-6
-133.039736	3.894170E-6
-133.019113	2.622604E-6
-132.998489	2.861023E-6
-132.977866	2.066294E-6
-132.957242	1.033147E-6
-132.936618	-2.384186E-7
-132.915995	-1.589457E-7
-132.895371	-1.668930E-6
-132.874747	-1.351039E-6
-132.854124	-1.509984E-6
-132.833500	-3.019969E-6
-132.812876	-3.417333E-6
-132.792253	-3.973643E-6
-132.771629	-4.847844E-6
-132.751006	-4.847844E-6
-132.730382	-4.291534E-6
-132.709758	-3.417333E-6
-132.689135	-2.304713E-6
-132.668511	-2.066294E-6
-132.647887	-1.112620E-6
-132.627264	-3.973643E-7
-132.606640	1.509984E-6
-132.586016	2.861023E-6
-132.565393	4.371007E-6
-132.544769	5.642573E-6
-132.524145	7.152557E-6
-132.503522	8.344650E-6
-132.482898	8.185705E-6
-132.462275	7.947286E-6
-132.441651	7.629395E-6
-132.421027	7.470449E-6
-132.400404	6.834666E-6
-132.379780	5.960464E-6
-132.359156	4.371007E-6
-132.338533	2.543132E-6
-132.317909	7.152557E-7
-132.297285	-1.271566E-6
-132.276662	-2.781550E-6
-132.256038	-4.927317E-6
-132.235415	-6.198883E-6
-132.214791	-7.073085E-6
-132.194167	-6.834666E-6
-132.173544	-6.357829E-6
-132.152920	-5.642573E-6
-132.132296	-4.609426E-6
-132.111673	-2.543132E-6
-132.091049	-7.947286E-7
-132.070425	6.357829E-7
-132.049802	3.099442E-6
-132.029178	5.245209E-6
-132.008555	7.708867E-6
-131.987931	9.377797E-6
-131.967307	1.152356E-5
-131.946684	1.255671E-5
-131.926060	1.303355E-5
-131.905436	1.406670E-5
-131.884813	1.414617E-5
-131.864189	1.335144E-5
-131.843565	1.168251E-5
-131.822942	1.049042E-5
-131.802318	9.934107E-6
-131.781695	8.662542E-6
-131.761071	6.675720E-6
-131.740447	4.212062E-6
-131.719824	2.702077E-6
-131.699200	1.986821E-6
-131.678576	-3.973643E-7
-131.657953	-3.099442E-6
-131.637329	-4.291534E-6
-131.616705	-5.642573E-6
-131.596082	-7.470449E-6
-131.575458	-8.821487E-6
-131.554834	-9.457270E-6
-131.534211	-9.934107E-6
-131.513587	-9.934107E-6
-131.492964	-8.900960E-6
-131.472340	-8.265177E-6
-131.451716	-8.026759E-6
-131.431093	-7.311503E-6
-131.410469	-5.880992E-6
-131.389845	-4.291534E-6
-131.369222	-2.463659E-6
-131.348598	-1.509984E-6
-131.327974	-5.563100E-7
-131.307351	7.947286E-7
-131.286727	1.589457E-6
-131.266104	2.940496E-6
-131.245480	3.655752E-6
-131.224856	3.496806E-6
-131.204233	3.735224E-6
-131.183609	2.861023E-6
-131.162985	1.271566E-6
-131.142362	7.947286E-8
-131.121738	-1.192093E-6
-131.101114	-3.019969E-6
-131.080491	-4.291534E-6
-131.059867	-6.198883E-6
-131.039244	-8.503596E-6
-131.018620	-1.056989E-5
-130.997996	-1.231829E-5
-130.977373	-1.335144E-5
-130.956749	-1.414617E-5
-130.936125	-1.438459E-5
-130.915502	-1.509984E-5
-130.894878	-1.637141E-5
-130.874254	-1.629194E-5
-130.853631	-1.525879E-5
-130.833007	-1.422564E-5
-130.812383	-1.303355E-5
-130.791760	-1.223882E-5
-130.771136	-1.215935E-5
-130.750513	-1.152356E-5
-130.729889	-9.934107E-6
-130.709265	-7.867813E-6
-130.688642	-7.629395E-6
-130.668018	-7.549922E-6
-130.647394	-5.880992E-6
-130.626771	-5.245209E-6
-130.606147	-4.688899E-6
-130.585523	-5.722046E-6
-130.564900	-6.198883E-6
-130.544276	-6.834666E-6
-130.523653	-7.629395E-6
-130.503029	-9.059906E-6
-130.482405	-1.033147E-5
-130.461782	-1.279513E-5
-130.441158	-1.502037E-5
-130.420534	-1.565615E-5
-130.399911	-1.597404E-5
-130.379287	-1.732508E-5
-130.358663	-1.740456E-5
-130.338040	-1.756350E-5
-130.317416	-1.676877E-5
-130.296793	-1.557668E-5
-130.276169	-1.422564E-5
-130.255545	-1.184146E-5
-130.234922	-9.377797E-6
-130.214298	-6.834666E-6
-130.193674	-4.927317E-6
-130.173051	-2.622604E-6
-130.152427	-2.463659E-6
-130.131803	-4.609426E-6
-130.111180	-8.026759E-6
-130.090556	-1.160304E-5
-130.069932	-1.851718E-5
-130.049309	-2.725919E-5
-130.028685	-3.846486E-5
-130.008062	-5.014737E-5
-129.987438	-6.222725E-5
-129.966814	-7.454554E-5
-129.946191	-8.726120E-5
-129.925567	-9.926160E-5
-129.904943	-0.000110
-129.884320	-0.000118
-129.863696	-0.000125
-129.843072	-0.000128
-129.822449	-0.000128
-129.801825	-0.000126
-129.781202	-0.000118
-129.760578	-0.000106
-129.739954	-9.075801E-5
-129.719331	-7.375081E-5
-129.698707	-5.451838E-5
-129.678083	-3.337860E-5
-129.657460	-1.056989E-5
-129.636836	1.422564E-5
-129.616212	3.965696E-5
-129.595589	6.302198E-5
-129.574965	8.487701E-5
-129.554342	0.000105
-129.533718	0.000125
-129.513094	0.000142
-129.492471	0.000156
-129.471847	0.000166
-129.451223	0.000173
-129.430600	0.000179
-129.409976	0.000181
-129.389352	0.000177
-129.368729	0.000171
-129.348105	0.000163
-129.327481	0.000152
-129.306858	0.000140
-129.286234	0.000127
-129.265611	0.000113
-129.244987	9.950002E-5
-129.224363	8.543332E-5
-129.203740	7.239978E-5
-129.183116	5.920728E-5
-129.162492	4.641215E-5
-129.141869	3.520648E-5
-129.121245	2.535184E-5
-129.100621	1.621246E-5
-129.079998	8.265177E-6
-129.059374	1.192093E-6
-129.038751	-5.324682E-6
-129.018127	-1.192093E-5
-128.997503	-1.716614E-5
-128.976880	-2.066294E-5
-128.956256	-2.296766E-5
-128.935632	-2.551079E-5
-128.915009	-2.868970E-5
-128.894385	-3.051758E-5
-128.873761	-3.202756E-5
-128.853138	-3.385544E-5
-128.832514	-3.504753E-5
-128.811891	-3.496806E-5
-128.791267	-3.488859E-5
-128.770643	-3.488859E-5
-128.750020	-3.504753E-5
-128.729396	-3.544490E-5
-128.708772	-3.457069E-5
-128.688149	-3.306071E-5
-128.667525	-3.210704E-5
-128.646901	-3.250440E-5
-128.626278	-3.377597E-5
-128.605654	-3.425280E-5
-128.585030	-3.472964E-5
-128.564407	-3.663699E-5
-128.543783	-3.918012E-5
-128.523160	-4.132589E-5
-128.502536	-4.577637E-5
-128.481912	-4.998843E-5
-128.461289	-5.380313E-5
-128.440665	-5.714099E-5
-128.420041	-5.873044E-5
-128.399418	-6.055832E-5
-128.378794	-6.222725E-5
-128.358170	-6.286303E-5
-128.337547	-6.198883E-5
-128.316923	-6.008148E-5
-128.296300	-5.618731E-5
-128.275676	-5.173683E-5
-128.255052	-4.712741E-5
-128.234429	-4.164378E-5
-128.213805	-3.488859E-5
-128.193181	-2.606710E-5
-128.172558	-1.811981E-5
-128.151934	-1.025200E-5
-128.131310	-2.463659E-6
-128.110687	6.119410E-6
-128.090063	1.541773E-5
-128.069440	2.264977E-5
-128.048816	2.972285E-5
-128.028192	3.639857E-5
-128.007569	4.156431E-5
-127.986945	4.688899E-5
-127.966321	5.094210E-5
-127.945698	5.372365E-5
-127.925074	5.499522E-5
-127.904450	5.618731E-5
-127.883827	5.650520E-5
-127.863203	5.515416E-5
-127.842579	5.356471E-5
-127.821956	5.308787E-5
-127.801332	5.118052E-5
-127.780709	4.712741E-5
-127.760085	4.347165E-5
-127.739461	3.997485E-5
-127.718838	3.655752E-5
-127.698214	3.290176E-5
-127.677590	2.781550E-5
-127.656967	2.408028E-5
-127.636343	2.066294E-5
-127.615719	1.684825E-5
-127.595096	1.255671E-5
-127.574472	7.390976E-6
-127.553849	2.543132E-6
-127.533225	-7.152557E-7
-127.512601	-4.212062E-6
-127.491978	-7.470449E-6
-127.471354	-1.104673E-5
-127.450730	-1.470248E-5
-127.430107	-1.668930E-5
-127.409483	-1.780192E-5
-127.388859	-1.947085E-5
-127.368236	-2.121925E-5
-127.347612	-2.129873E-5
-127.326989	-2.106031E-5
-127.306365	-2.058347E-5
-127.285741	-1.955032E-5
-127.265118	-1.764297E-5
-127.244494	-1.732508E-5
-127.223870	-1.573563E-5
-127.203247	-1.343091E-5
-127.182623	-1.231829E-5
-127.161999	-1.017253E-5
-127.141376	-8.662542E-6
-127.120752	-7.947286E-6
-127.100128	-7.867813E-6
-127.079505	-7.311503E-6
-127.058881	-7.073085E-6
-127.038258	-7.390976E-6
-127.017634	-8.106232E-6
-126.997010	-8.026759E-6
-126.976387	-8.503596E-6
-126.955763	-9.218852E-6
-126.935139	-9.457270E-6
-126.914516	-9.536743E-6
-126.893892	-9.934107E-6
-126.873268	-9.536743E-6
-126.852645	-9.775162E-6
-126.832021	-8.344650E-6
-126.811398	-7.073085E-6
-126.790774	-7.073085E-6
-126.770150	-5.801519E-6
-126.749527	-4.450480E-6
-126.728903	-2.622604E-6
-126.708279	-7.152557E-7
-126.687656	1.192093E-6
-126.667032	1.827876E-6
-126.646408	2.861023E-6
-126.625785	4.291534E-6
-126.605161	4.609426E-6
-126.584538	5.006790E-6
-126.563914	5.404154E-6
-126.543290	5.165736E-6
-126.522667	4.927317E-6
-126.502043	4.053116E-6
-126.481419	3.337860E-6
-126.460796	2.066294E-6
-126.440172	7.947286E-7
-126.419548	-1.589457E-7
-126.398925	-2.145767E-6
-126.378301	-3.735224E-6
-126.357678	-4.927317E-6
-126.337054	-5.722046E-6
-126.316430	-7.470449E-6
-126.295807	-7.708867E-6
-126.275183	-8.662542E-6
-126.254559	-8.900960E-6
-126.233936	-9.616216E-6
-126.213312	-9.536743E-6
-126.192688	-1.017253E-5
-126.172065	-9.854635E-6
-126.151441	-8.265177E-6
-126.130817	-6.437302E-6
-126.110194	-4.688899E-6
-126.089570	-4.212062E-6
-126.068947	-1.827876E-6
-126.048323	6.357829E-7
-126.027699	2.145767E-6
-126.007076	3.655752E-6
-125.986452	4.053116E-6
-125.965828	5.324682E-6
-125.945205	6.914139E-6
-125.924581	8.185705E-6
-125.903957	7.470449E-6
-125.883334	8.026759E-6
-125.862710	8.265177E-6
-125.842087	8.185705E-6
-125.821463	8.106232E-6
-125.800839	7.867813E-6
-125.780216	6.834666E-6
-125.759592	6.357829E-6
-125.738968	5.563100E-6
-125.718345	4.847844E-6
-125.697721	3.576279E-6
-125.677097	2.622604E-6
-125.656474	2.145767E-6
-125.635850	2.463659E-6
-125.615227	2.463659E-6
-125.594603	1.827876E-6
-125.573979	1.033147E-6
-125.553356	7.947286E-7
-125.532732	-6.357829E-7
-125.512108	-1.589457E-6
-125.491485	-2.225240E-6
-125.470861	-2.940496E-6
-125.450237	-3.576279E-6
-125.429614	-3.655752E-6
-125.408990	-3.099442E-6
-125.388366	-2.861023E-6
-125.367743	-2.145767E-6
-125.347119	-1.192093E-6
-125.326496	-4.768372E-7
-125.305872	7.947286E-8
-125.285248	7.947286E-7
-125.264625	7.947286E-7
-125.244001	2.543132E-6
-125.223377	2.225240E-6
-125.202754	1.668930E-6
-125.182130	1.509984E-6
-125.161506	6.357829E-7
-125.140883	7.152557E-7
-125.120259	8.742015E-7
-125.099636	4.768372E-7
-125.079012	1.589457E-7
-125.058388	9.536743E-7
-125.037765	1.430511E-6
-125.017141	1.907349E-6
-124.996517	2.861023E-6
-124.975894	3.735224E-6
-124.955270	5.006790E-6
-124.934646	7.152557E-6
-124.914023	8.821487E-6
-124.893399	1.072884E-5
-124.872776	1.247724E-5
-124.852152	1.303355E-5
-124.831528	1.454353E-5
-124.810905	1.581510E-5
-124.790281	1.692772E-5
-124.769657	1.692772E-5
-124.749034	1.613299E-5
-124.728410	1.446406E-5
-124.707786	1.176198E-5
-124.687163	8.821487E-6
-124.666539	6.596247E-6
-124.645915	4.371007E-6
-124.625292	1.351039E-6
-124.604668	-2.622604E-6
-124.584045	-6.039937E-6
-124.563421	-8.980433E-6
-124.542797	-1.080831E-5
-124.522174	-1.366933E-5
-124.501550	-1.613299E-5
-124.480926	-1.796087E-5
-124.460303	-1.891454E-5
-124.439679	-1.907349E-5
-124.419055	-1.986821E-5
-124.398432	-2.010663E-5
-124.377808	-1.939138E-5
-124.357185	-1.851718E-5
-124.336561	-1.676877E-5
-124.315937	-1.398722E-5
-124.295314	-1.096725E-5
-124.274690	-8.106232E-6
-124.254066	-4.450480E-6
-124.233443	-1.351039E-6
-124.212819	3.019969E-6
-124.192195	6.437302E-6
-124.171572	1.009305E-5
-124.150948	1.200040E-5
-124.130325	1.343091E-5
-124.109701	1.525879E-5
-124.089077	1.549721E-5
-124.068454	1.422564E-5
-124.047830	1.390775E-5
-124.027206	1.160304E-5
-124.006583	8.344650E-6
-123.985959	5.801519E-6
-123.965335	1.748403E-6
-123.944712	-3.337860E-6
-123.924088	-7.470449E-6
-123.903464	-1.088778E-5
-123.882841	-1.478195E-5
-123.862217	-1.804034E-5
-123.841594	-2.090136E-5
-123.820970	-2.328555E-5
-123.800346	-2.511342E-5
-123.779723	-2.646446E-5
-123.759099	-2.861023E-5
-123.738475	-2.924601E-5
-123.717852	-2.773603E-5
-123.697228	-2.646446E-5
-123.676604	-2.495448E-5
-123.655981	-2.368291E-5
-123.635357	-2.153714E-5
-123.614734	-1.939138E-5
-123.594110	-1.605352E-5
-123.573486	-1.366933E-5
-123.552863	-1.009305E-5
-123.532239	-6.755193E-6
-123.511615	-4.609426E-6
-123.490992	-3.496806E-6
-123.470368	-1.509984E-6
-123.449744	1.589457E-7
-123.429121	1.509984E-6
-123.408497	2.304713E-6
-123.387874	3.576279E-6
-123.367250	3.973643E-6
-123.346626	4.529953E-6
-123.326003	3.735224E-6
-123.305379	3.417333E-6
-123.284755	3.178914E-6
-123.264132	3.337860E-6
-123.243508	2.145767E-6
-123.222884	2.225240E-6
-123.202261	3.178914E-6
-123.181637	3.814697E-6
-123.161013	4.371007E-6
-123.140390	4.291534E-6
-123.119766	4.847844E-6
-123.099143	5.880992E-6
-123.078519	6.198883E-6
-123.057895	5.801519E-6
-123.037272	5.880992E-6
-123.016648	5.722046E-6
-122.996024	5.324682E-6
-122.975401	5.642573E-6
-122.954777	5.642573E-6
-122.934153	4.847844E-6
-122.913530	3.576279E-6
-122.892906	2.702077E-6
-122.872283	2.066294E-6
-122.851659	1.351039E-6
-122.831035	4.768372E-7
-122.810412	-7.152557E-7
-122.789788	-2.225240E-6
-122.769164	-3.576279E-6
-122.748541	-3.735224E-6
-122.727917	-4.053116E-6
-122.707293	-5.006790E-6
-122.686670	-5.880992E-6
-122.666046	-5.722046E-6
-122.645423	-5.245209E-6
-122.624799	-5.324682E-6
-122.604175	-4.371007E-6
-122.583552	-3.099442E-6
-122.562928	-1.748403E-6
-122.542304	-7.152557E-7
-122.521681	7.947286E-7
-122.501057	3.099442E-6
-122.480433	3.178914E-6
-122.459810	3.894170E-6
-122.439186	5.086263E-6
-122.418562	6.119410E-6
-122.397939	6.675720E-6
-122.377315	7.708867E-6
-122.356692	8.503596E-6
-122.336068	9.139379E-6
-122.315444	8.980433E-6
-122.294821	9.616216E-6
-122.274197	9.854635E-6
-122.253573	9.775162E-6
-122.232950	9.616216E-6
-122.212326	8.106232E-6
-122.191702	6.437302E-6
-122.171079	5.642573E-6
-122.150455	5.404154E-6
-122.129832	4.927317E-6
-122.109208	3.973643E-6
-122.088584	2.622604E-6
-122.067961	2.304713E-6
-122.047337	2.940496E-6
-122.026713	3.576279E-6
-122.006090	3.496806E-6
-121.985466	4.609426E-6
-121.964842	5.086263E-6
-121.944219	6.119410E-6
-121.923595	6.516774E-6
-121.902972	8.503596E-6
-121.882348	9.616216E-6
-121.861724	1.064936E-5
-121.841101	1.064936E-5
-121.820477	1.033147E-5
-121.799853	1.064936E-5
-121.779230	1.088778E-5
-121.758606	1.041094E-5
-121.737982	1.064936E-5
-121.717359	1.001358E-5
-121.696735	1.041094E-5
-121.676111	1.072884E-5
-121.655488	1.041094E-5
-121.634864	1.112620E-5
-121.614241	1.088778E-5
-121.593617	1.160304E-5
-121.572993	1.247724E-5
-121.552370	1.358986E-5
-121.531746	1.478195E-5
-121.511122	1.573563E-5
-121.490499	1.653035E-5
-121.469875	1.676877E-5
-121.449251	1.621246E-5
-121.428628	1.756350E-5
-121.408004	1.819928E-5
-121.387381	1.827876E-5
-121.366757	1.819928E-5
-121.346133	1.796087E-5
-121.325510	1.811981E-5
-121.304886	1.772245E-5
-121.284262	1.684825E-5
-121.263639	1.637141E-5
-121.243015	1.613299E-5
-121.222391	1.470248E-5
-121.201768	1.311302E-5
-121.181144	1.184146E-5
-121.160521	1.184146E-5
-121.139897	1.144409E-5
-121.119273	1.056989E-5
-121.098650	8.980433E-6
-121.078026	8.424123E-6
-121.057402	6.675720E-6
-121.036779	5.086263E-6
-121.016155	3.894170E-6
-120.995531	2.543132E-6
-120.974908	1.668930E-6
-120.954284	1.351039E-6
-120.933661	-9.536743E-7
-120.913037	-2.781550E-6
-120.892413	-2.781550E-6
-120.871790	-3.814697E-6
-120.851166	-5.086263E-6
-120.830542	-5.722046E-6
-120.809919	-6.834666E-6
-120.789295	-7.311503E-6
-120.768671	-7.073085E-6
-120.748048	-7.311503E-6
-120.727424	-7.073085E-6
-120.706800	-7.232030E-6
-120.686177	-7.629395E-6
-120.665553	-7.788340E-6
-120.644930	-7.708867E-6
-120.624306	-8.026759E-6
-120.603682	-9.536743E-6
-120.583059	-1.041094E-5
-120.562435	-1.025200E-5
-120.541811	-1.144409E-5
-120.521188	-1.287460E-5
-120.500564	-1.509984E-5
-120.479940	-1.796087E-5
-120.459317	-1.931190E-5
-120.438693	-1.986821E-5
-120.418070	-2.177556E-5
-120.397446	-2.503395E-5
-120.376822	-2.829234E-5
-120.356199	-3.027916E-5
-120.335575	-3.290176E-5
-120.314951	-3.616015E-5
-120.294328	-3.711383E-5
-120.273704	-3.902117E-5
-120.253080	-3.973643E-5
-120.232457	-4.037221E-5
-120.211833	-4.084905E-5
-120.191210	-4.156431E-5
-120.170586	-4.100800E-5
-120.149962	-4.061063E-5
-120.129339	-4.100800E-5
-120.108715	-4.029274E-5
-120.088091	-3.870328E-5
-120.067468	-3.735224E-5
-120.046844	-3.608068E-5
-120.026220	-3.449122E-5
-120.005597	-3.337860E-5
-119.984973	-3.099442E-5
-119.964349	-2.940496E-5
-119.943726	-2.884865E-5
-119.923102	-2.805392E-5
-119.902479	-2.805392E-5
-119.881855	-2.956390E-5
-119.861231	-3.115336E-5
-119.840608	-3.314018E-5
-119.819984	-3.552437E-5
-119.799360	-3.806750E-5
-119.778737	-4.148483E-5
-119.758113	-4.442533E-5
-119.737489	-4.609426E-5
-119.716866	-4.696846E-5
-119.696242	-4.649162E-5
-119.675619	-4.466375E-5
-119.654995	-4.315376E-5
-119.634371	-4.092852E-5
-119.613748	-3.679593E-5
-119.593124	-3.321966E-5
-119.572500	-2.988180E-5
-119.551877	-2.789497E-5
-119.531253	-2.980232E-5
-119.510629	-3.465017E-5
-119.490006	-4.251798E-5
-119.469382	-5.491575E-5
-119.448759	-7.200241E-5
-119.428135	-9.584427E-5
-119.407511	-0.000127
-119.386888	-0.000161
-119.366264	-0.000198
-119.345640	-0.000236
-119.325017	-0.000274
-119.304393	-0.000313
-119.283769	-0.000349
-119.263146	-0.000380
-119.242522	-0.000404
-119.221898	-0.000420
-119.201275	-0.000427
-119.180651	-0.000423
-119.160028	-0.000403
-119.139404	-0.000371
-119.118780	-0.000327
-119.098157	-0.000270
-119.077533	-0.000202
-119.056909	-0.000127
-119.036286	-4.744530E-5
-119.015662	3.528595E-5
-118.995038	0.000119
-118.974415	0.000200
-118.953791	0.000279
-118.933168	0.000355
-118.912544	0.000422
-118.891920	0.000482
-118.871297	0.000532
-118.850673	0.000569
-118.830049	0.000596
-118.809426	0.000611
-118.788802	0.000615
-118.768178	0.000608
-118.747555	0.000590
-118.726931	0.000567
-118.706308	0.000537
-118.685684	0.000499
-118.665060	0.000456
-118.644437	0.000411
-118.623813	0.000365
-118.603189	0.000319
-118.582566	0.000273
-118.561942	0.000227
-118.541318	0.000183
-118.520695	0.000143
-118.500071	0.000104
-118.479447	6.747246E-5
-118.458824	3.536542E-5
-118.438200	8.026759E-6
-118.417577	-1.716614E-5
-118.396953	-4.124641E-5
-118.376329	-6.024043E-5
-118.355706	-7.557869E-5
-118.335082	-8.789698E-5
-118.314458	-9.806951E-5
-118.293835	-0.000107
-118.273211	-0.000112
-118.252587	-0.000116
-118.231964	-0.000120
-118.211340	-0.000121
-118.190717	-0.000121
-118.170093	-0.000121
-118.149469	-0.000118
-118.128846	-0.000114
-118.108222	-0.000112
-118.087598	-0.000109
-118.066975	-0.000105
-118.046351	-9.957949E-5
-118.025727	-9.465218E-5
-118.005104	-9.051959E-5
-117.984480	-8.559227E-5
-117.963857	-8.074443E-5
-117.943233	-7.494291E-5
-117.922609	-7.009506E-5
-117.901986	-6.604195E-5
-117.881362	-6.198883E-5
-117.860738	-5.809466E-5
-117.840115	-5.443891E-5
-117.819491	-5.078316E-5
-117.798867	-4.752477E-5
-117.778244	-4.410744E-5
-117.757620	-4.220009E-5
-117.736996	-3.918012E-5
-117.716373	-3.687541E-5
-117.695749	-3.488859E-5
-117.675126	-3.274282E-5
-117.654502	-3.043811E-5
-117.633878	-2.853076E-5
-117.613255	-2.670288E-5
-117.592631	-2.566973E-5
-117.572007	-2.360344E-5
-117.551384	-2.272924E-5
-117.530760	-2.241135E-5
-117.510136	-2.153714E-5
-117.489513	-2.066294E-5
-117.468889	-2.018611E-5
-117.448266	-2.002716E-5
-117.427642	-1.970927E-5
-117.407018	-1.970927E-5
-117.386395	-1.915296E-5
-117.365771	-1.843770E-5
-117.345147	-1.740456E-5
-117.324524	-1.732508E-5
-117.303900	-1.637141E-5
-117.283276	-1.613299E-5
-117.262653	-1.684825E-5
-117.242029	-1.700719E-5
-117.221406	-1.653035E-5
-117.200782	-1.494090E-5
-117.180158	-1.478195E-5
-117.159535	-1.470248E-5
-117.138911	-1.390775E-5
-117.118287	-1.311302E-5
-117.097664	-1.152356E-5
-117.077040	-1.049042E-5
-117.056416	-9.775162E-6
-117.035793	-7.232030E-6
-117.015169	-5.404154E-6
-116.994545	-2.781550E-6
-116.973922	7.947286E-8
-116.953298	1.351039E-6
-116.932675	2.066294E-6
-116.912051	3.496806E-6
-116.891427	4.927317E-6
-116.870804	5.165736E-6
-116.850180	5.165736E-6
-116.829556	5.324682E-6
-116.808933	4.053116E-6
-116.788309	3.019969E-6
-116.767685	1.827876E-6
-116.747062	7.947286E-7
-116.726438	-1.033147E-6
-116.705815	-3.178914E-6
-116.685191	-4.609426E-6
-116.664567	-5.483627E-6
-116.643944	-5.960464E-6
-116.623320	-7.073085E-6
-116.602696	-6.993612E-6
-116.582073	-6.675720E-6
-116.561449	-6.437302E-6
-116.540825	-6.914139E-6
-116.520202	-5.642573E-6
-116.499578	-5.165736E-6
-116.478955	-4.688899E-6
-116.458331	-4.450480E-6
-116.437707	-4.450480E-6
-116.417084	-3.814697E-6
-116.396460	-2.861023E-6
-116.375836	-1.827876E-6
-116.355213	-1.112620E-6
-116.334589	-7.152557E-7
-116.313965	-1.589457E-7
-116.293342	4.768372E-7
-116.272718	5.563100E-7
-116.252094	7.947286E-8
-116.231471	6.357829E-7
-116.210847	2.384186E-7
-116.190224	-3.973643E-7
-116.169600	-1.192093E-6
-116.148976	-2.225240E-6
-116.128353	-2.861023E-6
-116.107729	-3.973643E-6
-116.087105	-4.450480E-6
-116.066482	-4.609426E-6
-116.045858	-5.563100E-6
-116.025234	-6.596247E-6
-116.004611	-7.390976E-6
-115.983987	-6.278356E-6
-115.963364	-5.880992E-6
-115.942740	-5.642573E-6
-115.922116	-4.688899E-6
-115.901493	-2.463659E-6
-115.880869	-6.357829E-7
-115.860245	1.192093E-6
-115.839622	2.225240E-6
-115.818998	3.099442E-6
-115.798374	4.768372E-6
-115.777751	6.516774E-6
-115.757127	7.549922E-6
-115.736504	8.821487E-6
-115.715880	9.377797E-6
-115.695256	9.934107E-6
-115.674633	1.080831E-5
-115.654009	1.072884E-5
-115.633385	1.136462E-5
-115.612762	1.144409E-5
-115.592138	9.854635E-6
-115.571514	7.629395E-6
-115.550891	7.232030E-6
-115.530267	6.119410E-6
-115.509644	5.483627E-6
-115.489020	5.086263E-6
-115.468396	3.417333E-6
-115.447773	3.178914E-6
-115.427149	2.781550E-6
-115.406525	1.509984E-6
-115.385902	8.742015E-7
-115.365278	3.973643E-7
-115.344654	7.947286E-8
-115.324031	-3.973643E-7
-115.303407	-9.536743E-7
-115.282783	-2.145767E-6
-115.262160	-1.430511E-6
-115.241536	-1.192093E-6
-115.220913	-1.351039E-6
-115.200289	3.178914E-7
-115.179665	1.430511E-6
-115.159042	2.781550E-6
-115.138418	3.655752E-6
-115.117794	4.212062E-6
-115.097171	5.563100E-6
-115.076547	7.311503E-6
-115.055923	9.298325E-6
-115.035300	1.080831E-5
-115.014676	1.207987E-5
-114.994053	1.255671E-5
-114.973429	1.279513E-5
-114.952805	1.168251E-5
-114.932182	1.160304E-5
-114.911558	1.136462E-5
-114.890934	1.056989E-5
-114.870311	1.049042E-5
-114.849687	9.536743E-6
-114.829063	8.265177E-6
-114.808440	7.232030E-6
-114.787816	6.198883E-6
-114.767193	4.212062E-6
-114.746569	2.543132E-6
-114.725945	2.463659E-6
-114.705322	2.066294E-6
-114.684698	1.907349E-6
-114.664074	2.225240E-6
-114.643451	3.019969E-6
-114.622827	4.212062E-6
-114.602203	4.132589E-6
-114.581580	4.847844E-6
-114.560956	6.437302E-6
-114.540332	7.549922E-6
-114.519709	8.424123E-6
-114.499085	9.139379E-6
-114.478462	9.218852E-6
-114.457838	9.695689E-6
-114.437214	1.009305E-5
-114.416591	9.854635E-6
-114.395967	1.025200E-5
-114.375343	1.064936E-5
-114.354720	9.298325E-6
-114.334096	7.629395E-6
-114.313472	5.483627E-6
-114.292849	5.006790E-6
-114.272225	4.053116E-6
-114.251602	3.019969E-6
-114.230978	1.033147E-6
-114.210354	-6.357829E-7
-114.189731	-1.192093E-6
-114.169107	-2.622604E-6
-114.148483	-3.099442E-6
-114.127860	-4.291534E-6
-114.107236	-4.132589E-6
-114.086612	-3.417333E-6
-114.065989	-3.178914E-6
-114.045365	-2.066294E-6
-114.024742	-1.112620E-6
-114.004118	4.768372E-7
-113.983494	1.986821E-6
-113.962871	2.940496E-6
-113.942247	4.609426E-6
-113.921623	6.039937E-6
-113.901000	6.357829E-6
-113.880376	5.960464E-6
-113.859752	5.245209E-6
-113.839129	4.291534E-6
-113.818505	3.496806E-6
-113.797881	1.748403E-6
-113.777258	-7.152557E-7
-113.756634	-2.145767E-6
-113.736011	-4.291534E-6
-113.715387	-6.834666E-6
-113.694763	-9.139379E-6
-113.674140	-1.088778E-5
-113.653516	-1.231829E-5
-113.632892	-1.303355E-5
-113.612269	-1.478195E-5
-113.591645	-1.517932E-5
-113.571021	-1.557668E-5
-113.550398	-1.589457E-5
-113.529774	-1.597404E-5
-113.509151	-1.470248E-5
-113.488527	-1.366933E-5
-113.467903	-1.311302E-5
-113.447280	-1.184146E-5
-113.426656	-1.104673E-5
-113.406032	-1.080831E-5
-113.385409	-9.616216E-6
-113.364785	-8.503596E-6
-113.344161	-8.026759E-6
-113.323538	-7.390976E-6
-113.302914	-6.596247E-6
-113.282291	-5.801519E-6
-113.261667	-6.039937E-6
-113.241043	-5.960464E-6
-113.220420	-6.516774E-6
-113.199796	-6.914139E-6
-113.179172	-7.788340E-6
-113.158549	-9.059906E-6
-113.137925	-1.033147E-5
-113.117301	-1.104673E-5
-113.096678	-1.200040E-5
-113.076054	-1.327197E-5
-113.055430	-1.470248E-5
-113.034807	-1.573563E-5
-113.014183	-1.589457E-5
-112.993560	-1.629194E-5
-112.972936	-1.621246E-5
-112.952312	-1.621246E-5
-112.931689	-1.549721E-5
-112.911065	-1.502037E-5
-112.890441	-1.430511E-5
-112.869818	-1.319249E-5
-112.849194	-1.239777E-5
-112.828570	-1.080831E-5
-112.807947	-8.503596E-6
-112.787323	-5.324682E-6
-112.766700	-3.655752E-6
-112.746076	-1.827876E-6
-112.725452	-6.357829E-7
-112.704829	-5.563100E-7
-112.684205	-5.563100E-7
-112.663581	-1.192093E-6
-112.642958	-1.986821E-6
-112.622334	-3.655752E-6
-112.601710	-5.960464E-6
-112.581087	-7.549922E-6
-112.560463	-1.041094E-5
-112.539840	-1.303355E-5
-112.519216	-1.478195E-5
-112.498592	-1.613299E-5
-112.477969	-1.708666E-5
-112.457345	-1.899401E-5
-112.436721	-2.026558E-5
-112.416098	-2.106031E-5
-112.395474	-1.978874E-5
-112.374850	-1.827876E-5
-112.354227	-1.533826E-5
-112.333603	-1.255671E-5
-112.312979	-9.218852E-6
-112.292356	-6.834666E-6
-112.271732	-3.019969E-6
-112.251109	1.271566E-6
-112.230485	6.278356E-6
-112.209861	1.080831E-5
-112.189238	1.366933E-5
-112.168614	1.645088E-5
-112.147990	1.891454E-5
-112.127367	2.058347E-5
-112.106743	2.185504E-5
-112.086119	2.360344E-5
-112.065496	2.551079E-5
-112.044872	2.717972E-5
-112.024249	2.757708E-5
-112.003625	2.694130E-5
-111.983001	2.551079E-5
-111.962378	2.336502E-5
-111.941754	2.042452E-5
-111.921130	1.780192E-5
-111.900507	1.486142E-5
-111.879883	1.207987E-5
-111.859259	8.742015E-6
-111.838636	6.437302E-6
-111.818012	5.324682E-6
-111.797389	4.688899E-6
-111.776765	4.291534E-6
-111.756141	4.132589E-6
-111.735518	3.655752E-6
-111.714894	3.496806E-6
-111.694270	4.132589E-6
-111.673647	4.847844E-6
-111.653023	6.755193E-6
-111.632399	9.457270E-6
-111.611776	1.287460E-5
-111.591152	1.502037E-5
-111.570528	1.748403E-5
-111.549905	1.891454E-5
-111.529281	2.169609E-5
-111.508658	2.408028E-5
-111.488034	2.646446E-5
-111.467410	2.932549E-5
-111.446787	3.027916E-5
-111.426163	3.107389E-5
-111.405539	3.178914E-5
-111.384916	3.178914E-5
-111.364292	3.242493E-5
-111.343668	3.242493E-5
-111.323045	3.242493E-5
-111.302421	3.234545E-5
-111.281798	3.337860E-5
-111.261174	3.353755E-5
-111.240550	3.282229E-5
-111.219927	3.290176E-5
-111.199303	3.361702E-5
-111.178679	3.353755E-5
-111.158056	3.353755E-5
-111.137432	3.401438E-5
-111.116808	3.433228E-5
-111.096185	3.544490E-5
-111.075561	3.647804E-5
-111.054938	3.759066E-5
-111.034314	3.830592E-5
-111.013690	3.997485E-5
-110.993067	4.212062E-5
-110.972443	4.434586E-5
-110.951819	4.529953E-5
-110.931196	4.649162E-5
-110.910572	4.808108E-5
-110.889948	4.887581E-5
-110.869325	4.895528E-5
-110.848701	4.887581E-5
-110.828077	4.863739E-5
-110.807454	4.808108E-5
-110.786830	4.688899E-5
-110.766207	4.553795E-5
-110.745583	4.426638E-5
-110.724959	4.212062E-5
-110.704336	3.965696E-5
-110.683712	3.854434E-5
-110.663088	3.616015E-5
-110.642465	3.465017E-5
-110.621841	3.353755E-5
-110.601217	3.282229E-5
-110.580594	3.210704E-5
-110.559970	3.075600E-5
-110.539347	3.043811E-5
-110.518723	3.067652E-5
-110.498099	3.170967E-5
-110.477476	3.298124E-5
-110.456852	3.361702E-5
-110.436228	3.496806E-5
-110.415605	3.655752E-5
-110.394981	3.695488E-5
-110.374357	3.751119E-5
-110.353734	3.695488E-5
-110.333110	3.552437E-5
-110.312487	3.488859E-5
-110.291863	3.353755E-5
-110.271239	3.131231E-5
-110.250616	2.630552E-5
-110.229992	1.986821E-5
-110.209368	1.192093E-5
-110.188745	4.291534E-6
-110.168121	-2.861023E-6
-110.147497	-1.072884E-5
-110.126874	-1.804034E-5
-110.106250	-2.559026E-5
-110.085626	-3.361702E-5
-110.065003	-4.037221E-5
-110.044379	-4.585584E-5
-110.023756	-5.110105E-5
-110.003132	-5.578995E-5
-109.982508	-5.960464E-5
-109.961885	-6.214778E-5
-109.941261	-6.429354E-5
-109.920637	-6.723404E-5
-109.900014	-7.104874E-5
-109.879390	-7.462502E-5
-109.858766	-7.828077E-5
-109.838143	-8.185705E-5
-109.817519	-8.503596E-5
-109.796896	-8.757909E-5
-109.776272	-9.075801E-5
-109.755648	-9.489059E-5
-109.735025	-9.822845E-5
-109.714401	-0.000101
-109.693777	-0.000104
-109.673154	-0.000105
-109.652530	-0.000107
-109.631906	-0.000108
-109.611283	-0.000108
-109.590659	-0.000108
-109.570036	-0.000105
-109.549412	-0.000104
-109.528788	-0.000103
-109.508165	-0.000101
-109.487541	-9.743373E-5
-109.466917	-9.568532E-5
-109.446294	-9.544690E-5
-109.425670	-9.393692E-5
-109.405046	-9.377797E-5
-109.384423	-9.353956E-5
-109.363799	-9.353956E-5
-109.343176	-9.504954E-5
-109.322552	-9.735425E-5
-109.301928	-9.989738E-5
-109.281305	-0.000104
-109.260681	-0.000109
-109.240057	-0.000115
-109.219434	-0.000123
-109.198810	-0.000132
-109.178186	-0.000139
-109.157563	-0.000149
-109.136939	-0.000156
-109.116315	-0.000161
-109.095692	-0.000164
-109.075068	-0.000165
-109.054445	-0.000162
-109.033821	-0.000155
-109.013197	-0.000146
-108.992574	-0.000133
-108.971950	-0.000117
-108.951326	-0.000105
-108.930703	-9.632111E-5
-108.910079	-9.449323E-5
-108.889455	-0.000102
-108.868832	-0.000123
-108.848208	-0.000160
-108.827585	-0.000215
-108.806961	-0.000286
-108.786337	-0.000376
-108.765714	-0.000492
-108.745090	-0.000620
-108.724466	-0.000757
-108.703843	-0.000893
-108.683219	-0.001031
-108.662595	-0.001165
-108.641972	-0.001279
-108.621348	-0.001368
-108.600725	-0.001429
-108.580101	-0.001459
-108.559477	-0.001456
-108.538854	-0.001412
-108.518230	-0.001315
-108.497606	-0.001176
-108.476983	-0.000995
-108.456359	-0.000781
-108.435735	-0.000523
-108.415112	-0.000237
-108.394488	5.420049E-5
-108.373864	0.000349
-108.353241	0.000631
-108.332617	0.000917
-108.311994	0.001202
-108.291370	0.001459
-108.270746	0.001675
-108.250123	0.001846
-108.229499	0.001966
-108.208875	0.002053
-108.188252	0.002108
-108.167628	0.002127
-108.147004	0.002111
-108.126381	0.002053
-108.105757	0.001964
-108.085134	0.001850
-108.064510	0.001733
-108.043886	0.001590
-108.023263	0.001429
-108.002639	0.001256
-107.982015	0.001080
-107.961392	0.000911
-107.940768	0.000757
-107.920144	0.000611
-107.899521	0.000471
-107.878897	0.000341
-107.858274	0.000225
-107.837650	0.000122
-107.817026	2.749761E-5
-107.796403	-5.682309E-5
-107.775779	-0.000129
-107.755155	-0.000191
-107.734532	-0.000243
-107.713908	-0.000284
-107.693284	-0.000319
-107.672661	-0.000347
-107.652037	-0.000367
-107.631413	-0.000382
-107.610790	-0.000393
-107.590166	-0.000400
-107.569543	-0.000401
-107.548919	-0.000399
-107.528295	-0.000394
-107.507672	-0.000386
-107.487048	-0.000378
-107.466424	-0.000367
-107.445801	-0.000354
-107.425177	-0.000343
-107.404553	-0.000331
-107.383930	-0.000318
-107.363306	-0.000305
-107.342683	-0.000291
-107.322059	-0.000277
-107.301435	-0.000263
-107.280812	-0.000248
-107.260188	-0.000235
-107.239564	-0.000223
-107.218941	-0.000211
-107.198317	-0.000201
-107.177693	-0.000189
-107.157070	-0.000179
-107.136446	-0.000169
-107.115823	-0.000160
-107.095199	-0.000151
-107.074575	-0.000141
-107.053952	-0.000133
-107.033328	-0.000125
-107.012704	-0.000119
-106.992081	-0.000113
-106.971457	-0.000106
-106.950833	-0.000100
-106.930210	-9.385745E-5
-106.909586	-8.781751E-5
-106.888962	-8.281072E-5
-106.868339	-7.923444E-5
-106.847715	-7.406871E-5
-106.827092	-6.961823E-5
-106.806468	-6.524722E-5
-106.785844	-6.111463E-5
-106.765221	-5.801519E-5
-106.744597	-5.523364E-5
-106.723973	-5.189578E-5
-106.703350	-4.863739E-5
-106.682726	-4.577637E-5
-106.662102	-4.331271E-5
-106.641479	-4.124641E-5
-106.620855	-3.878276E-5
-106.600232	-3.639857E-5
-106.579608	-3.457069E-5
-106.558984	-3.242493E-5
-106.538361	-2.988180E-5
-106.517737	-2.797445E-5
-106.497113	-2.606710E-5
-106.476490	-2.535184E-5
-106.455866	-2.392133E-5
-106.435242	-2.241135E-5
-106.414619	-2.113978E-5
-106.393995	-1.978874E-5
-106.373372	-1.851718E-5
-106.352748	-1.788139E-5
-106.332124	-1.684825E-5
-106.311501	-1.605352E-5
-106.290877	-1.581510E-5
-106.270253	-1.438459E-5
-106.249630	-1.343091E-5
-106.229006	-1.271566E-5
-106.208382	-1.215935E-5
-106.187759	-1.192093E-5
-106.167135	-1.080831E-5
-106.146511	-9.854635E-6
-106.125888	-9.854635E-6
-106.105264	-8.742015E-6
-106.084641	-8.344650E-6
-106.064017	-9.059906E-6
-106.043393	-8.424123E-6
-106.022770	-7.708867E-6
-106.002146	-7.470449E-6
-105.981522	-6.516774E-6
-105.960899	-6.596247E-6
-105.940275	-6.437302E-6
-105.919651	-7.152557E-6
-105.899028	-6.278356E-6
-105.878404	-5.801519E-6
-105.857781	-5.006790E-6
-105.837157	-4.768372E-6
-105.816533	-4.688899E-6
-105.795910	-4.212062E-6
-105.775286	-4.212062E-6
-105.754662	-4.053116E-6
-105.734039	-3.735224E-6
-105.713415	-3.417333E-6
-105.692791	-2.622604E-6
-105.672168	-2.702077E-6
-105.651544	-2.940496E-6
-105.630921	-2.145767E-6
-105.610297	-1.986821E-6
-105.589673	-3.178914E-6
-105.569050	-3.337860E-6
-105.548426	-2.225240E-6
-105.527802	-2.940496E-6
-105.507179	-2.384186E-6
-105.486555	-1.907349E-6
-105.465931	-1.668930E-6
-105.445308	-1.748403E-6
-105.424684	-1.748403E-6
-105.404060	-1.351039E-6
-105.383437	-1.509984E-6
-105.362813	-6.357829E-7
-105.342190	-1.430511E-6
-105.321566	-1.351039E-6
-105.300942	-1.827876E-6
-105.280319	-1.509984E-6
-105.259695	-1.112620E-6
-105.239071	-1.430511E-6
-105.218448	-3.178914E-7
-105.197824	1.589457E-7
-105.177200	6.357829E-7
-105.156577	4.768372E-7
-105.135953	-4.768372E-7
-105.115330	-8.742015E-7
-105.094706	-1.112620E-6
-105.074082	-7.947286E-8
-105.053459	-1.589457E-7
-105.032835	0.000000
-105.012211	-3.973643E-7
-104.991588	-7.947286E-8
-104.970964	-7.947286E-8
-104.950340	-3.178914E-7
-104.929717	-6.357829E-7
-104.909093	-8.742015E-7
-104.888470	-7.947286E-8
-104.867846	9.536743E-7
-104.847222	6.357829E-7
-104.826599	0.000000
-104.805975	5.563100E-7
-104.785351	4.768372E-7
-104.764728	3.973643E-7
-104.744104	9.536743E-7
-104.723480	8.742015E-7
-104.702857	1.192093E-6
-104.682233	1.033147E-6
-104.661609	5.563100E-7
-104.640986	6.357829E-7
-104.620362	1.112620E-6
-104.599739	1.033147E-6
-104.579115	5.563100E-7
-104.558491	3.178914E-7
-104.537868	9.536743E-7
-104.517244	1.589457E-6
-104.496620	2.066294E-6
-104.475997	1.589457E-6
-104.455373	5.563100E-7
-104.434749	9.536743E-7
-104.414126	1.271566E-6
-104.393502	1.351039E-6
-104.372879	1.668930E-6
-104.352255	2.225240E-6
-104.331631	2.145767E-6
-104.311008	1.509984E-6
-104.290384	1.192093E-6
-104.269760	1.112620E-6
-104.249137	1.033147E-6
-104.228513	1.827876E-6
-104.207889	1.986821E-6
-104.187266	1.033147E-6
-104.166642	1.351039E-6
-104.146019	1.589457E-6
-104.125395	1.668930E-6
-104.104771	1.907349E-6
-104.084148	1.986821E-6
-104.063524	1.907349E-6
-104.042900	1.986821E-6
-104.022277	1.986821E-6
-104.001653	1.827876E-6
-103.981029	2.145767E-6
-103.960406	1.668930E-6
-103.939782	1.986821E-6
-103.919159	2.543132E-6
-103.898535	2.781550E-6
-103.877911	3.655752E-6
-103.857288	2.304713E-6
-103.836664	1.907349E-6
-103.816040	1.509984E-6
-103.795417	1.827876E-6
-103.774793	1.430511E-6
-103.754169	1.509984E-6
-103.733546	1.430511E-6
-103.712922	1.033147E-6
-103.692298	1.827876E-6
-103.671675	1.589457E-6
-103.651051	1.430511E-6
-103.630428	1.907349E-6
-103.609804	2.145767E-6
-103.589180	2.225240E-6
-103.568557	1.430511E-6
-103.547933	1.033147E-6
-103.527309	0.000000
-103.506686	2.384186E-7
-103.486062	7.947286E-7
-103.465438	7.947286E-7
-103.444815	5.563100E-7
-103.424191	3.178914E-7
-103.403568	1.589457E-7
-103.382944	-2.384186E-7
-103.362320	3.178914E-7
-103.341697	1.112620E-6
-103.321073	1.033147E-6
-103.300449	7.152557E-7
-103.279826	1.033147E-6
-103.259202	6.357829E-7
-103.238578	4.768372E-7
-103.217955	3.178914E-7
-103.197331	-4.768372E-7
-103.176708	-1.589457E-7
-103.156084	4.768372E-7
-103.135460	1.589457E-7
-103.114837	7.947286E-7
-103.094213	4.768372E-7
-103.073589	4.768372E-7
-103.052966	5.563100E-7
-103.032342	4.768372E-7
-103.011718	-3.973643E-7
-102.991095	-1.033147E-6
-102.970471	-7.947286E-7
-102.949847	7.947286E-8
-102.929224	-7.947286E-8
-102.908600	-3.973643E-7
-102.887977	1.589457E-7
-102.867353	1.589457E-7
-102.846729	0.000000
-102.826106	-2.384186E-7
-102.805482	-1.589457E-7
-102.784858	-2.384186E-7
-102.764235	-3.973643E-7
-102.743611	-4.768372E-7
-102.722987	-4.768372E-7
-102.702364	-7.947286E-7
-102.681740	-5.563100E-7
-102.661117	6.357829E-7
-102.640493	5.563100E-7
-102.619869	-8.742015E-7
-102.599246	-4.768372E-7
-102.578622	-3.973643E-7
-102.557998	0.000000
-102.537375	-7.947286E-8
-102.516751	4.768372E-7
-102.496127	3.178914E-7
-102.475504	-3.178914E-7
-102.454880	-4.768372E-7
-102.434257	-1.271566E-6
-102.413633	-5.563100E-7
-102.393009	-7.947286E-8
-102.372386	3.973643E-7
-102.351762	7.947286E-8
-102.331138	-2.384186E-7
-102.310515	3.178914E-7
-102.289891	-5.563100E-7
-102.269267	-1.827876E-6
-102.248644	-1.430511E-6
-102.228020	-8.742015E-7
-102.207396	-6.357829E-7
-102.186773	-4.768372E-7
-102.166149	-7.947286E-8
-102.145526	-1.589457E-7
-102.124902	-3.178914E-7
-102.104278	-2.384186E-7
-102.083655	-7.152557E-7
-102.063031	-3.178914E-7
-102.042407	-5.563100E-7
-102.021784	-4.768372E-7
-102.001160	7.947286E-8
-101.980536	-6.357829E-7
-101.959913	-1.192093E-6
-101.939289	-1.192093E-6
-101.918666	-4.768372E-7
-101.898042	-2.384186E-7
-101.877418	-4.768372E-7
-101.856795	-5.563100E-7
-101.836171	-8.742015E-7
-101.815547	-1.192093E-6
-101.794924	-1.509984E-6
-101.774300	-1.509984E-6
-101.753676	-1.351039E-6
-101.733053	-5.563100E-7
-101.712429	-1.112620E-6
-101.691806	3.178914E-7
-101.671182	-7.152557E-7
-101.650558	-2.384186E-7
-101.629935	3.973643E-7
-101.609311	2.384186E-7
-101.588687	2.384186E-7
-101.568064	7.947286E-8
-101.547440	1.589457E-7
-101.526816	-4.768372E-7
-101.506193	1.589457E-7
-101.485569	0.000000
-101.464945	-7.947286E-7
-101.444322	-4.768372E-7
-101.423698	-3.973643E-7
-101.403075	-3.973643E-7
-101.382451	-2.384186E-7
-101.361827	-7.947286E-7
-101.341204	-4.768372E-7
-101.320580	-3.178914E-7
-101.299956	-8.742015E-7
-101.279333	-1.589457E-7
-101.258709	-3.973643E-7
-101.238085	-7.947286E-7
-101.217462	-1.430511E-6
-101.196838	-1.192093E-6
-101.176215	-1.351039E-6
-101.155591	-1.112620E-6
-101.134967	-1.271566E-6
-101.114344	-1.033147E-6
-101.093720	-1.430511E-6
-101.073096	0.000000
-101.052473	3.178914E-7
-101.031849	5.563100E-7
-101.011225	1.589457E-7
-100.990602	-5.563100E-7
-100.969978	-4.768372E-7
-100.949355	-1.033147E-6
-100.928731	-1.589457E-7
-100.908107	0.000000
-100.887484	-7.947286E-8
-100.866860	5.563100E-7
-100.846236	1.033147E-6
-100.825613	1.033147E-6
-100.804989	1.033147E-6
-100.784365	2.384186E-7
-100.763742	-7.947286E-8
-100.743118	-7.947286E-7
-100.722494	-3.973643E-7
-100.701871	3.973643E-7
-100.681247	-6.357829E-7
-100.660624	-5.563100E-7
-100.640000	-8.742015E-7
-100.619376	-2.384186E-7
-100.598753	-2.384186E-7
-100.578129	2.384186E-7
-100.557505	2.384186E-7
-100.536882	7.947286E-8
-100.516258	4.768372E-7
-100.495634	3.178914E-7
-100.475011	-4.768372E-7
-100.454387	3.178914E-7
-100.433764	1.112620E-6
-100.413140	9.536743E-7
-100.392516	1.589457E-7
-100.371893	0.000000
-100.351269	6.357829E-7
-100.330645	2.384186E-7
-100.310022	-3.178914E-7
-100.289398	-7.152557E-7
-100.268774	-3.178914E-7
-100.248151	3.973643E-7
-100.227527	3.973643E-7
-100.206904	8.742015E-7
-100.186280	9.536743E-7
-100.165656	1.112620E-6
-100.145033	-7.947286E-8
-100.124409	-1.033147E-6
-100.103785	-7.947286E-7
-100.083162	-7.947286E-7
-100.062538	-1.589457E-7
-100.041914	1.589457E-7
-100.021291	3.178914E-7
