-143.000954	2.463659E-6
-142.980330	2.622604E-6
-142.959707	1.668930E-6
-142.939083	1.668930E-6
-142.918459	1.509984E-6
-142.897836	1.192093E-6
-142.877212	9.536743E-7
-142.856589	8.742015E-7
-142.835965	1.271566E-6
-142.815341	1.192093E-6
-142.794718	1.351039E-6
-142.774094	1.589457E-6
-142.753470	1.748403E-6
-142.732847	2.304713E-6
-142.712223	1.748403E-6
-142.691599	1.907349E-6
-142.670976	2.781550E-6
-142.650352	3.178914E-6
-142.629729	2.702077E-6
-142.609105	8.742015E-7
-142.588481	0.000000
-142.567858	3.178914E-7
-142.547234	4.768372E-7
-142.526610	1.589457E-7
-142.505987	-1.589457E-7
-142.485363	-3.178914E-7
-142.464739	-2.384186E-7
-142.444116	-2.384186E-7
-142.423492	4.768372E-7
-142.402868	2.225240E-6
-142.382245	2.543132E-6
-142.361621	2.384186E-6
-142.340998	2.463659E-6
-142.320374	2.622604E-6
-142.299750	3.019969E-6
-142.279127	4.053116E-6
-142.258503	4.529953E-6
-142.237879	4.609426E-6
-142.217256	5.165736E-6
-142.196632	4.529953E-6
-142.176008	3.576279E-6
-142.155385	3.337860E-6
-142.134761	3.337860E-6
-142.114138	2.861023E-6
-142.093514	2.463659E-6
-142.072890	9.536743E-7
-142.052267	6.357829E-7
-142.031643	8.742015E-7
-142.011019	1.271566E-6
-141.990396	1.589457E-6
-141.969772	1.112620E-6
-141.949148	1.351039E-6
-141.928525	1.351039E-6
-141.907901	1.351039E-6
-141.887278	2.781550E-6
-141.866654	2.145767E-6
-141.846030	2.066294E-6
-141.825407	2.702077E-6
-141.804783	2.543132E-6
-141.784159	2.781550E-6
-141.763536	1.907349E-6
-141.742912	1.827876E-6
-141.722288	1.033147E-6
-141.701665	-4.768372E-7
-141.681041	-1.033147E-6
-141.660417	-1.430511E-6
-141.639794	-2.622604E-6
-141.619170	-3.258387E-6
-141.598547	-4.927317E-6
-141.577923	-5.324682E-6
-141.557299	-5.722046E-6
-141.536676	-5.722046E-6
-141.516052	-6.596247E-6
-141.495428	-7.232030E-6
-141.474805	-7.073085E-6
-141.454181	-6.596247E-6
-141.433557	-6.278356E-6
-141.412934	-6.039937E-6
-141.392310	-3.814697E-6
-141.371687	-2.702077E-6
-141.351063	-1.509984E-6
-141.330439	-8.742015E-7
-141.309816	-3.973643E-7
-141.289192	1.589457E-7
-141.268568	1.112620E-6
-141.247945	1.668930E-6
-141.227321	1.430511E-6
-141.206697	7.947286E-7
-141.186074	6.357829E-7
-141.165450	-7.947286E-8
-141.144827	-8.742015E-7
-141.124203	-1.986821E-6
-141.103579	-2.781550E-6
-141.082956	-3.178914E-6
-141.062332	-4.132589E-6
-141.041708	-5.801519E-6
-141.021085	-7.311503E-6
-141.000461	-7.549922E-6
-140.979837	-7.867813E-6
-140.959214	-7.788340E-6
-140.938590	-8.742015E-6
-140.917966	-8.900960E-6
-140.897343	-7.947286E-6
-140.876719	-7.708867E-6
-140.856096	-6.993612E-6
-140.835472	-6.357829E-6
-140.814848	-6.039937E-6
-140.794225	-6.516774E-6
-140.773601	-6.516774E-6
-140.752977	-6.596247E-6
-140.732354	-8.424123E-6
-140.711730	-1.041094E-5
-140.691106	-1.192093E-5
-140.670483	-1.351039E-5
-140.649859	-1.573563E-5
-140.629236	-1.835823E-5
-140.608612	-2.050400E-5
-140.587988	-2.439817E-5
-140.567365	-2.678235E-5
-140.546741	-2.861023E-5
-140.526117	-3.107389E-5
-140.505494	-3.266335E-5
-140.484870	-3.345807E-5
-140.464246	-3.353755E-5
-140.443623	-3.226598E-5
-140.422999	-3.107389E-5
-140.402376	-2.916654E-5
-140.381752	-2.598763E-5
-140.361128	-2.233187E-5
-140.340505	-1.780192E-5
-140.319881	-1.303355E-5
-140.299257	-8.185705E-6
-140.278634	-2.463659E-6
-140.258010	3.258387E-6
-140.237386	7.788340E-6
-140.216763	1.279513E-5
-140.196139	1.796087E-5
-140.175515	2.392133E-5
-140.154892	2.805392E-5
-140.134268	3.186862E-5
-140.113645	3.480911E-5
-140.093021	3.719330E-5
-140.072397	3.965696E-5
-140.051774	4.092852E-5
-140.031150	4.164378E-5
-140.010526	4.243851E-5
-139.989903	4.116694E-5
-139.969279	3.989538E-5
-139.948655	3.925959E-5
-139.928032	3.759066E-5
-139.907408	3.512700E-5
-139.886785	3.266335E-5
-139.866161	2.908707E-5
-139.845537	2.638499E-5
-139.824914	2.336502E-5
-139.804290	1.970927E-5
-139.783666	1.676877E-5
-139.763043	1.358986E-5
-139.742419	1.223882E-5
-139.721795	9.854635E-6
-139.701172	7.549922E-6
-139.680548	6.039937E-6
-139.659925	5.086263E-6
-139.639301	3.258387E-6
-139.618677	1.589457E-6
-139.598054	6.357829E-7
-139.577430	7.947286E-8
-139.556806	-1.827876E-6
-139.536183	-2.066294E-6
-139.515559	-2.861023E-6
-139.494935	-4.609426E-6
-139.474312	-4.847844E-6
-139.453688	-4.768372E-6
-139.433064	-6.198883E-6
-139.412441	-7.152557E-6
-139.391817	-7.947286E-6
-139.371194	-9.377797E-6
-139.350570	-1.033147E-5
-139.329946	-9.934107E-6
-139.309323	-1.120567E-5
-139.288699	-1.104673E-5
-139.268075	-1.136462E-5
-139.247452	-1.239777E-5
-139.226828	-1.351039E-5
-139.206204	-1.430511E-5
-139.185581	-1.454353E-5
-139.164957	-1.406670E-5
-139.144334	-1.422564E-5
-139.123710	-1.494090E-5
-139.103086	-1.462301E-5
-139.082463	-1.549721E-5
-139.061839	-1.629194E-5
-139.041215	-1.684825E-5
-139.020592	-1.772245E-5
-138.999968	-1.780192E-5
-138.979344	-1.819928E-5
-138.958721	-1.804034E-5
-138.938097	-1.875559E-5
-138.917474	-1.796087E-5
-138.896850	-1.692772E-5
-138.876226	-1.533826E-5
-138.855603	-1.255671E-5
-138.834979	-1.215935E-5
-138.814355	-1.088778E-5
-138.793732	-8.424123E-6
-138.773108	-4.927317E-6
-138.752484	-2.543132E-6
-138.731861	0.000000
-138.711237	2.940496E-6
-138.690613	5.642573E-6
-138.669990	8.185705E-6
-138.649366	1.136462E-5
-138.628743	1.287460E-5
-138.608119	1.470248E-5
-138.587495	1.645088E-5
-138.566872	1.819928E-5
-138.546248	1.907349E-5
-138.525624	1.907349E-5
-138.505001	1.859665E-5
-138.484377	1.772245E-5
-138.463753	1.676877E-5
-138.443130	1.557668E-5
-138.422506	1.478195E-5
-138.401883	1.295408E-5
-138.381259	1.025200E-5
-138.360635	8.424123E-6
-138.340012	5.483627E-6
-138.319388	3.258387E-6
-138.298764	1.827876E-6
-138.278141	-1.589457E-7
-138.257517	-1.271566E-6
-138.236893	-2.304713E-6
-138.216270	-3.337860E-6
-138.195646	-5.165736E-6
-138.175023	-6.119410E-6
-138.154399	-6.834666E-6
-138.133775	-7.867813E-6
-138.113152	-7.549922E-6
-138.092528	-7.788340E-6
-138.071904	-8.265177E-6
-138.051281	-8.503596E-6
-138.030657	-8.662542E-6
-138.010033	-8.583069E-6
-137.989410	-8.185705E-6
-137.968786	-7.947286E-6
-137.948162	-7.152557E-6
-137.927539	-6.198883E-6
-137.906915	-5.483627E-6
-137.886292	-4.053116E-6
-137.865668	-3.814697E-6
-137.845044	-2.145767E-6
-137.824421	-7.947286E-8
-137.803797	1.192093E-6
-137.783173	2.066294E-6
-137.762550	2.781550E-6
-137.741926	3.258387E-6
-137.721302	3.417333E-6
-137.700679	3.735224E-6
-137.680055	3.178914E-6
-137.659432	2.384186E-6
-137.638808	1.748403E-6
-137.618184	3.973643E-7
-137.597561	-1.430511E-6
-137.576937	-2.940496E-6
-137.556313	-4.212062E-6
-137.535690	-4.768372E-6
-137.515066	-4.847844E-6
-137.494442	-5.404154E-6
-137.473819	-5.642573E-6
-137.453195	-6.039937E-6
-137.432572	-5.722046E-6
-137.411948	-6.119410E-6
-137.391324	-6.437302E-6
-137.370701	-6.278356E-6
-137.350077	-6.437302E-6
-137.329453	-6.039937E-6
-137.308830	-4.927317E-6
-137.288206	-4.132589E-6
-137.267582	-3.894170E-6
-137.246959	-3.099442E-6
-137.226335	-2.861023E-6
-137.205712	-1.509984E-6
-137.185088	-1.827876E-6
-137.164464	-1.589457E-6
-137.143841	-1.033147E-6
-137.123217	-1.509984E-6
-137.102593	-1.351039E-6
-137.081970	-9.536743E-7
-137.061346	-1.033147E-6
-137.040722	4.768372E-7
-137.020099	1.351039E-6
-136.999475	6.357829E-7
-136.978851	9.536743E-7
-136.958228	1.033147E-6
-136.937604	1.033147E-6
-136.916981	1.748403E-6
-136.896357	2.066294E-6
-136.875733	1.827876E-6
-136.855110	1.986821E-6
-136.834486	1.827876E-6
-136.813862	1.509984E-6
-136.793239	1.986821E-6
-136.772615	1.351039E-6
-136.751991	7.947286E-7
-136.731368	8.742015E-7
-136.710744	1.351039E-6
-136.690121	1.827876E-6
-136.669497	1.827876E-6
-136.648873	8.742015E-7
-136.628250	-7.947286E-8
-136.607626	-1.271566E-6
-136.587002	-2.145767E-6
-136.566379	-1.430511E-6
-136.545755	-1.351039E-6
-136.525131	-1.748403E-6
-136.504508	-1.986821E-6
-136.483884	-2.066294E-6
-136.463261	-2.861023E-6
-136.442637	-3.099442E-6
-136.422013	-3.099442E-6
-136.401390	-3.258387E-6
-136.380766	-2.940496E-6
-136.360142	-2.622604E-6
-136.339519	-2.145767E-6
-136.318895	-1.986821E-6
-136.298271	-2.304713E-6
-136.277648	-1.430511E-6
-136.257024	3.178914E-7
-136.236400	3.973643E-7
-136.215777	3.178914E-7
-136.195153	6.357829E-7
-136.174530	1.827876E-6
-136.153906	3.019969E-6
-136.133282	3.417333E-6
-136.112659	4.450480E-6
-136.092035	4.529953E-6
-136.071411	4.529953E-6
-136.050788	5.006790E-6
-136.030164	4.768372E-6
-136.009540	4.847844E-6
-135.988917	4.609426E-6
-135.968293	5.245209E-6
-135.947670	6.039937E-6
-135.927046	5.404154E-6
-135.906422	5.960464E-6
-135.885799	5.245209E-6
-135.865175	3.655752E-6
-135.844551	2.861023E-6
-135.823928	1.192093E-6
-135.803304	-2.384186E-7
-135.782680	-1.112620E-6
-135.762057	-2.622604E-6
-135.741433	-3.019969E-6
-135.720810	-3.576279E-6
-135.700186	-4.768372E-6
-135.679562	-6.119410E-6
-135.658939	-6.357829E-6
-135.638315	-6.119410E-6
-135.617691	-5.801519E-6
-135.597068	-5.404154E-6
-135.576444	-3.655752E-6
-135.555820	-2.066294E-6
-135.535197	-7.947286E-7
-135.514573	7.947286E-7
-135.493949	3.258387E-6
-135.473326	5.165736E-6
-135.452702	6.437302E-6
-135.432079	7.947286E-6
-135.411455	9.059906E-6
-135.390831	9.695689E-6
-135.370208	9.854635E-6
-135.349584	9.536743E-6
-135.328960	8.662542E-6
-135.308337	7.311503E-6
-135.287713	5.722046E-6
-135.267089	4.212062E-6
-135.246466	2.066294E-6
-135.225842	1.589457E-6
-135.205219	7.947286E-8
-135.184595	-1.748403E-6
-135.163971	-3.337860E-6
-135.143348	-4.132589E-6
-135.122724	-5.642573E-6
-135.102100	-7.867813E-6
-135.081477	-8.265177E-6
-135.060853	-8.106232E-6
-135.040229	-8.026759E-6
-135.019606	-8.503596E-6
-134.998982	-7.470449E-6
-134.978359	-6.437302E-6
-134.957735	-5.960464E-6
-134.937111	-4.212062E-6
-134.916488	-2.622604E-6
-134.895864	-2.384186E-6
-134.875240	-1.430511E-6
-134.854617	-1.589457E-7
-134.833993	1.192093E-6
-134.813369	2.543132E-6
-134.792746	3.019969E-6
-134.772122	3.099442E-6
-134.751498	3.417333E-6
-134.730875	3.894170E-6
-134.710251	3.337860E-6
-134.689628	2.702077E-6
-134.669004	1.986821E-6
-134.648380	5.563100E-7
-134.627757	-4.768372E-7
-134.607133	-1.748403E-6
-134.586509	-4.053116E-6
-134.565886	-6.516774E-6
-134.545262	-8.742015E-6
-134.524638	-1.056989E-5
-134.504015	-1.207987E-5
-134.483391	-1.319249E-5
-134.462768	-1.366933E-5
-134.442144	-1.398722E-5
-134.421520	-1.366933E-5
-134.400897	-1.279513E-5
-134.380273	-1.263618E-5
-134.359649	-1.088778E-5
-134.339026	-9.775162E-6
-134.318402	-8.344650E-6
-134.297778	-5.960464E-6
-134.277155	-4.132589E-6
-134.256531	-2.145767E-6
-134.235908	-2.384186E-7
-134.215284	1.668930E-6
-134.194660	2.940496E-6
-134.174037	3.973643E-6
-134.153413	4.768372E-6
-134.132789	5.006790E-6
-134.112166	4.609426E-6
-134.091542	4.688899E-6
-134.070918	4.768372E-6
-134.050295	3.973643E-6
-134.029671	3.576279E-6
-134.009047	1.748403E-6
-133.988424	-2.384186E-7
-133.967800	-2.225240E-6
-133.947177	-3.337860E-6
-133.926553	-3.496806E-6
-133.905929	-5.404154E-6
-133.885306	-6.596247E-6
-133.864682	-7.232030E-6
-133.844058	-7.073085E-6
-133.823435	-7.073085E-6
-133.802811	-6.993612E-6
-133.782187	-5.880992E-6
-133.761564	-4.450480E-6
-133.740940	-3.178914E-6
-133.720317	-1.509984E-6
-133.699693	3.973643E-7
-133.679069	2.384186E-6
-133.658446	3.814697E-6
-133.637822	3.576279E-6
-133.617198	3.894170E-6
-133.596575	4.291534E-6
-133.575951	4.847844E-6
-133.555327	4.927317E-6
-133.534704	4.053116E-6
-133.514080	3.417333E-6
-133.493457	2.463659E-6
-133.472833	1.271566E-6
-133.452209	-7.947286E-8
-133.431586	-2.304713E-6
-133.410962	-3.576279E-6
-133.390338	-4.371007E-6
-133.369715	-6.198883E-6
-133.349091	-7.708867E-6
-133.328467	-8.424123E-6
-133.307844	-8.503596E-6
-133.287220	-8.503596E-6
-133.266596	-6.834666E-6
-133.245973	-7.788340E-6
-133.225349	-6.755193E-6
-133.204726	-4.053116E-6
-133.184102	-3.576279E-6
-133.163478	-2.781550E-6
-133.142855	-1.351039E-6
-133.122231	-7.947286E-8
-133.101607	1.192093E-6
-133.080984	2.145767E-6
-133.060360	2.384186E-6
-133.039736	2.463659E-6
-133.019113	2.702077E-6
-132.998489	2.940496E-6
-132.977866	2.066294E-6
-132.957242	2.145767E-6
-132.936618	1.192093E-6
-132.915995	7.152557E-7
-132.895371	1.589457E-7
-132.874747	-7.152557E-7
-132.854124	-2.225240E-6
-132.833500	-2.861023E-6
-132.812876	-4.053116E-6
-132.792253	-4.529953E-6
-132.771629	-4.847844E-6
-132.751006	-4.212062E-6
-132.730382	-3.894170E-6
-132.709758	-3.496806E-6
-132.689135	-3.178914E-6
-132.668511	-2.225240E-6
-132.647887	-3.973643E-7
-132.627264	1.033147E-6
-132.606640	1.827876E-6
-132.586016	3.814697E-6
-132.565393	4.847844E-6
-132.544769	6.198883E-6
-132.524145	6.993612E-6
-132.503522	8.185705E-6
-132.482898	1.025200E-5
-132.462275	9.934107E-6
-132.441651	9.934107E-6
-132.421027	9.298325E-6
-132.400404	8.503596E-6
-132.379780	7.073085E-6
-132.359156	5.960464E-6
-132.338533	4.053116E-6
-132.317909	1.351039E-6
-132.297285	-9.536743E-7
-132.276662	-3.417333E-6
-132.256038	-5.642573E-6
-132.235415	-6.357829E-6
-132.214791	-7.073085E-6
-132.194167	-7.708867E-6
-132.173544	-8.026759E-6
-132.152920	-6.755193E-6
-132.132296	-4.291534E-6
-132.111673	-3.973643E-6
-132.091049	-2.861023E-6
-132.070425	-6.357829E-7
-132.049802	2.066294E-6
-132.029178	5.483627E-6
-132.008555	8.821487E-6
-131.987931	1.104673E-5
-131.967307	1.231829E-5
-131.946684	1.327197E-5
-131.926060	1.462301E-5
-131.905436	1.430511E-5
-131.884813	1.390775E-5
-131.864189	1.351039E-5
-131.843565	1.263618E-5
-131.822942	1.200040E-5
-131.802318	1.049042E-5
-131.781695	8.900960E-6
-131.761071	7.152557E-6
-131.740447	4.371007E-6
-131.719824	2.225240E-6
-131.699200	4.768372E-7
-131.678576	-1.589457E-6
-131.657953	-3.655752E-6
-131.637329	-5.165736E-6
-131.616705	-7.152557E-6
-131.596082	-7.629395E-6
-131.575458	-9.536743E-6
-131.554834	-1.064936E-5
-131.534211	-1.104673E-5
-131.513587	-1.056989E-5
-131.492964	-1.049042E-5
-131.472340	-9.934107E-6
-131.451716	-7.947286E-6
-131.431093	-6.516774E-6
-131.410469	-5.563100E-6
-131.389845	-3.814697E-6
-131.369222	-1.986821E-6
-131.348598	-2.384186E-7
-131.327974	1.112620E-6
-131.307351	1.907349E-6
-131.286727	3.496806E-6
-131.266104	5.722046E-6
-131.245480	6.039937E-6
-131.224856	5.642573E-6
-131.204233	4.847844E-6
-131.183609	3.973643E-6
-131.162985	2.702077E-6
-131.142362	1.271566E-6
-131.121738	-1.589457E-7
-131.101114	-2.384186E-6
-131.080491	-4.529953E-6
-131.059867	-7.390976E-6
-131.039244	-8.344650E-6
-131.018620	-1.056989E-5
-130.997996	-1.215935E-5
-130.977373	-1.462301E-5
-130.956749	-1.486142E-5
-130.936125	-1.621246E-5
-130.915502	-1.732508E-5
-130.894878	-1.653035E-5
-130.874254	-1.708666E-5
-130.853631	-1.764297E-5
-130.833007	-1.708666E-5
-130.812383	-1.462301E-5
-130.791760	-1.430511E-5
-130.771136	-1.343091E-5
-130.750513	-1.144409E-5
-130.729889	-9.059906E-6
-130.709265	-7.390976E-6
-130.688642	-5.960464E-6
-130.668018	-5.563100E-6
-130.647394	-5.006790E-6
-130.626771	-4.847844E-6
-130.606147	-4.132589E-6
-130.585523	-2.940496E-6
-130.564900	-3.973643E-6
-130.544276	-6.198883E-6
-130.523653	-6.834666E-6
-130.503029	-7.947286E-6
-130.482405	-1.025200E-5
-130.461782	-1.319249E-5
-130.441158	-1.533826E-5
-130.420534	-1.724561E-5
-130.399911	-1.811981E-5
-130.379287	-1.923243E-5
-130.358663	-2.010663E-5
-130.338040	-1.978874E-5
-130.317416	-1.947085E-5
-130.296793	-1.796087E-5
-130.276169	-1.502037E-5
-130.255545	-1.207987E-5
-130.234922	-1.009305E-5
-130.214298	-6.596247E-6
-130.193674	-4.212062E-6
-130.173051	-3.099442E-6
-130.152427	-2.543132E-6
-130.131803	-3.178914E-6
-130.111180	-4.768372E-6
-130.090556	-8.026759E-6
-130.069932	-1.239777E-5
-130.049309	-1.962980E-5
-130.028685	-2.956390E-5
-130.008062	-4.132589E-5
-129.987438	-5.340576E-5
-129.966814	-6.572405E-5
-129.946191	-7.923444E-5
-129.925567	-9.218852E-5
-129.904943	-0.000104
-129.884320	-0.000114
-129.863696	-0.000123
-129.843072	-0.000128
-129.822449	-0.000131
-129.801825	-0.000130
-129.781202	-0.000125
-129.760578	-0.000116
-129.739954	-0.000105
-129.719331	-8.972486E-5
-129.698707	-7.184347E-5
-129.678083	-5.229314E-5
-129.657460	-3.012021E-5
-129.636836	-4.847844E-6
-129.616212	2.106031E-5
-129.595589	4.665057E-5
-129.574965	7.065137E-5
-129.554342	9.393692E-5
-129.533718	0.000115
-129.513094	0.000135
-129.492471	0.000151
-129.471847	0.000163
-129.451223	0.000171
-129.430600	0.000177
-129.409976	0.000180
-129.389352	0.000178
-129.368729	0.000174
-129.348105	0.000168
-129.327481	0.000160
-129.306858	0.000149
-129.286234	0.000136
-129.265611	0.000123
-129.244987	0.000110
-129.224363	9.624163E-5
-129.203740	8.281072E-5
-129.183116	6.890297E-5
-129.162492	5.563100E-5
-129.141869	4.355113E-5
-129.121245	3.210704E-5
-129.100621	2.185504E-5
-129.079998	1.343091E-5
-129.059374	6.198883E-6
-129.038751	-1.509984E-6
-129.018127	-8.106232E-6
-128.997503	-1.343091E-5
-128.976880	-1.756350E-5
-128.956256	-2.121925E-5
-128.935632	-2.431870E-5
-128.915009	-2.702077E-5
-128.894385	-2.964338E-5
-128.873761	-3.194809E-5
-128.853138	-3.306071E-5
-128.832514	-3.425280E-5
-128.811891	-3.504753E-5
-128.791267	-3.488859E-5
-128.770643	-3.488859E-5
-128.750020	-3.465017E-5
-128.729396	-3.449122E-5
-128.708772	-3.393491E-5
-128.688149	-3.210704E-5
-128.667525	-3.155073E-5
-128.646901	-3.075600E-5
-128.626278	-3.131231E-5
-128.605654	-3.274282E-5
-128.585030	-3.393491E-5
-128.564407	-3.584226E-5
-128.543783	-3.822645E-5
-128.523160	-4.180272E-5
-128.502536	-4.553795E-5
-128.481912	-4.895528E-5
-128.461289	-5.316734E-5
-128.440665	-5.753835E-5
-128.420041	-6.016095E-5
-128.399418	-6.254514E-5
-128.378794	-6.278356E-5
-128.358170	-6.175041E-5
-128.337547	-6.016095E-5
-128.316923	-5.865097E-5
-128.296300	-5.674362E-5
-128.275676	-5.364418E-5
-128.255052	-4.816055E-5
-128.234429	-4.235903E-5
-128.213805	-3.552437E-5
-128.193181	-2.757708E-5
-128.172558	-1.923243E-5
-128.151934	-1.056989E-5
-128.131310	-2.304713E-6
-128.110687	4.609426E-6
-128.090063	1.176198E-5
-128.069440	2.082189E-5
-128.048816	2.916654E-5
-128.028192	3.536542E-5
-128.007569	4.100800E-5
-127.986945	4.537900E-5
-127.966321	4.927317E-5
-127.945698	5.181630E-5
-127.925074	5.396207E-5
-127.904450	5.626678E-5
-127.883827	5.698204E-5
-127.863203	5.642573E-5
-127.842579	5.578995E-5
-127.821956	5.435944E-5
-127.801332	5.165736E-5
-127.780709	4.903475E-5
-127.760085	4.633268E-5
-127.739461	4.251798E-5
-127.718838	3.862381E-5
-127.698214	3.512700E-5
-127.677590	3.019969E-5
-127.656967	2.566973E-5
-127.636343	2.169609E-5
-127.615719	1.692772E-5
-127.595096	1.303355E-5
-127.574472	8.344650E-6
-127.553849	3.258387E-6
-127.533225	-8.742015E-7
-127.512601	-4.927317E-6
-127.491978	-8.265177E-6
-127.471354	-1.120567E-5
-127.450730	-1.351039E-5
-127.430107	-1.509984E-5
-127.409483	-1.692772E-5
-127.388859	-1.859665E-5
-127.368236	-2.050400E-5
-127.347612	-2.113978E-5
-127.326989	-2.137820E-5
-127.306365	-2.002716E-5
-127.285741	-1.955032E-5
-127.265118	-1.827876E-5
-127.244494	-1.692772E-5
-127.223870	-1.541773E-5
-127.203247	-1.486142E-5
-127.182623	-1.136462E-5
-127.161999	-9.457270E-6
-127.141376	-8.980433E-6
-127.120752	-8.026759E-6
-127.100128	-7.708867E-6
-127.079505	-7.152557E-6
-127.058881	-6.914139E-6
-127.038258	-7.152557E-6
-127.017634	-8.106232E-6
-126.997010	-7.867813E-6
-126.976387	-7.947286E-6
-126.955763	-8.742015E-6
-126.935139	-9.536743E-6
-126.914516	-9.695689E-6
-126.893892	-9.934107E-6
-126.873268	-9.218852E-6
-126.852645	-9.854635E-6
-126.832021	-8.980433E-6
-126.811398	-8.106232E-6
-126.790774	-6.516774E-6
-126.770150	-5.324682E-6
-126.749527	-3.814697E-6
-126.728903	-1.827876E-6
-126.708279	-3.178914E-7
-126.687656	1.907349E-6
-126.667032	4.053116E-6
-126.646408	5.404154E-6
-126.625785	5.960464E-6
-126.605161	5.880992E-6
-126.584538	6.039937E-6
-126.563914	6.675720E-6
-126.543290	6.993612E-6
-126.522667	5.642573E-6
-126.502043	3.973643E-6
-126.481419	3.337860E-6
-126.460796	2.543132E-6
-126.440172	8.742015E-7
-126.419548	-1.192093E-6
-126.398925	-3.178914E-6
-126.378301	-5.245209E-6
-126.357678	-6.755193E-6
-126.337054	-8.583069E-6
-126.316430	-1.033147E-5
-126.295807	-1.200040E-5
-126.275183	-1.279513E-5
-126.254559	-1.343091E-5
-126.233936	-1.247724E-5
-126.213312	-1.136462E-5
-126.192688	-1.001358E-5
-126.172065	-9.377797E-6
-126.151441	-8.424123E-6
-126.130817	-6.198883E-6
-126.110194	-3.973643E-6
-126.089570	-2.145767E-6
-126.068947	-3.973643E-7
-126.048323	1.351039E-6
-126.027699	2.463659E-6
-126.007076	3.894170E-6
-125.986452	4.927317E-6
-125.965828	6.437302E-6
-125.945205	7.708867E-6
-125.924581	9.298325E-6
-125.903957	9.695689E-6
-125.883334	8.742015E-6
-125.862710	8.583069E-6
-125.842087	9.059906E-6
-125.821463	8.821487E-6
-125.800839	8.106232E-6
-125.780216	7.311503E-6
-125.759592	6.755193E-6
-125.738968	7.152557E-6
-125.718345	6.357829E-6
-125.697721	5.642573E-6
-125.677097	5.245209E-6
-125.656474	4.291534E-6
-125.635850	2.861023E-6
-125.615227	2.145767E-6
-125.594603	1.589457E-6
-125.573979	5.563100E-7
-125.553356	-7.947286E-8
-125.532732	-1.351039E-6
-125.512108	-1.907349E-6
-125.491485	-2.543132E-6
-125.470861	-2.861023E-6
-125.450237	-3.417333E-6
-125.429614	-3.735224E-6
-125.408990	-3.576279E-6
-125.388366	-3.576279E-6
-125.367743	-2.861023E-6
-125.347119	-1.907349E-6
-125.326496	-1.589457E-6
-125.305872	-7.947286E-7
-125.285248	-4.768372E-7
-125.264625	3.178914E-7
-125.244001	7.152557E-7
-125.223377	1.271566E-6
-125.202754	1.509984E-6
-125.182130	1.430511E-6
-125.161506	1.351039E-6
-125.140883	1.589457E-6
-125.120259	1.827876E-6
-125.099636	1.509984E-6
-125.079012	1.589457E-7
-125.058388	3.178914E-7
-125.037765	1.589457E-6
-125.017141	2.781550E-6
-124.996517	4.371007E-6
-124.975894	4.847844E-6
-124.955270	6.357829E-6
-124.934646	8.821487E-6
-124.914023	1.072884E-5
-124.893399	1.215935E-5
-124.872776	1.319249E-5
-124.852152	1.533826E-5
-124.831528	1.621246E-5
-124.810905	1.724561E-5
-124.790281	1.859665E-5
-124.769657	1.939138E-5
-124.749034	1.804034E-5
-124.728410	1.565615E-5
-124.707786	1.358986E-5
-124.687163	1.120567E-5
-124.666539	7.629395E-6
-124.645915	4.609426E-6
-124.625292	7.947286E-7
-124.604668	-3.337860E-6
-124.584045	-6.914139E-6
-124.563421	-1.025200E-5
-124.542797	-1.279513E-5
-124.522174	-1.637141E-5
-124.501550	-1.899401E-5
-124.480926	-2.058347E-5
-124.460303	-2.129873E-5
-124.439679	-2.288818E-5
-124.419055	-2.344449E-5
-124.398432	-2.312660E-5
-124.377808	-2.169609E-5
-124.357185	-2.074242E-5
-124.336561	-1.819928E-5
-124.315937	-1.541773E-5
-124.295314	-1.271566E-5
-124.274690	-9.059906E-6
-124.254066	-5.642573E-6
-124.233443	-1.351039E-6
-124.212819	2.702077E-6
-124.192195	5.960464E-6
-124.171572	9.457270E-6
-124.150948	1.247724E-5
-124.130325	1.454353E-5
-124.109701	1.708666E-5
-124.089077	1.724561E-5
-124.068454	1.748403E-5
-124.047830	1.613299E-5
-124.027206	1.390775E-5
-124.006583	9.854635E-6
-123.985959	4.927317E-6
-123.965335	1.033147E-6
-123.944712	-3.496806E-6
-123.924088	-7.629395E-6
-123.903464	-1.215935E-5
-123.882841	-1.811981E-5
-123.862217	-2.320608E-5
-123.841594	-2.662341E-5
-123.820970	-2.916654E-5
-123.800346	-3.131231E-5
-123.779723	-3.210704E-5
-123.759099	-3.210704E-5
-123.738475	-3.147125E-5
-123.717852	-3.067652E-5
-123.697228	-2.924601E-5
-123.676604	-2.773603E-5
-123.655981	-2.566973E-5
-123.635357	-2.288818E-5
-123.614734	-2.010663E-5
-123.594110	-1.684825E-5
-123.573486	-1.343091E-5
-123.552863	-9.934107E-6
-123.532239	-7.311503E-6
-123.511615	-3.973643E-6
-123.490992	-1.668930E-6
-123.470368	0.000000
-123.449744	1.589457E-6
-123.429121	2.702077E-6
-123.408497	3.019969E-6
-123.387874	2.384186E-6
-123.367250	2.702077E-6
-123.346626	2.940496E-6
-123.326003	3.099442E-6
-123.305379	2.781550E-6
-123.284755	3.019969E-6
-123.264132	2.384186E-6
-123.243508	2.622604E-6
-123.222884	2.463659E-6
-123.202261	2.861023E-6
-123.181637	2.861023E-6
-123.161013	3.099442E-6
-123.140390	2.781550E-6
-123.119766	3.655752E-6
-123.099143	4.053116E-6
-123.078519	4.212062E-6
-123.057895	5.006790E-6
-123.037272	5.483627E-6
-123.016648	5.880992E-6
-122.996024	5.642573E-6
-122.975401	5.086263E-6
-122.954777	4.053116E-6
-122.934153	3.417333E-6
-122.913530	3.019969E-6
-122.892906	2.225240E-6
-122.872283	5.563100E-7
-122.851659	-9.536743E-7
-122.831035	-2.384186E-6
-122.810412	-3.496806E-6
-122.789788	-4.450480E-6
-122.769164	-5.801519E-6
-122.748541	-6.675720E-6
-122.727917	-8.106232E-6
-122.707293	-8.583069E-6
-122.686670	-7.947286E-6
-122.666046	-8.106232E-6
-122.645423	-7.152557E-6
-122.624799	-6.437302E-6
-122.604175	-4.768372E-6
-122.583552	-3.258387E-6
-122.562928	-2.145767E-6
-122.542304	-1.351039E-6
-122.521681	1.589457E-7
-122.501057	1.509984E-6
-122.480433	3.099442E-6
-122.459810	4.053116E-6
-122.439186	6.039937E-6
-122.418562	7.549922E-6
-122.397939	8.662542E-6
-122.377315	9.457270E-6
-122.356692	1.001358E-5
-122.336068	1.025200E-5
-122.315444	1.056989E-5
-122.294821	1.080831E-5
-122.274197	1.072884E-5
-122.253573	1.001358E-5
-122.232950	8.583069E-6
-122.212326	7.470449E-6
-122.191702	6.198883E-6
-122.171079	6.755193E-6
-122.150455	5.722046E-6
-122.129832	4.450480E-6
-122.109208	3.417333E-6
-122.088584	3.576279E-6
-122.067961	3.019969E-6
-122.047337	3.099442E-6
-122.026713	4.132589E-6
-122.006090	4.212062E-6
-121.985466	4.847844E-6
-121.964842	6.278356E-6
-121.944219	6.675720E-6
-121.923595	6.834666E-6
-121.902972	8.583069E-6
-121.882348	1.025200E-5
-121.861724	1.064936E-5
-121.841101	1.152356E-5
-121.820477	1.160304E-5
-121.799853	1.168251E-5
-121.779230	1.136462E-5
-121.758606	1.088778E-5
-121.737982	1.096725E-5
-121.717359	1.072884E-5
-121.696735	1.033147E-5
-121.676111	1.033147E-5
-121.655488	1.009305E-5
-121.634864	1.112620E-5
-121.614241	1.096725E-5
-121.593617	1.207987E-5
-121.572993	1.255671E-5
-121.552370	1.351039E-5
-121.531746	1.470248E-5
-121.511122	1.549721E-5
-121.490499	1.684825E-5
-121.469875	1.811981E-5
-121.449251	1.883507E-5
-121.428628	1.923243E-5
-121.408004	1.915296E-5
-121.387381	1.923243E-5
-121.366757	1.891454E-5
-121.346133	1.835823E-5
-121.325510	1.867612E-5
-121.304886	1.875559E-5
-121.284262	1.732508E-5
-121.263639	1.676877E-5
-121.243015	1.613299E-5
-121.222391	1.557668E-5
-121.201768	1.494090E-5
-121.181144	1.351039E-5
-121.160521	1.239777E-5
-121.139897	1.207987E-5
-121.119273	1.136462E-5
-121.098650	9.775162E-6
-121.078026	8.742015E-6
-121.057402	7.152557E-6
-121.036779	5.722046E-6
-121.016155	4.291534E-6
-120.995531	3.496806E-6
-120.974908	1.986821E-6
-120.954284	4.768372E-7
-120.933661	-7.947286E-8
-120.913037	-1.589457E-6
-120.892413	-2.384186E-6
-120.871790	-3.337860E-6
-120.851166	-4.132589E-6
-120.830542	-4.847844E-6
-120.809919	-5.165736E-6
-120.789295	-5.324682E-6
-120.768671	-5.563100E-6
-120.748048	-6.278356E-6
-120.727424	-7.073085E-6
-120.706800	-6.993612E-6
-120.686177	-7.311503E-6
-120.665553	-7.788340E-6
-120.644930	-7.708867E-6
-120.624306	-8.026759E-6
-120.603682	-9.059906E-6
-120.583059	-9.934107E-6
-120.562435	-1.080831E-5
-120.541811	-1.128515E-5
-120.521188	-1.295408E-5
-120.500564	-1.454353E-5
-120.479940	-1.613299E-5
-120.459317	-1.796087E-5
-120.438693	-2.002716E-5
-120.418070	-2.304713E-5
-120.397446	-2.519290E-5
-120.376822	-2.749761E-5
-120.356199	-2.964338E-5
-120.335575	-3.194809E-5
-120.314951	-3.457069E-5
-120.294328	-3.663699E-5
-120.273704	-3.774961E-5
-120.253080	-3.949801E-5
-120.232457	-4.076958E-5
-120.211833	-4.084905E-5
-120.191210	-4.180272E-5
-120.170586	-4.227956E-5
-120.149962	-4.204114E-5
-120.129339	-4.076958E-5
-120.108715	-3.941854E-5
-120.088091	-3.838539E-5
-120.067468	-3.719330E-5
-120.046844	-3.600121E-5
-120.026220	-3.465017E-5
-120.005597	-3.234545E-5
-119.984973	-3.163020E-5
-119.964349	-3.027916E-5
-119.943726	-2.932549E-5
-119.923102	-2.853076E-5
-119.902479	-3.019969E-5
-119.881855	-3.067652E-5
-119.861231	-3.139178E-5
-119.840608	-3.274282E-5
-119.819984	-3.520648E-5
-119.799360	-3.806750E-5
-119.778737	-4.037221E-5
-119.758113	-4.378955E-5
-119.737489	-4.522006E-5
-119.716866	-4.680951E-5
-119.696242	-4.800161E-5
-119.675619	-4.752477E-5
-119.654995	-4.506111E-5
-119.634371	-4.188220E-5
-119.613748	-3.838539E-5
-119.593124	-3.457069E-5
-119.572500	-3.131231E-5
-119.551877	-2.948443E-5
-119.531253	-2.916654E-5
-119.510629	-3.226598E-5
-119.490006	-3.933907E-5
-119.469382	-5.086263E-5
-119.448759	-6.707509E-5
-119.428135	-8.821487E-5
-119.407511	-0.000116
-119.386888	-0.000148
-119.366264	-0.000185
-119.345640	-0.000223
-119.325017	-0.000263
-119.304393	-0.000304
-119.283769	-0.000342
-119.263146	-0.000376
-119.242522	-0.000403
-119.221898	-0.000422
-119.201275	-0.000431
-119.180651	-0.000429
-119.160028	-0.000412
-119.139404	-0.000383
-119.118780	-0.000343
-119.098157	-0.000292
-119.077533	-0.000230
-119.056909	-0.000161
-119.036286	-8.376439E-5
-119.015662	-2.225240E-6
-118.995038	8.090337E-5
-118.974415	0.000164
-118.953791	0.000246
-118.933168	0.000326
-118.912544	0.000400
-118.891920	0.000462
-118.871297	0.000518
-118.850673	0.000561
-118.830049	0.000591
-118.809426	0.000610
-118.788802	0.000616
-118.768178	0.000613
-118.747555	0.000603
-118.726931	0.000582
-118.706308	0.000553
-118.685684	0.000518
-118.665060	0.000476
-118.644437	0.000428
-118.623813	0.000382
-118.603189	0.000336
-118.582566	0.000290
-118.561942	0.000242
-118.541318	0.000197
-118.520695	0.000154
-118.500071	0.000115
-118.479447	7.851919E-5
-118.458824	4.585584E-5
-118.438200	1.613299E-5
-118.417577	-1.168251E-5
-118.396953	-3.616015E-5
-118.376329	-5.563100E-5
-118.355706	-7.208188E-5
-118.335082	-8.551280E-5
-118.314458	-9.624163E-5
-118.293835	-0.000104
-118.273211	-0.000109
-118.252587	-0.000114
-118.231964	-0.000118
-118.211340	-0.000120
-118.190717	-0.000119
-118.170093	-0.000119
-118.149469	-0.000118
-118.128846	-0.000115
-118.108222	-0.000113
-118.087598	-0.000109
-118.066975	-0.000105
-118.046351	-0.000101
-118.025727	-9.671847E-5
-118.005104	-9.202957E-5
-117.984480	-8.726120E-5
-117.963857	-8.249283E-5
-117.943233	-7.724762E-5
-117.922609	-7.375081E-5
-117.901986	-6.930033E-5
-117.881362	-6.469091E-5
-117.860738	-6.182988E-5
-117.840115	-5.841255E-5
-117.819491	-5.467733E-5
-117.798867	-5.102158E-5
-117.778244	-4.744530E-5
-117.757620	-4.450480E-5
-117.736996	-4.148483E-5
-117.716373	-3.846486E-5
-117.695749	-3.544490E-5
-117.675126	-3.298124E-5
-117.654502	-3.019969E-5
-117.633878	-2.876918E-5
-117.613255	-2.749761E-5
-117.592631	-2.622604E-5
-117.572007	-2.463659E-5
-117.551384	-2.376239E-5
-117.530760	-2.288818E-5
-117.510136	-2.177556E-5
-117.489513	-2.113978E-5
-117.468889	-2.169609E-5
-117.448266	-2.090136E-5
-117.427642	-1.923243E-5
-117.407018	-2.026558E-5
-117.386395	-1.907349E-5
-117.365771	-1.915296E-5
-117.345147	-1.883507E-5
-117.324524	-1.780192E-5
-117.303900	-1.645088E-5
-117.283276	-1.645088E-5
-117.262653	-1.637141E-5
-117.242029	-1.637141E-5
-117.221406	-1.565615E-5
-117.200782	-1.525879E-5
-117.180158	-1.502037E-5
-117.159535	-1.422564E-5
-117.138911	-1.438459E-5
-117.118287	-1.295408E-5
-117.097664	-1.247724E-5
-117.077040	-1.064936E-5
-117.056416	-9.139379E-6
-117.035793	-8.265177E-6
-117.015169	-6.278356E-6
-116.994545	-4.053116E-6
-116.973922	-1.986821E-6
-116.953298	-2.384186E-7
-116.932675	2.145767E-6
-116.912051	2.622604E-6
-116.891427	2.940496E-6
-116.870804	1.907349E-6
-116.850180	2.384186E-6
-116.829556	2.940496E-6
-116.808933	2.861023E-6
-116.788309	1.907349E-6
-116.767685	7.152557E-7
-116.747062	-7.947286E-7
-116.726438	-1.430511E-6
-116.705815	-2.463659E-6
-116.685191	-3.576279E-6
-116.664567	-4.768372E-6
-116.643944	-5.165736E-6
-116.623320	-5.880992E-6
-116.602696	-6.357829E-6
-116.582073	-6.119410E-6
-116.561449	-6.119410E-6
-116.540825	-6.119410E-6
-116.520202	-5.404154E-6
-116.499578	-4.212062E-6
-116.478955	-3.735224E-6
-116.458331	-3.337860E-6
-116.437707	-2.781550E-6
-116.417084	-2.384186E-6
-116.396460	-2.304713E-6
-116.375836	-1.351039E-6
-116.355213	-6.357829E-7
-116.334589	-7.947286E-8
-116.313965	8.742015E-7
-116.293342	1.033147E-6
-116.272718	1.192093E-6
-116.252094	2.384186E-7
-116.231471	2.384186E-7
-116.210847	3.973643E-7
-116.190224	-3.178914E-7
-116.169600	-7.152557E-7
-116.148976	-1.748403E-6
-116.128353	-3.258387E-6
-116.107729	-4.053116E-6
-116.087105	-4.927317E-6
-116.066482	-5.563100E-6
-116.045858	-6.039937E-6
-116.025234	-7.311503E-6
-116.004611	-8.106232E-6
-115.983987	-7.549922E-6
-115.963364	-6.755193E-6
-115.942740	-6.278356E-6
-115.922116	-4.927317E-6
-115.901493	-3.576279E-6
-115.880869	-1.827876E-6
-115.860245	-3.973643E-7
-115.839622	1.668930E-6
-115.818998	3.099442E-6
-115.798374	5.642573E-6
-115.777751	8.265177E-6
-115.757127	1.025200E-5
-115.736504	1.096725E-5
-115.715880	1.128515E-5
-115.695256	1.192093E-5
-115.674633	1.287460E-5
-115.654009	1.247724E-5
-115.633385	1.263618E-5
-115.612762	1.207987E-5
-115.592138	1.104673E-5
-115.571514	9.536743E-6
-115.550891	8.344650E-6
-115.530267	6.914139E-6
-115.509644	5.642573E-6
-115.489020	3.735224E-6
-115.468396	3.417333E-6
-115.447773	3.417333E-6
-115.427149	2.543132E-6
-115.406525	7.152557E-7
-115.385902	-5.563100E-7
-115.365278	-7.152557E-7
-115.344654	-4.768372E-7
-115.324031	-1.509984E-6
-115.303407	-2.304713E-6
-115.282783	-2.225240E-6
-115.262160	-1.986821E-6
-115.241536	-1.192093E-6
-115.220913	-6.357829E-7
-115.200289	0.000000
-115.179665	1.351039E-6
-115.159042	2.066294E-6
-115.138418	3.735224E-6
-115.117794	5.086263E-6
-115.097171	7.073085E-6
-115.076547	8.900960E-6
-115.055923	1.080831E-5
-115.035300	1.160304E-5
-115.014676	1.343091E-5
-114.994053	1.398722E-5
-114.973429	1.438459E-5
-114.952805	1.502037E-5
-114.932182	1.462301E-5
-114.911558	1.358986E-5
-114.890934	1.207987E-5
-114.870311	1.144409E-5
-114.849687	1.049042E-5
-114.829063	9.377797E-6
-114.808440	8.265177E-6
-114.787816	6.914139E-6
-114.767193	5.563100E-6
-114.746569	5.006790E-6
-114.725945	4.450480E-6
-114.705322	4.371007E-6
-114.684698	4.132589E-6
-114.664074	3.894170E-6
-114.643451	4.688899E-6
-114.622827	6.278356E-6
-114.602203	6.437302E-6
-114.581580	6.357829E-6
-114.560956	7.629395E-6
-114.540332	9.377797E-6
-114.519709	9.934107E-6
-114.499085	1.017253E-5
-114.478462	1.104673E-5
-114.457838	1.064936E-5
-114.437214	1.041094E-5
-114.416591	1.168251E-5
-114.395967	1.207987E-5
-114.375343	1.128515E-5
-114.354720	1.033147E-5
-114.334096	9.457270E-6
-114.313472	8.185705E-6
-114.292849	7.232030E-6
-114.272225	5.483627E-6
-114.251602	3.337860E-6
-114.230978	1.986821E-6
-114.210354	9.536743E-7
-114.189731	-4.768372E-7
-114.169107	-1.112620E-6
-114.148483	-2.066294E-6
-114.127860	-3.019969E-6
-114.107236	-2.702077E-6
-114.086612	-2.145767E-6
-114.065989	-1.271566E-6
-114.045365	-7.152557E-7
-114.024742	-9.536743E-7
-114.004118	1.589457E-7
-113.983494	1.748403E-6
-113.962871	2.861023E-6
-113.942247	4.212062E-6
-113.921623	5.404154E-6
-113.901000	6.357829E-6
-113.880376	6.119410E-6
-113.859752	6.357829E-6
-113.839129	6.198883E-6
-113.818505	4.609426E-6
-113.797881	2.622604E-6
-113.777258	3.973643E-7
-113.756634	-1.827876E-6
-113.736011	-3.814697E-6
-113.715387	-6.039937E-6
-113.694763	-8.742015E-6
-113.674140	-1.080831E-5
-113.653516	-1.247724E-5
-113.632892	-1.430511E-5
-113.612269	-1.462301E-5
-113.591645	-1.525879E-5
-113.571021	-1.549721E-5
-113.550398	-1.549721E-5
-113.529774	-1.541773E-5
-113.509151	-1.446406E-5
-113.488527	-1.398722E-5
-113.467903	-1.358986E-5
-113.447280	-1.255671E-5
-113.426656	-1.184146E-5
-113.406032	-9.934107E-6
-113.385409	-9.377797E-6
-113.364785	-9.854635E-6
-113.344161	-9.536743E-6
-113.323538	-8.900960E-6
-113.302914	-8.344650E-6
-113.282291	-8.185705E-6
-113.261667	-8.424123E-6
-113.241043	-8.503596E-6
-113.220420	-8.583069E-6
-113.199796	-9.059906E-6
-113.179172	-8.980433E-6
-113.158549	-1.001358E-5
-113.137925	-1.120567E-5
-113.117301	-1.136462E-5
-113.096678	-1.239777E-5
-113.076054	-1.374880E-5
-113.055430	-1.517932E-5
-113.034807	-1.565615E-5
-113.014183	-1.637141E-5
-112.993560	-1.684825E-5
-112.972936	-1.724561E-5
-112.952312	-1.684825E-5
-112.931689	-1.708666E-5
-112.911065	-1.621246E-5
-112.890441	-1.509984E-5
-112.869818	-1.541773E-5
-112.849194	-1.374880E-5
-112.828570	-1.279513E-5
-112.807947	-1.088778E-5
-112.787323	-9.616216E-6
-112.766700	-8.583069E-6
-112.746076	-7.311503E-6
-112.725452	-6.675720E-6
-112.704829	-5.880992E-6
-112.684205	-6.437302E-6
-112.663581	-7.152557E-6
-112.642958	-7.708867E-6
-112.622334	-7.947286E-6
-112.601710	-9.616216E-6
-112.581087	-1.207987E-5
-112.560463	-1.414617E-5
-112.539840	-1.764297E-5
-112.519216	-2.034505E-5
-112.498592	-2.217293E-5
-112.477969	-2.392133E-5
-112.457345	-2.495448E-5
-112.436721	-2.582868E-5
-112.416098	-2.574921E-5
-112.395474	-2.439817E-5
-112.374850	-2.241135E-5
-112.354227	-2.010663E-5
-112.333603	-1.668930E-5
-112.312979	-1.319249E-5
-112.292356	-9.934107E-6
-112.271732	-4.609426E-6
-112.251109	4.768372E-7
-112.230485	3.973643E-6
-112.209861	8.185705E-6
-112.189238	1.176198E-5
-112.168614	1.541773E-5
-112.147990	1.859665E-5
-112.127367	2.145767E-5
-112.106743	2.360344E-5
-112.086119	2.400080E-5
-112.065496	2.487501E-5
-112.044872	2.614657E-5
-112.024249	2.606710E-5
-112.003625	2.559026E-5
-111.983001	2.495448E-5
-111.962378	2.423922E-5
-111.941754	2.201398E-5
-111.921130	1.962980E-5
-111.900507	1.764297E-5
-111.879883	1.621246E-5
-111.859259	1.509984E-5
-111.838636	1.207987E-5
-111.818012	9.616216E-6
-111.797389	8.106232E-6
-111.776765	7.549922E-6
-111.756141	6.357829E-6
-111.735518	6.596247E-6
-111.714894	7.470449E-6
-111.694270	7.947286E-6
-111.673647	8.821487E-6
-111.653023	1.041094E-5
-111.632399	1.231829E-5
-111.611776	1.541773E-5
-111.591152	1.788139E-5
-111.570528	1.947085E-5
-111.549905	2.050400E-5
-111.529281	2.272924E-5
-111.508658	2.559026E-5
-111.488034	2.789497E-5
-111.467410	2.932549E-5
-111.446787	2.956390E-5
-111.426163	3.107389E-5
-111.405539	3.139178E-5
-111.384916	3.266335E-5
-111.364292	3.377597E-5
-111.343668	3.337860E-5
-111.323045	3.369649E-5
-111.302421	3.401438E-5
-111.281798	3.361702E-5
-111.261174	3.306071E-5
-111.240550	3.353755E-5
-111.219927	3.369649E-5
-111.199303	3.337860E-5
-111.178679	3.321966E-5
-111.158056	3.457069E-5
-111.137432	3.528595E-5
-111.116808	3.488859E-5
-111.096185	3.536542E-5
-111.075561	3.743172E-5
-111.054938	3.782908E-5
-111.034314	3.910065E-5
-111.013690	4.053116E-5
-110.993067	4.235903E-5
-110.972443	4.434586E-5
-110.951819	4.545848E-5
-110.931196	4.673004E-5
-110.910572	4.768372E-5
-110.889948	4.776319E-5
-110.869325	4.863739E-5
-110.848701	4.927317E-5
-110.828077	4.863739E-5
-110.807454	4.887581E-5
-110.786830	4.855792E-5
-110.766207	4.728635E-5
-110.745583	4.657110E-5
-110.724959	4.450480E-5
-110.704336	4.243851E-5
-110.683712	4.148483E-5
-110.663088	3.878276E-5
-110.642465	3.759066E-5
-110.621841	3.647804E-5
-110.601217	3.488859E-5
-110.580594	3.385544E-5
-110.559970	3.401438E-5
-110.539347	3.321966E-5
-110.518723	3.369649E-5
-110.498099	3.409386E-5
-110.477476	3.457069E-5
-110.456852	3.616015E-5
-110.436228	3.663699E-5
-110.415605	3.703435E-5
-110.394981	3.727277E-5
-110.374357	3.735224E-5
-110.353734	3.576279E-5
-110.333110	3.512700E-5
-110.312487	3.250440E-5
-110.291863	2.861023E-5
-110.271239	2.495448E-5
-110.250616	2.018611E-5
-110.229992	1.509984E-5
-110.209368	9.616216E-6
-110.188745	3.178914E-6
-110.168121	-3.019969E-6
-110.147497	-9.059906E-6
-110.126874	-1.621246E-5
-110.106250	-2.217293E-5
-110.085626	-2.916654E-5
-110.065003	-3.600121E-5
-110.044379	-4.188220E-5
-110.023756	-4.712741E-5
-110.003132	-5.141894E-5
-109.982508	-5.483627E-5
-109.961885	-5.777677E-5
-109.941261	-6.214778E-5
-109.920637	-6.580353E-5
-109.900014	-6.930033E-5
-109.879390	-7.263819E-5
-109.858766	-7.573764E-5
-109.838143	-7.939339E-5
-109.817519	-8.336703E-5
-109.796896	-8.678436E-5
-109.776272	-9.059906E-5
-109.755648	-9.425481E-5
-109.735025	-9.679794E-5
-109.714401	-0.000100
-109.693777	-0.000103
-109.673154	-0.000105
-109.652530	-0.000107
-109.631906	-0.000108
-109.611283	-0.000108
-109.590659	-0.000109
-109.570036	-0.000108
-109.549412	-0.000106
-109.528788	-0.000104
-109.508165	-0.000102
-109.487541	-0.000101
-109.466917	-9.934107E-5
-109.446294	-9.822845E-5
-109.425670	-9.695689E-5
-109.405046	-9.560585E-5
-109.384423	-9.520849E-5
-109.363799	-9.544690E-5
-109.343176	-9.671847E-5
-109.322552	-9.846687E-5
-109.301928	-0.000101
-109.281305	-0.000105
-109.260681	-0.000110
-109.240057	-0.000115
-109.219434	-0.000122
-109.198810	-0.000130
-109.178186	-0.000141
-109.157563	-0.000150
-109.136939	-0.000158
-109.116315	-0.000165
-109.095692	-0.000169
-109.075068	-0.000168
-109.054445	-0.000164
-109.033821	-0.000155
-109.013197	-0.000144
-108.992574	-0.000131
-108.971950	-0.000118
-108.951326	-0.000105
-108.930703	-9.489059E-5
-108.910079	-9.306272E-5
-108.889455	-0.000101
-108.868832	-0.000121
-108.848208	-0.000156
-108.827585	-0.000207
-108.806961	-0.000279
-108.786337	-0.000369
-108.765714	-0.000481
-108.745090	-0.000615
-108.724466	-0.000757
-108.703843	-0.000894
-108.683219	-0.001029
-108.662595	-0.001161
-108.641972	-0.001281
-108.621348	-0.001381
-108.600725	-0.001450
-108.580101	-0.001486
-108.559477	-0.001477
-108.538854	-0.001424
-108.518230	-0.001330
-108.497606	-0.001189
-108.476983	-0.001011
-108.456359	-0.000788
-108.435735	-0.000537
-108.415112	-0.000254
-108.394488	4.013379E-5
-108.373864	0.000329
-108.353241	0.000625
-108.332617	0.000926
-108.311994	0.001211
-108.291370	0.001462
-108.270746	0.001677
-108.250123	0.001851
-108.229499	0.001978
-108.208875	0.002063
-108.188252	0.002120
-108.167628	0.002133
-108.147004	0.002102
-108.126381	0.002046
-108.105757	0.001964
-108.085134	0.001863
-108.064510	0.001745
-108.043886	0.001598
-108.023263	0.001438
-108.002639	0.001277
-107.982015	0.001106
-107.961392	0.000939
-107.940768	0.000784
-107.920144	0.000632
-107.899521	0.000486
-107.878897	0.000351
-107.858274	0.000235
-107.837650	0.000130
-107.817026	3.679593E-5
-107.796403	-4.386902E-5
-107.775779	-0.000117
-107.755155	-0.000180
-107.734532	-0.000235
-107.713908	-0.000280
-107.693284	-0.000316
-107.672661	-0.000344
-107.652037	-0.000364
-107.631413	-0.000380
-107.610790	-0.000390
-107.590166	-0.000395
-107.569543	-0.000395
-107.548919	-0.000393
-107.528295	-0.000387
-107.507672	-0.000379
-107.487048	-0.000370
-107.466424	-0.000362
-107.445801	-0.000352
-107.425177	-0.000341
-107.404553	-0.000329
-107.383930	-0.000316
-107.363306	-0.000302
-107.342683	-0.000288
-107.322059	-0.000274
-107.301435	-0.000261
-107.280812	-0.000248
-107.260188	-0.000236
-107.239564	-0.000224
-107.218941	-0.000213
-107.198317	-0.000202
-107.177693	-0.000191
-107.157070	-0.000179
-107.136446	-0.000168
-107.115823	-0.000158
-107.095199	-0.000151
-107.074575	-0.000143
-107.053952	-0.000133
-107.033328	-0.000126
-107.012704	-0.000120
-106.992081	-0.000114
-106.971457	-0.000107
-106.950833	-0.000100
-106.930210	-9.401639E-5
-106.909586	-8.853277E-5
-106.888962	-8.416176E-5
-106.868339	-7.939339E-5
-106.847715	-7.510185E-5
-106.827092	-7.160505E-5
-106.806468	-6.810824E-5
-106.785844	-6.389618E-5
-106.765221	-5.936623E-5
-106.744597	-5.578995E-5
-106.723973	-5.276998E-5
-106.703350	-4.975001E-5
-106.682726	-4.712741E-5
-106.662102	-4.458427E-5
-106.641479	-4.140536E-5
-106.620855	-3.894170E-5
-106.600232	-3.687541E-5
-106.579608	-3.457069E-5
-106.558984	-3.266335E-5
-106.538361	-3.123283E-5
-106.517737	-2.996127E-5
-106.497113	-2.876918E-5
-106.476490	-2.678235E-5
-106.455866	-2.471606E-5
-106.435242	-2.344449E-5
-106.414619	-2.249082E-5
-106.393995	-2.161662E-5
-106.373372	-2.074242E-5
-106.352748	-1.899401E-5
-106.332124	-1.748403E-5
-106.311501	-1.605352E-5
-106.290877	-1.541773E-5
-106.270253	-1.502037E-5
-106.249630	-1.422564E-5
-106.229006	-1.382828E-5
-106.208382	-1.327197E-5
-106.187759	-1.279513E-5
-106.167135	-1.160304E-5
-106.146511	-1.096725E-5
-106.125888	-1.088778E-5
-106.105264	-1.001358E-5
-106.084641	-9.457270E-6
-106.064017	-9.377797E-6
-106.043393	-9.536743E-6
-106.022770	-8.265177E-6
-106.002146	-7.788340E-6
-105.981522	-7.232030E-6
-105.960899	-6.516774E-6
-105.940275	-6.596247E-6
-105.919651	-6.039937E-6
-105.899028	-6.834666E-6
-105.878404	-6.198883E-6
-105.857781	-4.609426E-6
-105.837157	-3.735224E-6
-105.816533	-3.576279E-6
-105.795910	-4.212062E-6
-105.775286	-5.086263E-6
-105.754662	-5.165736E-6
-105.734039	-4.450480E-6
-105.713415	-4.609426E-6
-105.692791	-3.496806E-6
-105.672168	-3.178914E-6
-105.651544	-2.622604E-6
-105.630921	-2.384186E-6
-105.610297	-2.781550E-6
-105.589673	-2.702077E-6
-105.569050	-2.861023E-6
-105.548426	-3.019969E-6
-105.527802	-2.781550E-6
-105.507179	-2.304713E-6
-105.486555	-2.543132E-6
-105.465931	-2.702077E-6
-105.445308	-2.543132E-6
-105.424684	-1.748403E-6
-105.404060	-1.351039E-6
-105.383437	-1.351039E-6
-105.362813	-1.351039E-6
-105.342190	-1.351039E-6
-105.321566	-1.827876E-6
-105.300942	-1.351039E-6
-105.280319	-1.351039E-6
-105.259695	-1.668930E-6
-105.239071	-1.351039E-6
-105.218448	-1.509984E-6
-105.197824	-1.112620E-6
-105.177200	-1.509984E-6
-105.156577	-2.066294E-6
-105.135953	-1.907349E-6
-105.115330	-1.907349E-6
-105.094706	-1.589457E-6
-105.074082	-1.192093E-6
-105.053459	-4.768372E-7
-105.032835	1.589457E-7
-105.012211	-7.947286E-8
-104.991588	-9.536743E-7
-104.970964	-1.748403E-6
-104.950340	-6.357829E-7
-104.929717	3.973643E-7
-104.909093	-5.563100E-7
-104.888470	-1.112620E-6
-104.867846	-5.563100E-7
-104.847222	-3.178914E-7
-104.826599	1.589457E-7
-104.805975	1.033147E-6
-104.785351	4.768372E-7
-104.764728	7.947286E-7
-104.744104	1.589457E-6
-104.723480	1.351039E-6
-104.702857	5.563100E-7
-104.682233	9.536743E-7
-104.661609	9.536743E-7
-104.640986	3.178914E-7
-104.620362	2.384186E-7
-104.599739	6.357829E-7
-104.579115	1.033147E-6
-104.558491	1.430511E-6
-104.537868	1.271566E-6
-104.517244	1.033147E-6
-104.496620	1.907349E-6
-104.475997	1.351039E-6
-104.455373	2.066294E-6
-104.434749	2.622604E-6
-104.414126	1.668930E-6
-104.393502	1.668930E-6
-104.372879	2.384186E-6
-104.352255	2.543132E-6
-104.331631	2.781550E-6
-104.311008	2.781550E-6
-104.290384	2.702077E-6
-104.269760	2.940496E-6
-104.249137	2.543132E-6
-104.228513	1.668930E-6
-104.207889	1.827876E-6
-104.187266	2.304713E-6
-104.166642	2.225240E-6
-104.146019	1.748403E-6
-104.125395	1.986821E-6
-104.104771	1.589457E-6
-104.084148	1.748403E-6
-104.063524	1.509984E-6
-104.042900	1.509984E-6
-104.022277	1.986821E-6
-104.001653	1.112620E-6
-103.981029	1.589457E-6
-103.960406	1.827876E-6
-103.939782	2.702077E-6
-103.919159	1.907349E-6
-103.898535	1.351039E-6
-103.877911	9.536743E-7
-103.857288	9.536743E-7
-103.836664	1.668930E-6
-103.816040	1.271566E-6
-103.795417	1.192093E-6
-103.774793	9.536743E-7
-103.754169	1.033147E-6
-103.733546	7.947286E-7
-103.712922	1.430511E-6
-103.692298	1.033147E-6
-103.671675	1.192093E-6
-103.651051	4.768372E-7
-103.630428	7.947286E-7
-103.609804	1.430511E-6
-103.589180	1.351039E-6
-103.568557	8.742015E-7
-103.547933	1.430511E-6
-103.527309	3.178914E-7
-103.506686	7.947286E-7
-103.486062	1.509984E-6
-103.465438	1.589457E-6
-103.444815	7.152557E-7
-103.424191	1.271566E-6
-103.403568	1.430511E-6
-103.382944	1.430511E-6
-103.362320	1.033147E-6
-103.341697	2.384186E-7
-103.321073	-1.589457E-7
-103.300449	7.947286E-8
-103.279826	3.973643E-7
-103.259202	3.973643E-7
-103.238578	7.152557E-7
-103.217955	7.152557E-7
-103.197331	7.152557E-7
-103.176708	7.947286E-7
-103.156084	7.947286E-7
-103.135460	2.384186E-7
-103.114837	-1.589457E-7
-103.094213	3.973643E-7
-103.073589	1.192093E-6
-103.052966	1.668930E-6
-103.032342	1.033147E-6
-103.011718	5.563100E-7
-102.991095	-2.384186E-7
-102.970471	0.000000
-102.949847	-4.768372E-7
-102.929224	-3.178914E-7
-102.908600	-6.357829E-7
-102.887977	-2.384186E-7
-102.867353	1.589457E-7
-102.846729	-7.947286E-8
-102.826106	-4.768372E-7
-102.805482	-3.973643E-7
-102.784858	-6.357829E-7
-102.764235	-7.947286E-8
-102.743611	-1.589457E-7
-102.722987	-4.768372E-7
-102.702364	-1.589457E-7
-102.681740	1.589457E-7
-102.661117	9.536743E-7
-102.640493	3.973643E-7
-102.619869	-1.589457E-7
-102.599246	3.973643E-7
-102.578622	3.973643E-7
-102.557998	-3.973643E-7
-102.537375	-4.768372E-7
-102.516751	0.000000
-102.496127	1.589457E-7
-102.475504	-2.384186E-7
-102.454880	-3.973643E-7
-102.434257	-6.357829E-7
-102.413633	-1.033147E-6
-102.393009	-1.192093E-6
-102.372386	-1.033147E-6
-102.351762	-1.589457E-7
-102.331138	2.384186E-7
-102.310515	0.000000
-102.289891	-5.563100E-7
-102.269267	-7.152557E-7
-102.248644	-7.947286E-8
-102.228020	-3.178914E-7
-102.207396	-8.742015E-7
-102.186773	-7.947286E-7
-102.166149	-1.271566E-6
-102.145526	-8.742015E-7
-102.124902	-1.271566E-6
-102.104278	-8.742015E-7
-102.083655	-5.563100E-7
-102.063031	-7.152557E-7
-102.042407	-1.271566E-6
-102.021784	-1.271566E-6
-102.001160	-1.430511E-6
-101.980536	-7.152557E-7
-101.959913	-8.742015E-7
-101.939289	-7.947286E-7
-101.918666	-9.536743E-7
-101.898042	-1.271566E-6
-101.877418	-7.947286E-7
-101.856795	-4.768372E-7
-101.836171	-4.768372E-7
-101.815547	0.000000
-101.794924	-8.742015E-7
-101.774300	-3.973643E-7
-101.753676	-3.178914E-7
-101.733053	-1.271566E-6
-101.712429	-1.748403E-6
-101.691806	-1.430511E-6
-101.671182	-1.192093E-6
-101.650558	-4.768372E-7
-101.629935	-5.563100E-7
-101.609311	-1.112620E-6
-101.588687	-4.768372E-7
-101.568064	-4.768372E-7
-101.547440	7.947286E-8
-101.526816	-3.178914E-7
-101.506193	-3.178914E-7
-101.485569	0.000000
-101.464945	-8.742015E-7
-101.444322	-1.430511E-6
-101.423698	-1.033147E-6
-101.403075	2.384186E-7
-101.382451	7.947286E-8
-101.361827	3.973643E-7
-101.341204	-6.357829E-7
-101.320580	-1.430511E-6
-101.299956	-3.178914E-7
-101.279333	-3.973643E-7
-101.258709	-9.536743E-7
-101.238085	1.589457E-7
-101.217462	-1.589457E-7
-101.196838	-3.973643E-7
-101.176215	-2.384186E-7
-101.155591	0.000000
-101.134967	-3.178914E-7
-101.114344	0.000000
-101.093720	7.947286E-8
-101.073096	-7.947286E-8
-101.052473	7.947286E-8
-101.031849	-7.947286E-8
-101.011225	-7.947286E-8
-100.990602	-5.563100E-7
-100.969978	-7.947286E-8
-100.949355	7.947286E-8
-100.928731	3.973643E-7
-100.908107	7.152557E-7
-100.887484	-2.384186E-7
-100.866860	-3.178914E-7
-100.846236	0.000000
-100.825613	-4.768372E-7
-100.804989	-5.563100E-7
-100.784365	-7.947286E-7
-100.763742	-1.192093E-6
-100.743118	0.000000
-100.722494	3.178914E-7
-100.701871	-1.589457E-7
-100.681247	-3.973643E-7
-100.660624	-2.384186E-7
-100.640000	-5.563100E-7
-100.619376	-3.973643E-7
-100.598753	5.563100E-7
-100.578129	4.768372E-7
-100.557505	8.742015E-7
-100.536882	-7.947286E-8
-100.516258	-7.947286E-7
-100.495634	-7.152557E-7
-100.475011	-5.563100E-7
-100.454387	-2.384186E-7
-100.433764	-6.357829E-7
-100.413140	-9.536743E-7
-100.392516	-5.563100E-7
-100.371893	1.589457E-7
-100.351269	6.357829E-7
-100.330645	2.384186E-7
-100.310022	-3.178914E-7
-100.289398	-4.768372E-7
-100.268774	-7.947286E-8
-100.248151	-1.033147E-6
-100.227527	-1.033147E-6
-100.206904	-7.947286E-7
-100.186280	-6.357829E-7
-100.165656	-8.742015E-7
-100.145033	-2.384186E-7
-100.124409	7.947286E-8
-100.103785	2.384186E-7
-100.083162	3.178914E-7
-100.062538	-1.589457E-7
-100.041914	2.384186E-7
-100.021291	-7.152557E-7
