-155.001034	-1.692772E-5
-154.980407	-1.668930E-5
-154.959781	-1.629194E-5
-154.939154	-1.557668E-5
-154.918528	-1.406670E-5
-154.897901	-1.160304E-5
-154.877275	-1.017253E-5
-154.856648	-7.867813E-6
-154.836021	-4.371007E-6
-154.815395	-8.742015E-7
-154.794768	1.033147E-6
-154.774142	4.450480E-6
-154.753515	6.675720E-6
-154.732889	8.662542E-6
-154.712262	1.017253E-5
-154.691636	1.200040E-5
-154.671009	1.287460E-5
-154.650382	1.207987E-5
-154.629756	1.120567E-5
-154.609129	9.695689E-6
-154.588503	8.344650E-6
-154.567876	6.039937E-6
-154.547250	4.529953E-6
-154.526623	2.463659E-6
-154.505996	0.000000
-154.485370	-1.827876E-6
-154.464743	-3.894170E-6
-154.444117	-5.722046E-6
-154.423490	-7.232030E-6
-154.402864	-8.662542E-6
-154.382237	-9.536743E-6
-154.361610	-1.001358E-5
-154.340984	-9.934107E-6
-154.320357	-9.298325E-6
-154.299731	-8.503596E-6
-154.279104	-6.755193E-6
-154.258478	-5.165736E-6
-154.237851	-3.576279E-6
-154.217224	-1.351039E-6
-154.196598	1.033147E-6
-154.175971	2.066294E-6
-154.155345	3.337860E-6
-154.134718	5.801519E-6
-154.114092	6.834666E-6
-154.093465	6.198883E-6
-154.072838	6.119410E-6
-154.052212	6.993612E-6
-154.031585	6.357829E-6
-154.010959	4.768372E-6
-153.990332	3.814697E-6
-153.969706	3.655752E-6
-153.949079	3.178914E-6
-153.928452	1.351039E-6
-153.907826	-4.768372E-7
-153.887199	-1.112620E-6
-153.866573	-2.145767E-6
-153.845946	-2.861023E-6
-153.825320	-2.145767E-6
-153.804693	-1.509984E-6
-153.784066	-9.536743E-7
-153.763440	3.178914E-7
-153.742813	1.827876E-6
-153.722187	3.417333E-6
-153.701560	5.722046E-6
-153.680934	7.947286E-6
-153.660307	1.041094E-5
-153.639680	1.192093E-5
-153.619054	1.303355E-5
-153.598427	1.454353E-5
-153.577801	1.549721E-5
-153.557174	1.573563E-5
-153.536548	1.486142E-5
-153.515921	1.486142E-5
-153.495294	1.358986E-5
-153.474668	1.120567E-5
-153.454041	9.218852E-6
-153.433415	6.596247E-6
-153.412788	4.609426E-6
-153.392162	1.907349E-6
-153.371535	-8.742015E-7
-153.350908	-3.099442E-6
-153.330282	-6.119410E-6
-153.309655	-8.583069E-6
-153.289029	-1.088778E-5
-153.268402	-1.279513E-5
-153.247776	-1.438459E-5
-153.227149	-1.486142E-5
-153.206522	-1.525879E-5
-153.185896	-1.613299E-5
-153.165269	-1.581510E-5
-153.144643	-1.573563E-5
-153.124016	-1.541773E-5
-153.103390	-1.358986E-5
-153.082763	-1.200040E-5
-153.062136	-9.934107E-6
-153.041510	-7.549922E-6
-153.020883	-4.927317E-6
-153.000257	-3.258387E-6
-152.979630	-2.145767E-6
-152.959004	-7.152557E-7
-152.938377	6.357829E-7
-152.917750	2.225240E-6
-152.897124	2.622604E-6
-152.876497	3.178914E-6
-152.855871	2.304713E-6
-152.835244	2.940496E-6
-152.814618	2.702077E-6
-152.793991	9.536743E-7
-152.773364	-7.947286E-8
-152.752738	-1.271566E-6
-152.732111	-2.304713E-6
-152.711485	-3.178914E-6
-152.690858	-3.973643E-6
-152.670232	-5.245209E-6
-152.649605	-4.847844E-6
-152.628979	-4.529953E-6
-152.608352	-4.132589E-6
-152.587725	-3.496806E-6
-152.567099	-3.099442E-6
-152.546472	-1.748403E-6
-152.525846	-5.563100E-7
-152.505219	1.192093E-6
-152.484593	2.225240E-6
-152.463966	3.178914E-6
-152.443339	4.688899E-6
-152.422713	5.324682E-6
-152.402086	4.847844E-6
-152.381460	5.245209E-6
-152.360833	5.404154E-6
-152.340207	5.086263E-6
-152.319580	3.655752E-6
-152.298953	2.225240E-6
-152.278327	3.973643E-7
-152.257700	-2.225240E-6
-152.237074	-5.801519E-6
-152.216447	-8.503596E-6
-152.195821	-1.001358E-5
-152.175194	-1.271566E-5
-152.154567	-1.581510E-5
-152.133941	-1.788139E-5
-152.113314	-1.915296E-5
-152.092688	-2.066294E-5
-152.072061	-2.121925E-5
-152.051435	-2.066294E-5
-152.030808	-2.161662E-5
-152.010181	-2.241135E-5
-151.989555	-2.090136E-5
-151.968928	-1.859665E-5
-151.948302	-1.780192E-5
-151.927675	-1.660983E-5
-151.907049	-1.557668E-5
-151.886422	-1.366933E-5
-151.865795	-1.271566E-5
-151.845169	-1.192093E-5
-151.824542	-1.144409E-5
-151.803916	-1.072884E-5
-151.783289	-9.854635E-6
-151.762663	-8.980433E-6
-151.742036	-7.947286E-6
-151.721409	-7.549922E-6
-151.700783	-6.993612E-6
-151.680156	-6.914139E-6
-151.659530	-5.880992E-6
-151.638903	-3.894170E-6
-151.618277	-3.099442E-6
-151.597650	-2.463659E-6
-151.577023	-1.351039E-6
-151.556397	8.742015E-7
-151.535770	4.132589E-6
-151.515144	8.344650E-6
-151.494517	1.231829E-5
-151.473891	1.589457E-5
-151.453264	1.899401E-5
-151.432637	2.328555E-5
-151.412011	2.789497E-5
-151.391384	3.298124E-5
-151.370758	3.655752E-5
-151.350131	4.053116E-5
-151.329505	4.378955E-5
-151.308878	4.688899E-5
-151.288251	4.943212E-5
-151.267625	5.078316E-5
-151.246998	5.102158E-5
-151.226372	5.030632E-5
-151.205745	4.927317E-5
-151.185119	4.808108E-5
-151.164492	4.506111E-5
-151.143865	4.069010E-5
-151.123239	3.719330E-5
-151.102612	3.242493E-5
-151.081986	2.757708E-5
-151.061359	2.241135E-5
-151.040733	1.621246E-5
-151.020106	9.775162E-6
-150.999479	4.212062E-6
-150.978853	-1.748403E-6
-150.958226	-6.834666E-6
-150.937600	-1.152356E-5
-150.916973	-1.509984E-5
-150.896347	-1.827876E-5
-150.875720	-2.106031E-5
-150.855093	-2.217293E-5
-150.834467	-2.264977E-5
-150.813840	-2.296766E-5
-150.793214	-2.233187E-5
-150.772587	-2.193451E-5
-150.751961	-2.034505E-5
-150.731334	-1.724561E-5
-150.710707	-1.549721E-5
-150.690081	-1.414617E-5
-150.669454	-1.207987E-5
-150.648828	-9.775162E-6
-150.628201	-7.788340E-6
-150.607575	-6.834666E-6
-150.586948	-5.722046E-6
-150.566322	-5.483627E-6
-150.545695	-4.529953E-6
-150.525068	-4.609426E-6
-150.504442	-4.688899E-6
-150.483815	-4.291534E-6
-150.463189	-5.483627E-6
-150.442562	-5.404154E-6
-150.421936	-5.801519E-6
-150.401309	-6.039937E-6
-150.380682	-6.039937E-6
-150.360056	-5.086263E-6
-150.339429	-4.688899E-6
-150.318803	-3.417333E-6
-150.298176	-1.112620E-6
-150.277550	9.536743E-7
-150.256923	2.861023E-6
-150.236296	5.245209E-6
-150.215670	7.232030E-6
-150.195043	9.457270E-6
-150.174417	1.271566E-5
-150.153790	1.486142E-5
-150.133164	1.653035E-5
-150.112537	1.756350E-5
-150.091910	1.780192E-5
-150.071284	1.780192E-5
-150.050657	1.700719E-5
-150.030031	1.470248E-5
-150.009404	1.239777E-5
-149.988778	1.056989E-5
-149.968151	7.390976E-6
-149.947524	2.543132E-6
-149.926898	-1.271566E-6
-149.906271	-5.165736E-6
-149.885645	-9.139379E-6
-149.865018	-1.406670E-5
-149.844392	-1.994769E-5
-149.823765	-2.328555E-5
-149.803138	-2.654394E-5
-149.782512	-2.853076E-5
-149.761885	-2.940496E-5
-149.741259	-3.083547E-5
-149.720632	-3.059705E-5
-149.700006	-2.924601E-5
-149.679379	-2.781550E-5
-149.658752	-2.614657E-5
-149.638126	-2.304713E-5
-149.617499	-2.010663E-5
-149.596873	-1.629194E-5
-149.576246	-1.200040E-5
-149.555620	-6.993612E-6
-149.534993	-2.304713E-6
-149.514366	3.099442E-6
-149.493740	7.311503E-6
-149.473113	1.080831E-5
-149.452487	1.462301E-5
-149.431860	1.796087E-5
-149.411234	1.986821E-5
-149.390607	2.241135E-5
-149.369980	2.304713E-5
-149.349354	2.280871E-5
-149.328727	2.217293E-5
-149.308101	1.962980E-5
-149.287474	1.819928E-5
-149.266848	1.772245E-5
-149.246221	1.557668E-5
-149.225594	1.335144E-5
-149.204968	9.695689E-6
-149.184341	5.960464E-6
-149.163715	2.622604E-6
-149.143088	2.384186E-7
-149.122462	-3.576279E-6
-149.101835	-7.152557E-6
-149.081208	-9.218852E-6
-149.060582	-1.223882E-5
-149.039955	-1.486142E-5
-149.019329	-1.660983E-5
-148.998702	-1.780192E-5
-148.978076	-1.819928E-5
-148.957449	-1.891454E-5
-148.936822	-1.915296E-5
-148.916196	-1.939138E-5
-148.895569	-1.851718E-5
-148.874943	-1.724561E-5
-148.854316	-1.509984E-5
-148.833690	-1.319249E-5
-148.813063	-1.207987E-5
-148.792436	-1.096725E-5
-148.771810	-9.377797E-6
-148.751183	-6.596247E-6
-148.730557	-5.404154E-6
-148.709930	-5.324682E-6
-148.689304	-3.973643E-6
-148.668677	-3.814697E-6
-148.648050	-3.019969E-6
-148.627424	-3.019969E-6
-148.606797	-3.099442E-6
-148.586171	-2.781550E-6
-148.565544	-1.351039E-6
-148.544918	4.768372E-7
-148.524291	1.748403E-6
-148.503665	3.576279E-6
-148.483038	5.404154E-6
-148.462411	8.662542E-6
-148.441785	1.311302E-5
-148.421158	1.772245E-5
-148.400532	2.161662E-5
-148.379905	2.582868E-5
-148.359279	2.980232E-5
-148.338652	3.314018E-5
-148.318025	3.568331E-5
-148.297399	3.695488E-5
-148.276772	3.782908E-5
-148.256146	3.767014E-5
-148.235519	3.520648E-5
-148.214893	3.194809E-5
-148.194266	2.805392E-5
-148.173639	2.344449E-5
-148.153013	1.796087E-5
-148.132386	1.168251E-5
-148.111760	3.894170E-6
-148.091133	-3.576279E-6
-148.070507	-1.184146E-5
-148.049880	-2.002716E-5
-148.029253	-2.733866E-5
-148.008627	-3.385544E-5
-147.988000	-3.973643E-5
-147.967374	-4.450480E-5
-147.946747	-4.792213E-5
-147.926121	-4.990896E-5
-147.905494	-4.990896E-5
-147.884867	-4.831950E-5
-147.864241	-4.609426E-5
-147.843614	-4.156431E-5
-147.822988	-3.568331E-5
-147.802361	-3.043811E-5
-147.781735	-2.352397E-5
-147.761108	-1.573563E-5
-147.740481	-7.947286E-6
-147.719855	-7.947286E-8
-147.699228	8.026759E-6
-147.678602	1.573563E-5
-147.657975	2.209345E-5
-147.637349	2.861023E-5
-147.616722	3.290176E-5
-147.596095	3.552437E-5
-147.575469	3.774961E-5
-147.554842	3.846486E-5
-147.534216	3.719330E-5
-147.513589	3.409386E-5
-147.492963	3.012021E-5
-147.472336	2.463659E-5
-147.451709	1.843770E-5
-147.431083	1.144409E-5
-147.410456	4.053116E-6
-147.389830	-3.735224E-6
-147.369203	-1.088778E-5
-147.348577	-1.716614E-5
-147.327950	-2.241135E-5
-147.307323	-2.694130E-5
-147.286697	-3.170967E-5
-147.266070	-3.496806E-5
-147.245444	-3.639857E-5
-147.224817	-3.687541E-5
-147.204191	-3.600121E-5
-147.183564	-3.465017E-5
-147.162937	-3.131231E-5
-147.142311	-2.702077E-5
-147.121684	-2.320608E-5
-147.101058	-1.947085E-5
-147.080431	-1.478195E-5
-147.059805	-1.064936E-5
-147.039178	-7.470449E-6
-147.018551	-3.814697E-6
-146.997925	-1.589457E-6
-146.977298	1.112620E-6
-146.956672	3.337860E-6
-146.936045	5.563100E-6
-146.915419	7.073085E-6
-146.894792	7.788340E-6
-146.874165	8.185705E-6
-146.853539	8.424123E-6
-146.832912	7.311503E-6
-146.812286	5.404154E-6
-146.791659	5.801519E-6
-146.771033	6.675720E-6
-146.750406	6.119410E-6
-146.729779	6.516774E-6
-146.709153	8.106232E-6
-146.688526	9.218852E-6
-146.667900	1.056989E-5
-146.647273	1.184146E-5
-146.626647	1.303355E-5
-146.606020	1.525879E-5
-146.585393	1.780192E-5
-146.564767	2.034505E-5
-146.544140	2.185504E-5
-146.523514	2.304713E-5
-146.502887	2.241135E-5
-146.482261	2.161662E-5
-146.461634	2.113978E-5
-146.441008	1.835823E-5
-146.420381	1.438459E-5
-146.399754	1.144409E-5
-146.379128	7.947286E-6
-146.358501	3.417333E-6
-146.337875	-2.463659E-6
-146.317248	-8.344650E-6
-146.296622	-1.303355E-5
-146.275995	-1.780192E-5
-146.255368	-2.209345E-5
-146.234742	-2.662341E-5
-146.214115	-2.972285E-5
-146.193489	-3.202756E-5
-146.172862	-3.306071E-5
-146.152236	-3.337860E-5
-146.131609	-3.314018E-5
-146.110982	-3.178914E-5
-146.090356	-3.083547E-5
-146.069729	-2.686183E-5
-146.049103	-2.169609E-5
-146.028476	-1.724561E-5
-146.007850	-1.160304E-5
-145.987223	-6.198883E-6
-145.966596	-7.152557E-7
-145.945970	2.940496E-6
-145.925343	6.039937E-6
-145.904717	1.009305E-5
-145.884090	1.525879E-5
-145.863464	1.851718E-5
-145.842837	2.090136E-5
-145.822210	2.249082E-5
-145.801584	2.320608E-5
-145.780957	2.161662E-5
-145.760331	1.994769E-5
-145.739704	1.764297E-5
-145.719078	1.541773E-5
-145.698451	1.215935E-5
-145.677824	8.424123E-6
-145.657198	5.722046E-6
-145.636571	1.907349E-6
-145.615945	-1.271566E-6
-145.595318	-4.132589E-6
-145.574692	-6.516774E-6
-145.554065	-9.218852E-6
-145.533438	-1.064936E-5
-145.512812	-1.096725E-5
-145.492185	-1.160304E-5
-145.471559	-1.207987E-5
-145.450932	-1.192093E-5
-145.430306	-1.072884E-5
-145.409679	-9.775162E-6
-145.389052	-8.185705E-6
-145.368426	-6.357829E-6
-145.347799	-4.688899E-6
-145.327173	-2.622604E-6
-145.306546	-2.066294E-6
-145.285920	-1.192093E-6
-145.265293	-5.563100E-7
-145.244666	-7.152557E-7
-145.224040	-7.152557E-7
-145.203413	-1.986821E-6
-145.182787	-1.509984E-6
-145.162160	-1.112620E-6
-145.141534	-8.742015E-7
-145.120907	-3.973643E-7
-145.100280	-8.742015E-7
-145.079654	-3.973643E-7
-145.059027	3.973643E-7
-145.038401	7.947286E-7
-145.017774	1.509984E-6
-144.997148	2.702077E-6
-144.976521	4.371007E-6
-144.955894	6.198883E-6
-144.935268	9.059906E-6
-144.914641	1.056989E-5
-144.894015	1.168251E-5
-144.873388	1.239777E-5
-144.852762	1.358986E-5
-144.832135	1.486142E-5
-144.811508	1.621246E-5
-144.790882	1.660983E-5
-144.770255	1.589457E-5
-144.749629	1.557668E-5
-144.729002	1.470248E-5
-144.708376	1.271566E-5
-144.687749	1.041094E-5
-144.667122	8.424123E-6
-144.646496	5.483627E-6
-144.625869	3.337860E-6
-144.605243	-3.178914E-7
-144.584616	-3.973643E-6
-144.563990	-8.662542E-6
-144.543363	-1.160304E-5
-144.522736	-1.470248E-5
-144.502110	-1.708666E-5
-144.481483	-2.058347E-5
-144.460857	-2.400080E-5
-144.440230	-2.606710E-5
-144.419604	-2.797445E-5
-144.398977	-2.789497E-5
-144.378351	-2.614657E-5
-144.357724	-2.487501E-5
-144.337097	-2.264977E-5
-144.316471	-1.986821E-5
-144.295844	-1.637141E-5
-144.275218	-1.200040E-5
-144.254591	-7.232030E-6
-144.233965	-2.066294E-6
-144.213338	2.463659E-6
-144.192711	6.437302E-6
-144.172085	1.064936E-5
-144.151458	1.430511E-5
-144.130832	1.796087E-5
-144.110205	2.129873E-5
-144.089579	2.320608E-5
-144.068952	2.376239E-5
-144.048325	2.368291E-5
-144.027699	2.463659E-5
-144.007072	2.471606E-5
-143.986446	2.304713E-5
-143.965819	2.121925E-5
-143.945193	1.939138E-5
-143.924566	1.541773E-5
-143.903939	1.136462E-5
-143.883313	8.265177E-6
-143.862686	4.450480E-6
-143.842060	7.947286E-8
-143.821433	-4.529953E-6
-143.800807	-8.424123E-6
-143.780180	-1.223882E-5
-143.759553	-1.613299E-5
-143.738927	-1.923243E-5
-143.718300	-2.193451E-5
-143.697674	-2.423922E-5
-143.677047	-2.479553E-5
-143.656421	-2.559026E-5
-143.635794	-2.614657E-5
-143.615167	-2.527237E-5
-143.594541	-2.439817E-5
-143.573914	-2.249082E-5
-143.553288	-2.002716E-5
-143.532661	-1.716614E-5
-143.512035	-1.366933E-5
-143.491408	-9.298325E-6
-143.470781	-5.165736E-6
-143.450155	-1.907349E-6
-143.429528	1.271566E-6
-143.408902	4.609426E-6
-143.388275	8.265177E-6
-143.367649	1.056989E-5
-143.347022	1.438459E-5
-143.326395	1.676877E-5
-143.305769	1.668930E-5
-143.285142	1.708666E-5
-143.264516	1.827876E-5
-143.243889	1.859665E-5
-143.223263	1.764297E-5
-143.202636	1.676877E-5
-143.182009	1.645088E-5
-143.161383	1.581510E-5
-143.140756	1.478195E-5
-143.120130	1.303355E-5
-143.099503	1.215935E-5
-143.078877	1.041094E-5
-143.058250	9.218852E-6
-143.037623	8.106232E-6
-143.016997	7.152557E-6
-142.996370	5.642573E-6
-142.975744	5.722046E-6
-142.955117	5.483627E-6
-142.934491	3.894170E-6
-142.913864	2.781550E-6
-142.893237	2.781550E-6
-142.872611	2.543132E-6
-142.851984	1.668930E-6
-142.831358	1.192093E-6
-142.810731	6.357829E-7
-142.790105	0.000000
-142.769478	3.178914E-7
-142.748851	1.589457E-7
-142.728225	-1.509984E-6
-142.707598	-2.145767E-6
-142.686972	-2.145767E-6
-142.666345	-3.258387E-6
-142.645719	-4.609426E-6
-142.625092	-4.768372E-6
-142.604465	-5.801519E-6
-142.583839	-6.357829E-6
-142.563212	-8.026759E-6
-142.542586	-9.695689E-6
-142.521959	-1.088778E-5
-142.501333	-1.255671E-5
-142.480706	-1.358986E-5
-142.460079	-1.422564E-5
-142.439453	-1.406670E-5
-142.418826	-1.430511E-5
-142.398200	-1.557668E-5
-142.377573	-1.382828E-5
-142.356947	-1.366933E-5
-142.336320	-1.303355E-5
-142.315694	-1.184146E-5
-142.295067	-9.695689E-6
-142.274440	-7.708867E-6
-142.253814	-6.357829E-6
-142.233187	-4.768372E-6
-142.212561	-2.066294E-6
-142.191934	3.973643E-7
-142.171308	2.145767E-6
-142.150681	2.861023E-6
-142.130054	3.496806E-6
-142.109428	3.337860E-6
-142.088801	2.543132E-6
-142.068175	1.986821E-6
-142.047548	2.861023E-6
-142.026922	2.304713E-6
-142.006295	1.112620E-6
-141.985668	5.563100E-7
-141.965042	-6.357829E-7
-141.944415	-2.145767E-6
-141.923789	-3.019969E-6
-141.903162	-3.973643E-6
-141.882536	-5.086263E-6
-141.861909	-5.404154E-6
-141.841282	-5.165736E-6
-141.820656	-6.119410E-6
-141.800029	-7.470449E-6
-141.779403	-7.708867E-6
-141.758776	-6.675720E-6
-141.738150	-5.642573E-6
-141.717523	-5.483627E-6
-141.696896	-4.847844E-6
-141.676270	-3.894170E-6
-141.655643	-3.417333E-6
-141.635017	-2.781550E-6
-141.614390	-1.907349E-6
-141.593764	-7.947286E-7
-141.573137	-3.973643E-7
-141.552510	9.536743E-7
-141.531884	3.417333E-6
-141.511257	4.529953E-6
-141.490631	5.404154E-6
-141.470004	7.152557E-6
-141.449378	8.980433E-6
-141.428751	1.104673E-5
-141.408124	1.279513E-5
-141.387498	1.438459E-5
-141.366871	1.676877E-5
-141.346245	1.804034E-5
-141.325618	1.780192E-5
-141.304992	1.804034E-5
-141.284365	1.804034E-5
-141.263738	1.883507E-5
-141.243112	1.883507E-5
-141.222485	1.827876E-5
-141.201859	1.827876E-5
-141.181232	1.859665E-5
-141.160606	1.764297E-5
-141.139979	1.653035E-5
-141.119352	1.517932E-5
-141.098726	1.343091E-5
-141.078099	1.176198E-5
-141.057473	9.775162E-6
-141.036846	7.232030E-6
-141.016220	5.006790E-6
-140.995593	2.781550E-6
-140.974966	3.973643E-7
-140.954340	-1.430511E-6
-140.933713	-3.814697E-6
-140.913087	-5.880992E-6
-140.892460	-8.583069E-6
-140.871834	-1.056989E-5
-140.851207	-1.223882E-5
-140.830580	-1.343091E-5
-140.809954	-1.398722E-5
-140.789327	-1.541773E-5
-140.768701	-1.668930E-5
-140.748074	-1.724561E-5
-140.727448	-1.796087E-5
-140.706821	-1.843770E-5
-140.686194	-1.899401E-5
-140.665568	-1.851718E-5
-140.644941	-1.804034E-5
-140.624315	-1.645088E-5
-140.603688	-1.422564E-5
-140.583062	-1.192093E-5
-140.562435	-9.457270E-6
-140.541808	-6.357829E-6
-140.521182	-3.337860E-6
-140.500555	7.947286E-7
-140.479929	4.609426E-6
-140.459302	8.265177E-6
-140.438676	1.207987E-5
-140.418049	1.502037E-5
-140.397422	1.788139E-5
-140.376796	1.955032E-5
-140.356169	2.050400E-5
-140.335543	2.002716E-5
-140.314916	1.899401E-5
-140.294290	1.796087E-5
-140.273663	1.629194E-5
-140.253037	1.446406E-5
-140.232410	1.184146E-5
-140.211783	8.503596E-6
-140.191157	5.006790E-6
-140.170530	1.907349E-6
-140.149904	-5.563100E-7
-140.129277	-3.894170E-6
-140.108651	-6.119410E-6
-140.088024	-7.549922E-6
-140.067397	-9.218852E-6
-140.046771	-9.616216E-6
-140.026144	-9.377797E-6
-140.005518	-9.298325E-6
-139.984891	-9.218852E-6
-139.964265	-7.788340E-6
-139.943638	-6.675720E-6
-139.923011	-5.642573E-6
-139.902385	-4.768372E-6
-139.881758	-2.702077E-6
-139.861132	-1.351039E-6
-139.840505	1.033147E-6
-139.819879	2.543132E-6
-139.799252	2.145767E-6
-139.778625	2.543132E-6
-139.757999	3.655752E-6
-139.737372	5.006790E-6
-139.716746	4.609426E-6
-139.696119	4.688899E-6
-139.675493	3.973643E-6
-139.654866	3.178914E-6
-139.634239	2.622604E-6
-139.613613	1.033147E-6
-139.592986	-2.384186E-7
-139.572360	-3.099442E-6
-139.551733	-5.086263E-6
-139.531107	-5.642573E-6
-139.510480	-6.675720E-6
-139.489853	-7.708867E-6
-139.469227	-8.026759E-6
-139.448600	-7.867813E-6
-139.427974	-7.152557E-6
-139.407347	-5.563100E-6
-139.386721	-3.814697E-6
-139.366094	-1.589457E-6
-139.345467	1.271566E-6
-139.324841	3.258387E-6
-139.304214	6.119410E-6
-139.283588	7.867813E-6
-139.262961	9.377797E-6
-139.242335	1.168251E-5
-139.221708	1.430511E-5
-139.201081	1.589457E-5
-139.180455	1.668930E-5
-139.159828	1.772245E-5
-139.139202	1.796087E-5
-139.118575	1.756350E-5
-139.097949	1.589457E-5
-139.077322	1.478195E-5
-139.056695	1.327197E-5
-139.036069	1.184146E-5
-139.015442	9.377797E-6
-138.994816	6.993612E-6
-138.974189	5.006790E-6
-138.953563	2.543132E-6
-138.932936	-7.152557E-7
-138.912309	-3.258387E-6
-138.891683	-5.801519E-6
-138.871056	-8.424123E-6
-138.850430	-1.088778E-5
-138.829803	-1.239777E-5
-138.809177	-1.366933E-5
-138.788550	-1.502037E-5
-138.767923	-1.565615E-5
-138.747297	-1.509984E-5
-138.726670	-1.398722E-5
-138.706044	-1.279513E-5
-138.685417	-1.112620E-5
-138.664791	-8.742015E-6
-138.644164	-4.847844E-6
-138.623537	-1.907349E-6
-138.602911	1.351039E-6
-138.582284	5.086263E-6
-138.561658	1.009305E-5
-138.541031	1.311302E-5
-138.520405	1.557668E-5
-138.499778	1.804034E-5
-138.479151	1.962980E-5
-138.458525	2.169609E-5
-138.437898	2.249082E-5
-138.417272	2.249082E-5
-138.396645	2.177556E-5
-138.376019	2.002716E-5
-138.355392	1.867612E-5
-138.334765	1.653035E-5
-138.314139	1.390775E-5
-138.293512	1.144409E-5
-138.272886	8.662542E-6
-138.252259	6.198883E-6
-138.231633	4.291534E-6
-138.211006	3.099442E-6
-138.190380	1.351039E-6
-138.169753	-5.563100E-7
-138.149126	-1.668930E-6
-138.128500	-1.589457E-6
-138.107873	-9.536743E-7
-138.087247	7.947286E-8
-138.066620	1.907349E-6
-138.045994	4.529953E-6
-138.025367	5.960464E-6
-138.004740	7.708867E-6
-137.984114	9.139379E-6
-137.963487	1.120567E-5
-137.942861	1.303355E-5
-137.922234	1.462301E-5
-137.901608	1.549721E-5
-137.880981	1.716614E-5
-137.860354	1.756350E-5
-137.839728	1.732508E-5
-137.819101	1.700719E-5
-137.798475	1.525879E-5
-137.777848	1.406670E-5
-137.757222	1.223882E-5
-137.736595	1.056989E-5
-137.715968	8.424123E-6
-137.695342	5.880992E-6
-137.674715	4.053116E-6
-137.654089	2.861023E-6
-137.633462	2.384186E-6
-137.612836	2.304713E-6
-137.592209	1.589457E-6
-137.571582	2.940496E-6
-137.550956	5.006790E-6
-137.530329	7.073085E-6
-137.509703	9.298325E-6
-137.489076	1.144409E-5
-137.468450	1.438459E-5
-137.447823	1.676877E-5
-137.427196	1.939138E-5
-137.406570	2.129873E-5
-137.385943	2.233187E-5
-137.365317	2.225240E-5
-137.344690	2.241135E-5
-137.324064	2.090136E-5
-137.303437	1.851718E-5
-137.282810	1.557668E-5
-137.262184	1.215935E-5
-137.241557	7.708867E-6
-137.220931	3.337860E-6
-137.200304	-1.192093E-6
-137.179678	-5.563100E-6
-137.159051	-1.041094E-5
-137.138424	-1.549721E-5
-137.117798	-2.026558E-5
-137.097171	-2.360344E-5
-137.076545	-2.614657E-5
-137.055918	-2.924601E-5
-137.035292	-3.115336E-5
-137.014665	-3.186862E-5
-136.994038	-3.266335E-5
-136.973412	-3.266335E-5
-136.952785	-3.147125E-5
-136.932159	-3.067652E-5
-136.911532	-2.932549E-5
-136.890906	-2.821287E-5
-136.870279	-2.638499E-5
-136.849652	-2.376239E-5
-136.829026	-2.098083E-5
-136.808399	-1.962980E-5
-136.787773	-1.772245E-5
-136.767146	-1.724561E-5
-136.746520	-1.581510E-5
-136.725893	-1.525879E-5
-136.705266	-1.509984E-5
-136.684640	-1.494090E-5
-136.664013	-1.494090E-5
-136.643387	-1.581510E-5
-136.622760	-1.668930E-5
-136.602134	-1.867612E-5
-136.581507	-1.978874E-5
-136.560880	-2.161662E-5
-136.540254	-2.288818E-5
-136.519627	-2.376239E-5
-136.499001	-2.455711E-5
-136.478374	-2.431870E-5
-136.457748	-2.415975E-5
-136.437121	-2.296766E-5
-136.416494	-2.145767E-5
-136.395868	-1.835823E-5
-136.375241	-1.533826E-5
-136.354615	-1.104673E-5
-136.333988	-6.755193E-6
-136.313362	-2.543132E-6
-136.292735	2.702077E-6
-136.272108	6.834666E-6
-136.251482	1.096725E-5
-136.230855	1.462301E-5
-136.210229	1.764297E-5
-136.189602	1.827876E-5
-136.168976	1.788139E-5
-136.148349	1.668930E-5
-136.127723	1.470248E-5
-136.107096	1.080831E-5
-136.086469	4.768372E-6
-136.065843	-1.112620E-6
-136.045216	-7.788340E-6
-136.024590	-1.446406E-5
-136.003963	-2.066294E-5
-135.983337	-2.654394E-5
-135.962710	-3.155073E-5
-135.942083	-3.584226E-5
-135.921457	-3.949801E-5
-135.900830	-4.108747E-5
-135.880204	-4.092852E-5
-135.859577	-3.918012E-5
-135.838951	-3.647804E-5
-135.818324	-3.242493E-5
-135.797697	-2.678235E-5
-135.777071	-1.962980E-5
-135.756444	-1.231829E-5
-135.735818	-4.688899E-6
-135.715191	3.496806E-6
-135.694565	1.088778E-5
-135.673938	1.819928E-5
-135.653311	2.630552E-5
-135.632685	3.218651E-5
-135.612058	3.608068E-5
-135.591432	3.941854E-5
-135.570805	4.100800E-5
-135.550179	4.212062E-5
-135.529552	4.164378E-5
-135.508925	3.910065E-5
-135.488299	3.449122E-5
-135.467672	2.924601E-5
-135.447046	2.368291E-5
-135.426419	1.764297E-5
-135.405793	1.025200E-5
-135.385166	3.258387E-6
-135.364539	-4.450480E-6
-135.343913	-1.136462E-5
-135.323286	-1.788139E-5
-135.302660	-2.519290E-5
-135.282033	-3.027916E-5
-135.261407	-3.449122E-5
-135.240780	-3.655752E-5
-135.220153	-3.894170E-5
-135.199527	-4.045169E-5
-135.178900	-4.053116E-5
-135.158274	-3.910065E-5
-135.137647	-3.751119E-5
-135.117021	-3.393491E-5
-135.096394	-2.908707E-5
-135.075767	-2.423922E-5
-135.055141	-1.804034E-5
-135.034514	-1.215935E-5
-135.013888	-5.245209E-6
-134.993261	1.192093E-6
-134.972635	6.596247E-6
-134.952008	1.239777E-5
-134.931381	1.819928E-5
-134.910755	2.257029E-5
-134.890128	2.630552E-5
-134.869502	2.988180E-5
-134.848875	3.306071E-5
-134.828249	3.433228E-5
-134.807622	3.385544E-5
-134.786995	3.337860E-5
-134.766369	3.091494E-5
-134.745742	2.797445E-5
-134.725116	2.630552E-5
-134.704489	2.249082E-5
-134.683863	1.819928E-5
-134.663236	1.525879E-5
-134.642609	1.247724E-5
-134.621983	9.298325E-6
-134.601356	7.629395E-6
-134.580730	7.232030E-6
-134.560103	6.993612E-6
-134.539477	7.708867E-6
-134.518850	9.934107E-6
-134.498223	1.430511E-5
-134.477597	2.026558E-5
-134.456970	2.495448E-5
-134.436344	3.282229E-5
-134.415717	4.053116E-5
-134.395091	4.792213E-5
-134.374464	5.435944E-5
-134.353837	6.103516E-5
-134.333211	6.810824E-5
-134.312584	7.255872E-5
-134.291958	7.637342E-5
-134.271331	7.796288E-5
-134.250705	7.923444E-5
-134.230078	7.971128E-5
-134.209452	7.987022E-5
-134.188825	7.875760E-5
-134.168198	7.700920E-5
-134.147572	7.526080E-5
-134.126945	7.303556E-5
-134.106319	7.104874E-5
-134.085692	6.977717E-5
-134.065066	7.033348E-5
-134.044439	7.033348E-5
-134.023812	7.192294E-5
-134.003186	7.375081E-5
-133.982559	7.700920E-5
-133.961933	8.098284E-5
-133.941306	8.591016E-5
-133.920680	8.948644E-5
-133.900053	9.258588E-5
-133.879426	9.608269E-5
-133.858800	9.751320E-5
-133.838173	9.719531E-5
-133.817547	9.353956E-5
-133.796920	8.980433E-5
-133.776294	8.447965E-5
-133.755667	7.613500E-5
-133.735040	6.484985E-5
-133.714414	5.292892E-5
-133.693787	3.933907E-5
-133.673161	2.280871E-5
-133.652534	6.516774E-6
-133.631908	-1.144409E-5
-133.611281	-2.765656E-5
-133.590654	-4.196167E-5
-133.570028	-5.539258E-5
-133.549401	-6.866455E-5
-133.528775	-8.098284E-5
-133.508148	-9.210904E-5
-133.487522	-0.000101
-133.466895	-0.000106
-133.446268	-0.000111
-133.425642	-0.000114
-133.405015	-0.000116
-133.384389	-0.000116
-133.363762	-0.000115
-133.343136	-0.000112
-133.322509	-0.000109
-133.301882	-0.000106
-133.281256	-0.000102
-133.260629	-9.679794E-5
-133.240003	-9.067853E-5
-133.219376	-8.463860E-5
-133.198750	-7.740657E-5
-133.178123	-7.009506E-5
-133.157496	-6.047885E-5
-133.136870	-4.895528E-5
-133.116243	-3.814697E-5
-133.095617	-2.686183E-5
-133.074990	-1.660983E-5
-133.054364	-5.324682E-6
-133.033737	5.165736E-6
-133.013110	1.438459E-5
-132.992484	2.360344E-5
-132.971857	3.178914E-5
-132.951231	3.782908E-5
-132.930604	4.116694E-5
-132.909978	4.227956E-5
-132.889351	4.069010E-5
-132.868724	3.631910E-5
-132.848098	2.876918E-5
-132.827471	1.788139E-5
-132.806845	5.960464E-6
-132.786218	-7.788340E-6
-132.765592	-2.638499E-5
-132.744965	-4.824003E-5
-132.724338	-7.200241E-5
-132.703712	-9.663900E-5
-132.683085	-0.000124
-132.662459	-0.000150
-132.641832	-0.000175
-132.621206	-0.000198
-132.600579	-0.000219
-132.579952	-0.000238
-132.559326	-0.000257
-132.538699	-0.000274
-132.518073	-0.000287
-132.497446	-0.000300
-132.476820	-0.000311
-132.456193	-0.000319
-132.435566	-0.000326
-132.414940	-0.000336
-132.394313	-0.000351
-132.373687	-0.000370
-132.353060	-0.000397
-132.332434	-0.000429
-132.311807	-0.000464
-132.291180	-0.000506
-132.270554	-0.000556
-132.249927	-0.000615
-132.229301	-0.000679
-132.208674	-0.000747
-132.188048	-0.000814
-132.167421	-0.000872
-132.146795	-0.000926
-132.126168	-0.000969
-132.105541	-0.000996
-132.084915	-0.001013
-132.064288	-0.001012
-132.043662	-0.000989
-132.023035	-0.000935
-132.002409	-0.000856
-131.981782	-0.000755
-131.961155	-0.000632
-131.940529	-0.000485
-131.919902	-0.000318
-131.899276	-0.000137
-131.878649	5.737940E-5
-131.858023	0.000250
-131.837396	0.000443
-131.816769	0.000649
-131.796143	0.000858
-131.775516	0.001059
-131.754890	0.001237
-131.734263	0.001385
-131.713637	0.001506
-131.693010	0.001604
-131.672383	0.001676
-131.651757	0.001717
-131.631130	0.001732
-131.610504	0.001719
-131.589877	0.001685
-131.569251	0.001637
-131.548624	0.001575
-131.527997	0.001481
-131.507371	0.001371
-131.486744	0.001261
-131.466118	0.001138
-131.445491	0.001003
-131.424865	0.000873
-131.404238	0.000740
-131.383611	0.000609
-131.362985	0.000487
-131.342358	0.000372
-131.321732	0.000259
-131.301105	0.000151
-131.280479	5.149841E-5
-131.259852	-3.465017E-5
-131.239225	-0.000108
-131.218599	-0.000169
-131.197972	-0.000221
-131.177346	-0.000265
-131.156719	-0.000302
-131.136093	-0.000329
-131.115466	-0.000351
-131.094839	-0.000369
-131.074213	-0.000379
-131.053586	-0.000382
-131.032960	-0.000382
-131.012333	-0.000377
-130.991707	-0.000370
-130.971080	-0.000363
-130.950453	-0.000354
-130.929827	-0.000343
-130.909200	-0.000328
-130.888574	-0.000313
-130.867947	-0.000300
-130.847321	-0.000285
-130.826694	-0.000270
-130.806067	-0.000256
-130.785441	-0.000242
-130.764814	-0.000227
-130.744188	-0.000213
-130.723561	-0.000200
-130.702935	-0.000188
-130.682308	-0.000177
-130.661681	-0.000167
-130.641055	-0.000157
-130.620428	-0.000148
-130.599802	-0.000139
-130.579175	-0.000130
-130.558549	-0.000122
-130.537922	-0.000115
-130.517295	-0.000108
-130.496669	-0.000102
-130.476042	-9.703636E-5
-130.455416	-9.179115E-5
-130.434789	-8.813540E-5
-130.414163	-8.455912E-5
-130.393536	-8.082390E-5
-130.372909	-7.478396E-5
-130.352283	-6.985664E-5
-130.331656	-6.731351E-5
-130.311030	-6.461143E-5
-130.290403	-6.103516E-5
-130.269777	-5.833308E-5
-130.249150	-5.626678E-5
-130.228523	-5.388260E-5
-130.207897	-5.125999E-5
-130.187270	-4.895528E-5
-130.166644	-4.649162E-5
-130.146017	-4.537900E-5
-130.125391	-4.347165E-5
-130.104764	-4.108747E-5
-130.084138	-3.933907E-5
-130.063511	-3.790855E-5
-130.042884	-3.655752E-5
-130.022258	-3.576279E-5
-130.001631	-3.457069E-5
-129.981005	-3.353755E-5
-129.960378	-3.186862E-5
-129.939752	-2.996127E-5
-129.919125	-2.853076E-5
-129.898498	-2.765656E-5
-129.877872	-2.678235E-5
-129.857245	-2.590815E-5
-129.836619	-2.527237E-5
-129.815992	-2.400080E-5
-129.795366	-2.328555E-5
-129.774739	-2.233187E-5
-129.754112	-2.074242E-5
-129.733486	-2.066294E-5
-129.712859	-1.978874E-5
-129.692233	-1.827876E-5
-129.671606	-1.756350E-5
-129.650980	-1.645088E-5
-129.630353	-1.589457E-5
-129.609726	-1.478195E-5
-129.589100	-1.414617E-5
-129.568473	-1.335144E-5
-129.547847	-1.295408E-5
-129.527220	-1.255671E-5
-129.506594	-1.223882E-5
-129.485967	-1.160304E-5
-129.465340	-1.064936E-5
-129.444714	-9.139379E-6
-129.424087	-8.821487E-6
-129.403461	-8.503596E-6
-129.382834	-8.106232E-6
-129.362208	-7.549922E-6
-129.341581	-6.675720E-6
-129.320954	-6.039937E-6
-129.300328	-5.086263E-6
-129.279701	-4.609426E-6
-129.259075	-3.337860E-6
-129.238448	-3.019969E-6
-129.217822	-3.258387E-6
-129.197195	-2.702077E-6
-129.176568	-3.178914E-6
-129.155942	-2.384186E-6
-129.135315	-1.907349E-6
-129.114689	-2.145767E-6
-129.094062	-1.351039E-6
-129.073436	-1.192093E-6
-129.052809	-1.192093E-6
-129.032182	-1.192093E-6
-129.011556	-2.384186E-7
-128.990929	3.973643E-7
-128.970303	7.947286E-8
-128.949676	0.000000
-128.929050	7.947286E-7
-128.908423	-2.384186E-7
-128.887796	7.947286E-8
-128.867170	3.973643E-7
-128.846543	5.563100E-7
-128.825917	4.768372E-7
-128.805290	9.536743E-7
-128.784664	4.768372E-7
-128.764037	1.271566E-6
-128.743410	1.668930E-6
-128.722784	8.742015E-7
-128.702157	6.357829E-7
-128.681531	1.192093E-6
-128.660904	1.351039E-6
-128.640278	1.986821E-6
-128.619651	1.271566E-6
-128.599024	5.563100E-7
-128.578398	7.152557E-7
-128.557771	1.430511E-6
-128.537145	1.430511E-6
-128.516518	1.986821E-6
-128.495892	2.145767E-6
-128.475265	2.781550E-6
-128.454638	1.192093E-6
-128.434012	1.827876E-6
-128.413385	2.225240E-6
-128.392759	2.702077E-6
-128.372132	2.543132E-6
-128.351506	2.463659E-6
-128.330879	2.145767E-6
-128.310252	1.907349E-6
-128.289626	2.145767E-6
-128.268999	1.986821E-6
-128.248373	1.351039E-6
-128.227746	8.742015E-7
-128.207120	7.947286E-7
-128.186493	1.192093E-6
-128.165866	1.986821E-6
-128.145240	1.748403E-6
-128.124613	1.668930E-6
-128.103987	1.589457E-6
-128.083360	2.145767E-6
-128.062734	2.463659E-6
-128.042107	1.986821E-6
-128.021481	1.907349E-6
