-155.001034	1.088778E-5
-154.980407	1.152356E-5
-154.959781	1.541773E-5
-154.939154	1.851718E-5
-154.918528	2.185504E-5
-154.897901	2.304713E-5
-154.877275	2.233187E-5
-154.856648	2.201398E-5
-154.836021	1.986821E-5
-154.815395	1.724561E-5
-154.794768	1.446406E-5
-154.774142	1.104673E-5
-154.753515	6.437302E-6
-154.732889	1.986821E-6
-154.712262	-2.304713E-6
-154.691636	-6.914139E-6
-154.671009	-1.144409E-5
-154.650382	-1.470248E-5
-154.629756	-1.772245E-5
-154.609129	-2.113978E-5
-154.588503	-2.264977E-5
-154.567876	-2.447764E-5
-154.547250	-2.503395E-5
-154.526623	-2.384186E-5
-154.505996	-2.169609E-5
-154.485370	-2.010663E-5
-154.464743	-1.796087E-5
-154.444117	-1.525879E-5
-154.423490	-1.088778E-5
-154.402864	-6.993612E-6
-154.382237	-3.655752E-6
-154.361610	7.947286E-7
-154.340984	4.371007E-6
-154.320357	8.344650E-6
-154.299731	1.096725E-5
-154.279104	1.446406E-5
-154.258478	1.645088E-5
-154.237851	1.756350E-5
-154.217224	1.780192E-5
-154.196598	1.764297E-5
-154.175971	1.700719E-5
-154.155345	1.557668E-5
-154.134718	1.398722E-5
-154.114092	1.080831E-5
-154.093465	7.311503E-6
-154.072838	4.132589E-6
-154.052212	3.178914E-7
-154.031585	-2.622604E-6
-154.010959	-5.404154E-6
-153.990332	-8.583069E-6
-153.969706	-1.017253E-5
-153.949079	-1.152356E-5
-153.928452	-1.271566E-5
-153.907826	-1.263618E-5
-153.887199	-1.239777E-5
-153.866573	-1.096725E-5
-153.845946	-8.821487E-6
-153.825320	-7.788340E-6
-153.804693	-5.880992E-6
-153.784066	-2.702077E-6
-153.763440	-2.384186E-7
-153.742813	2.940496E-6
-153.722187	5.563100E-6
-153.701560	8.344650E-6
-153.680934	9.536743E-6
-153.660307	1.064936E-5
-153.639680	1.200040E-5
-153.619054	1.168251E-5
-153.598427	1.049042E-5
-153.577801	9.457270E-6
-153.557174	7.470449E-6
-153.536548	5.880992E-6
-153.515921	3.576279E-6
-153.495294	4.768372E-7
-153.474668	-2.781550E-6
-153.454041	-4.768372E-6
-153.433415	-6.755193E-6
-153.412788	-7.311503E-6
-153.392162	-7.867813E-6
-153.371535	-7.788340E-6
-153.350908	-7.152557E-6
-153.330282	-5.404154E-6
-153.309655	-3.099442E-6
-153.289029	-1.112620E-6
-153.268402	3.576279E-6
-153.247776	7.152557E-6
-153.227149	1.088778E-5
-153.206522	1.406670E-5
-153.185896	1.684825E-5
-153.165269	1.962980E-5
-153.144643	2.177556E-5
-153.124016	2.249082E-5
-153.103390	2.264977E-5
-153.082763	2.177556E-5
-153.062136	2.026558E-5
-153.041510	1.859665E-5
-153.020883	1.668930E-5
-153.000257	1.343091E-5
-152.979630	1.056989E-5
-152.959004	6.039937E-6
-152.938377	3.178914E-6
-152.917750	-3.178914E-7
-152.897124	-3.655752E-6
-152.876497	-7.788340E-6
-152.855871	-1.152356E-5
-152.835244	-1.470248E-5
-152.814618	-1.716614E-5
-152.793991	-1.962980E-5
-152.773364	-2.090136E-5
-152.752738	-2.225240E-5
-152.732111	-2.249082E-5
-152.711485	-2.185504E-5
-152.690858	-2.018611E-5
-152.670232	-1.811981E-5
-152.649605	-1.581510E-5
-152.628979	-1.358986E-5
-152.608352	-1.041094E-5
-152.587725	-7.708867E-6
-152.567099	-5.722046E-6
-152.546472	-3.178914E-6
-152.525846	-3.973643E-7
-152.505219	2.304713E-6
-152.484593	4.450480E-6
-152.463966	4.847844E-6
-152.443339	5.880992E-6
-152.422713	5.245209E-6
-152.402086	3.894170E-6
-152.381460	3.178914E-6
-152.360833	2.543132E-6
-152.340207	7.947286E-7
-152.319580	-7.152557E-7
-152.298953	-3.258387E-6
-152.278327	-4.768372E-6
-152.257700	-6.198883E-6
-152.237074	-7.232030E-6
-152.216447	-8.742015E-6
-152.195821	-8.424123E-6
-152.175194	-7.311503E-6
-152.154567	-6.755193E-6
-152.133941	-5.483627E-6
-152.113314	-3.814697E-6
-152.092688	-1.589457E-6
-152.072061	4.768372E-7
-152.051435	3.178914E-6
-152.030808	5.880992E-6
-152.010181	7.549922E-6
-151.989555	8.662542E-6
-151.968928	9.775162E-6
-151.948302	1.072884E-5
-151.927675	1.025200E-5
-151.907049	1.041094E-5
-151.886422	8.583069E-6
-151.865795	6.675720E-6
-151.845169	5.245209E-6
-151.824542	2.304713E-6
-151.803916	-1.668930E-6
-151.783289	-6.198883E-6
-151.762663	-9.536743E-6
-151.742036	-1.287460E-5
-151.721409	-1.613299E-5
-151.700783	-1.907349E-5
-151.680156	-2.177556E-5
-151.659530	-2.376239E-5
-151.638903	-2.471606E-5
-151.618277	-2.574921E-5
-151.597650	-2.694130E-5
-151.577023	-2.717972E-5
-151.556397	-2.710025E-5
-151.535770	-2.638499E-5
-151.515144	-2.574921E-5
-151.494517	-2.439817E-5
-151.473891	-2.376239E-5
-151.453264	-2.217293E-5
-151.432637	-2.066294E-5
-151.412011	-1.962980E-5
-151.391384	-1.788139E-5
-151.370758	-1.605352E-5
-151.350131	-1.541773E-5
-151.329505	-1.517932E-5
-151.308878	-1.525879E-5
-151.288251	-1.525879E-5
-151.267625	-1.494090E-5
-151.246998	-1.470248E-5
-151.226372	-1.494090E-5
-151.205745	-1.414617E-5
-151.185119	-1.335144E-5
-151.164492	-1.247724E-5
-151.143865	-1.168251E-5
-151.123239	-9.775162E-6
-151.102612	-6.834666E-6
-151.081986	-3.496806E-6
-151.061359	3.178914E-7
-151.040733	4.847844E-6
-151.020106	1.072884E-5
-150.999479	1.684825E-5
-150.978853	2.360344E-5
-150.958226	2.916654E-5
-150.937600	3.528595E-5
-150.916973	4.164378E-5
-150.896347	4.736582E-5
-150.875720	5.340576E-5
-150.855093	5.729993E-5
-150.834467	6.143252E-5
-150.813840	6.492933E-5
-150.793214	6.771088E-5
-150.772587	6.850561E-5
-150.751961	6.715457E-5
-150.731334	6.349881E-5
-150.710707	5.992254E-5
-150.690081	5.531311E-5
-150.669454	4.871686E-5
-150.648828	4.204114E-5
-150.628201	3.576279E-5
-150.607575	2.861023E-5
-150.586948	2.058347E-5
-150.566322	1.279513E-5
-150.545695	4.688899E-6
-150.525068	-3.019969E-6
-150.504442	-1.033147E-5
-150.483815	-1.668930E-5
-150.463189	-2.098083E-5
-150.442562	-2.455711E-5
-150.421936	-2.654394E-5
-150.401309	-2.781550E-5
-150.380682	-2.916654E-5
-150.360056	-2.900759E-5
-150.339429	-2.781550E-5
-150.318803	-2.598763E-5
-150.298176	-2.336502E-5
-150.277550	-1.907349E-5
-150.256923	-1.557668E-5
-150.236296	-1.271566E-5
-150.215670	-1.001358E-5
-150.195043	-7.788340E-6
-150.174417	-6.357829E-6
-150.153790	-4.529953E-6
-150.133164	-3.973643E-6
-150.112537	-3.496806E-6
-150.091910	-3.973643E-6
-150.071284	-3.735224E-6
-150.050657	-4.529953E-6
-150.030031	-5.880992E-6
-150.009404	-6.596247E-6
-149.988778	-8.185705E-6
-149.968151	-8.424123E-6
-149.947524	-8.742015E-6
-149.926898	-8.185705E-6
-149.906271	-7.788340E-6
-149.885645	-6.993612E-6
-149.865018	-5.165736E-6
-149.844392	-2.066294E-6
-149.823765	5.563100E-7
-149.803138	4.450480E-6
-149.782512	7.867813E-6
-149.761885	1.144409E-5
-149.741259	1.494090E-5
-149.720632	1.875559E-5
-149.700006	2.129873E-5
-149.679379	2.471606E-5
-149.658752	2.646446E-5
-149.638126	2.670288E-5
-149.617499	2.590815E-5
-149.596873	2.408028E-5
-149.576246	2.225240E-5
-149.555620	1.923243E-5
-149.534993	1.486142E-5
-149.514366	1.001358E-5
-149.493740	3.417333E-6
-149.473113	-2.304713E-6
-149.452487	-8.742015E-6
-149.431860	-1.597404E-5
-149.411234	-2.177556E-5
-149.390607	-2.630552E-5
-149.369980	-3.083547E-5
-149.349354	-3.576279E-5
-149.328727	-3.925959E-5
-149.308101	-4.037221E-5
-149.287474	-4.124641E-5
-149.266848	-4.116694E-5
-149.246221	-3.894170E-5
-149.225594	-3.647804E-5
-149.204968	-3.226598E-5
-149.184341	-2.853076E-5
-149.163715	-2.336502E-5
-149.143088	-1.756350E-5
-149.122462	-1.192093E-5
-149.101835	-6.119410E-6
-149.081208	7.947286E-8
-149.060582	6.278356E-6
-149.039955	1.168251E-5
-149.019329	1.653035E-5
-148.998702	2.002716E-5
-148.978076	2.336502E-5
-148.957449	2.630552E-5
-148.936822	2.789497E-5
-148.916196	2.940496E-5
-148.895569	2.980232E-5
-148.874943	2.908707E-5
-148.854316	2.694130E-5
-148.833690	2.352397E-5
-148.813063	2.161662E-5
-148.792436	1.947085E-5
-148.771810	1.557668E-5
-148.751183	1.144409E-5
-148.730557	7.549922E-6
-148.709930	3.417333E-6
-148.689304	-1.271566E-6
-148.668677	-5.165736E-6
-148.648050	-8.583069E-6
-148.627424	-1.279513E-5
-148.606797	-1.605352E-5
-148.586171	-1.867612E-5
-148.565544	-2.153714E-5
-148.544918	-2.344449E-5
-148.524291	-2.408028E-5
-148.503665	-2.376239E-5
-148.483038	-2.336502E-5
-148.462411	-2.185504E-5
-148.441785	-2.066294E-5
-148.421158	-2.002716E-5
-148.400532	-1.708666E-5
-148.379905	-1.358986E-5
-148.359279	-1.136462E-5
-148.338652	-8.424123E-6
-148.318025	-5.880992E-6
-148.297399	-5.165736E-6
-148.276772	-4.847844E-6
-148.256146	-3.894170E-6
-148.235519	-3.814697E-6
-148.214893	-4.291534E-6
-148.194266	-4.371007E-6
-148.173639	-5.165736E-6
-148.153013	-5.165736E-6
-148.132386	-6.437302E-6
-148.111760	-6.596247E-6
-148.091133	-5.880992E-6
-148.070507	-3.655752E-6
-148.049880	-7.947286E-7
-148.029253	3.178914E-6
-148.008627	8.424123E-6
-147.988000	1.406670E-5
-147.967374	2.018611E-5
-147.946747	2.646446E-5
-147.926121	3.314018E-5
-147.905494	3.870328E-5
-147.884867	4.363060E-5
-147.864241	4.879634E-5
-147.843614	5.157789E-5
-147.822988	5.348523E-5
-147.802361	5.308787E-5
-147.781735	5.022685E-5
-147.761108	4.577637E-5
-147.740481	4.045169E-5
-147.719855	3.353755E-5
-147.699228	2.471606E-5
-147.678602	1.470248E-5
-147.657975	3.337860E-6
-147.637349	-7.708867E-6
-147.616722	-1.788139E-5
-147.596095	-2.757708E-5
-147.575469	-3.830592E-5
-147.554842	-4.728635E-5
-147.534216	-5.507469E-5
-147.513589	-6.087621E-5
-147.492963	-6.548564E-5
-147.472336	-6.747246E-5
-147.451709	-6.763140E-5
-147.431083	-6.540616E-5
-147.410456	-6.095568E-5
-147.389830	-5.491575E-5
-147.369203	-4.712741E-5
-147.348577	-3.735224E-5
-147.327950	-2.789497E-5
-147.307323	-1.613299E-5
-147.286697	-4.212062E-6
-147.266070	6.596247E-6
-147.245444	1.835823E-5
-147.224817	2.861023E-5
-147.204191	3.759066E-5
-147.183564	4.529953E-5
-147.162937	5.054474E-5
-147.142311	5.427996E-5
-147.121684	5.507469E-5
-147.101058	5.332629E-5
-147.080431	4.911423E-5
-147.059805	4.378955E-5
-147.039178	3.695488E-5
-147.018551	2.972285E-5
-146.997925	2.066294E-5
-146.977298	1.009305E-5
-146.956672	-1.351039E-6
-146.936045	-1.128515E-5
-146.915419	-2.010663E-5
-146.894792	-2.861023E-5
-146.874165	-3.496806E-5
-146.853539	-4.092852E-5
-146.832912	-4.529953E-5
-146.812286	-4.863739E-5
-146.791659	-5.094210E-5
-146.771033	-5.046527E-5
-146.750406	-4.824003E-5
-146.729779	-4.410744E-5
-146.709153	-3.886223E-5
-146.688526	-3.337860E-5
-146.667900	-2.590815E-5
-146.647273	-1.907349E-5
-146.626647	-1.319249E-5
-146.606020	-7.549922E-6
-146.585393	-3.496806E-6
-146.564767	8.742015E-7
-146.544140	5.324682E-6
-146.523514	8.344650E-6
-146.502887	9.775162E-6
-146.482261	1.056989E-5
-146.461634	1.120567E-5
-146.441008	9.854635E-6
-146.420381	7.708867E-6
-146.399754	6.675720E-6
-146.379128	5.960464E-6
-146.358501	4.768372E-6
-146.337875	4.371007E-6
-146.317248	3.417333E-6
-146.296622	3.894170E-6
-146.275995	4.768372E-6
-146.255368	5.960464E-6
-146.234742	8.106232E-6
-146.214115	1.112620E-5
-146.193489	1.525879E-5
-146.172862	1.931190E-5
-146.152236	2.272924E-5
-146.131609	2.574921E-5
-146.110982	2.821287E-5
-146.090356	3.059705E-5
-146.069729	3.226598E-5
-146.049103	3.266335E-5
-146.028476	3.178914E-5
-146.007850	2.972285E-5
-145.987223	2.646446E-5
-145.966596	2.209345E-5
-145.945970	1.660983E-5
-145.925343	9.934107E-6
-145.904717	3.178914E-6
-145.884090	-5.245209E-6
-145.863464	-1.215935E-5
-145.842837	-1.986821E-5
-145.822210	-2.725919E-5
-145.801584	-3.306071E-5
-145.780957	-3.814697E-5
-145.760331	-4.212062E-5
-145.739704	-4.347165E-5
-145.719078	-4.394849E-5
-145.698451	-4.410744E-5
-145.677824	-4.386902E-5
-145.657198	-4.084905E-5
-145.636571	-3.687541E-5
-145.615945	-3.250440E-5
-145.595318	-2.638499E-5
-145.574692	-1.883507E-5
-145.554065	-1.104673E-5
-145.533438	-4.291534E-6
-145.512812	2.225240E-6
-145.492185	8.742015E-6
-145.471559	1.486142E-5
-145.450932	2.034505E-5
-145.430306	2.392133E-5
-145.409679	2.710025E-5
-145.389052	2.916654E-5
-145.368426	2.980232E-5
-145.347799	2.980232E-5
-145.327173	2.741814E-5
-145.306546	2.519290E-5
-145.285920	2.225240E-5
-145.265293	1.804034E-5
-145.244666	1.247724E-5
-145.224040	7.390976E-6
-145.203413	3.735224E-6
-145.182787	-1.112620E-6
-145.162160	-6.278356E-6
-145.141534	-9.854635E-6
-145.120907	-1.366933E-5
-145.100280	-1.613299E-5
-145.079654	-1.645088E-5
-145.059027	-1.692772E-5
-145.038401	-1.676877E-5
-145.017774	-1.605352E-5
-144.997148	-1.494090E-5
-144.976521	-1.231829E-5
-144.955894	-1.009305E-5
-144.935268	-7.867813E-6
-144.914641	-6.993612E-6
-144.894015	-5.165736E-6
-144.873388	-3.496806E-6
-144.852762	-2.463659E-6
-144.832135	-1.351039E-6
-144.811508	-1.748403E-6
-144.790882	-1.748403E-6
-144.770255	-1.986821E-6
-144.749629	-2.543132E-6
-144.729002	-2.861023E-6
-144.708376	-2.940496E-6
-144.687749	-2.861023E-6
-144.667122	-3.417333E-6
-144.646496	-2.940496E-6
-144.625869	-2.940496E-6
-144.605243	-2.384186E-6
-144.584616	-3.973643E-7
-144.563990	1.907349E-6
-144.543363	2.622604E-6
-144.522736	4.371007E-6
-144.502110	6.914139E-6
-144.481483	9.536743E-6
-144.460857	1.056989E-5
-144.440230	1.255671E-5
-144.419604	1.430511E-5
-144.398977	1.684825E-5
-144.378351	1.788139E-5
-144.357724	1.939138E-5
-144.337097	2.018611E-5
-144.316471	2.058347E-5
-144.295844	1.994769E-5
-144.275218	1.891454E-5
-144.254591	1.621246E-5
-144.233965	1.398722E-5
-144.213338	1.096725E-5
-144.192711	7.947286E-6
-144.172085	5.006790E-6
-144.151458	1.112620E-6
-144.130832	-3.735224E-6
-144.110205	-8.821487E-6
-144.089579	-1.335144E-5
-144.068952	-1.843770E-5
-144.048325	-2.312660E-5
-144.027699	-2.662341E-5
-144.007072	-2.916654E-5
-143.986446	-3.123283E-5
-143.965819	-3.306071E-5
-143.945193	-3.282229E-5
-143.924566	-3.107389E-5
-143.903939	-2.908707E-5
-143.883313	-2.598763E-5
-143.862686	-2.225240E-5
-143.842060	-1.859665E-5
-143.821433	-1.343091E-5
-143.800807	-7.867813E-6
-143.780180	-2.384186E-6
-143.759553	2.702077E-6
-143.738927	8.344650E-6
-143.718300	1.438459E-5
-143.697674	1.811981E-5
-143.677047	2.177556E-5
-143.656421	2.535184E-5
-143.635794	2.821287E-5
-143.615167	3.019969E-5
-143.594541	3.075600E-5
-143.573914	3.083547E-5
-143.553288	3.051758E-5
-143.532661	2.805392E-5
-143.512035	2.455711E-5
-143.491408	2.185504E-5
-143.470781	1.811981E-5
-143.450155	1.358986E-5
-143.429528	8.424123E-6
-143.408902	3.655752E-6
-143.388275	-1.509984E-6
-143.367649	-6.596247E-6
-143.347022	-1.104673E-5
-143.326395	-1.573563E-5
-143.305769	-2.026558E-5
-143.285142	-2.447764E-5
-143.264516	-2.757708E-5
-143.243889	-2.964338E-5
-143.223263	-3.178914E-5
-143.202636	-3.321966E-5
-143.182009	-3.290176E-5
-143.161383	-3.194809E-5
-143.140756	-3.059705E-5
-143.120130	-2.797445E-5
-143.099503	-2.423922E-5
-143.078877	-2.074242E-5
-143.058250	-1.645088E-5
-143.037623	-1.033147E-5
-143.016997	-5.245209E-6
-142.996370	-7.947286E-8
-142.975744	4.609426E-6
-142.955117	7.470449E-6
-142.934491	1.056989E-5
-142.913864	1.470248E-5
-142.893237	1.716614E-5
-142.872611	1.955032E-5
-142.851984	2.129873E-5
-142.831358	2.257029E-5
-142.810731	2.257029E-5
-142.790105	2.264977E-5
-142.769478	2.137820E-5
-142.748851	2.098083E-5
-142.728225	2.058347E-5
-142.707598	1.907349E-5
-142.686972	1.740456E-5
-142.666345	1.541773E-5
-142.645719	1.390775E-5
-142.625092	1.247724E-5
-142.604465	1.041094E-5
-142.583839	9.536743E-6
-142.563212	9.298325E-6
-142.542586	8.265177E-6
-142.521959	6.675720E-6
-142.501333	5.880992E-6
-142.480706	5.245209E-6
-142.460079	4.768372E-6
-142.439453	3.019969E-6
-142.418826	2.781550E-6
-142.398200	3.576279E-6
-142.377573	2.622604E-6
-142.356947	1.192093E-6
-142.336320	9.536743E-7
-142.315694	1.033147E-6
-142.295067	0.000000
-142.274440	-2.384186E-7
-142.253814	-8.742015E-7
-142.233187	-1.668930E-6
-142.212561	-2.304713E-6
-142.191934	-2.622604E-6
-142.171308	-3.258387E-6
-142.150681	-4.847844E-6
-142.130054	-6.755193E-6
-142.109428	-8.662542E-6
-142.088801	-1.041094E-5
-142.068175	-1.152356E-5
-142.047548	-1.327197E-5
-142.026922	-1.549721E-5
-142.006295	-1.772245E-5
-141.985668	-1.851718E-5
-141.965042	-1.899401E-5
-141.944415	-1.907349E-5
-141.923789	-1.843770E-5
-141.903162	-1.748403E-5
-141.882536	-1.525879E-5
-141.861909	-1.319249E-5
-141.841282	-1.049042E-5
-141.820656	-7.549922E-6
-141.800029	-5.165736E-6
-141.779403	-3.019969E-6
-141.758776	0.000000
-141.738150	1.827876E-6
-141.717523	3.894170E-6
-141.696896	5.483627E-6
-141.676270	5.483627E-6
-141.655643	5.880992E-6
-141.635017	5.324682E-6
-141.614390	4.529953E-6
-141.593764	3.417333E-6
-141.573137	1.668930E-6
-141.552510	4.768372E-7
-141.531884	-2.225240E-6
-141.511257	-3.417333E-6
-141.490631	-4.688899E-6
-141.470004	-6.039937E-6
-141.449378	-6.675720E-6
-141.428751	-6.914139E-6
-141.408124	-8.583069E-6
-141.387498	-8.821487E-6
-141.366871	-9.536743E-6
-141.346245	-9.695689E-6
-141.325618	-1.056989E-5
-141.304992	-1.025200E-5
-141.284365	-1.096725E-5
-141.263738	-1.056989E-5
-141.243112	-1.025200E-5
-141.222485	-9.934107E-6
-141.201859	-9.934107E-6
-141.181232	-8.503596E-6
-141.160606	-7.232030E-6
-141.139979	-5.722046E-6
-141.119352	-3.178914E-6
-141.098726	-7.152557E-7
-141.078099	1.748403E-6
-141.057473	2.702077E-6
-141.036846	5.245209E-6
-141.016220	8.106232E-6
-140.995593	9.298325E-6
-140.974966	1.207987E-5
-140.954340	1.406670E-5
-140.933713	1.565615E-5
-140.913087	1.732508E-5
-140.892460	1.883507E-5
-140.871834	2.129873E-5
-140.851207	2.193451E-5
-140.830580	2.304713E-5
-140.809954	2.439817E-5
-140.789327	2.511342E-5
-140.768701	2.503395E-5
-140.748074	2.479553E-5
-140.727448	2.352397E-5
-140.706821	2.137820E-5
-140.686194	2.018611E-5
-140.665568	1.843770E-5
-140.644941	1.589457E-5
-140.624315	1.327197E-5
-140.603688	1.160304E-5
-140.583062	9.139379E-6
-140.562435	5.245209E-6
-140.541808	2.781550E-6
-140.521182	-5.563100E-7
-140.500555	-4.212062E-6
-140.479929	-6.596247E-6
-140.459302	-1.033147E-5
-140.438676	-1.247724E-5
-140.418049	-1.430511E-5
-140.397422	-1.645088E-5
-140.376796	-1.883507E-5
-140.356169	-2.066294E-5
-140.335543	-2.225240E-5
-140.314916	-2.463659E-5
-140.294290	-2.638499E-5
-140.273663	-2.678235E-5
-140.253037	-2.781550E-5
-140.232410	-2.837181E-5
-140.211783	-2.662341E-5
-140.191157	-2.487501E-5
-140.170530	-2.328555E-5
-140.149904	-2.066294E-5
-140.129277	-1.653035E-5
-140.108651	-1.263618E-5
-140.088024	-8.424123E-6
-140.067397	-2.463659E-6
-140.046771	2.384186E-6
-140.026144	7.788340E-6
-140.005518	1.382828E-5
-139.984891	1.788139E-5
-139.964265	1.986821E-5
-139.943638	2.264977E-5
-139.923011	2.487501E-5
-139.902385	2.535184E-5
-139.881758	2.463659E-5
-139.861132	2.352397E-5
-139.840505	2.058347E-5
-139.819879	1.772245E-5
-139.799252	1.517932E-5
-139.778625	1.152356E-5
-139.757999	7.073085E-6
-139.737372	1.668930E-6
-139.716746	-2.384186E-6
-139.696119	-5.801519E-6
-139.675493	-8.265177E-6
-139.654866	-1.025200E-5
-139.634239	-1.104673E-5
-139.613613	-1.192093E-5
-139.592986	-1.335144E-5
-139.572360	-1.351039E-5
-139.551733	-1.263618E-5
-139.531107	-1.096725E-5
-139.510480	-9.377797E-6
-139.489853	-8.583069E-6
-139.469227	-7.549922E-6
-139.448600	-5.722046E-6
-139.427974	-2.702077E-6
-139.407347	-3.973643E-7
-139.386721	8.742015E-7
-139.366094	2.940496E-6
-139.345467	4.291534E-6
-139.324841	6.198883E-6
-139.304214	7.073085E-6
-139.283588	7.549922E-6
-139.262961	7.549922E-6
-139.242335	6.755193E-6
-139.221708	4.927317E-6
-139.201081	4.212062E-6
-139.180455	2.463659E-6
-139.159828	7.947286E-7
-139.139202	-2.304713E-6
-139.118575	-4.291534E-6
-139.097949	-6.675720E-6
-139.077322	-8.503596E-6
-139.056695	-9.854635E-6
-139.036069	-1.120567E-5
-139.015442	-1.136462E-5
-138.994816	-1.041094E-5
-138.974189	-9.457270E-6
-138.953563	-7.788340E-6
-138.932936	-5.245209E-6
-138.912309	-1.668930E-6
-138.891683	1.192093E-6
-138.871056	4.132589E-6
-138.850430	8.424123E-6
-138.829803	1.168251E-5
-138.809177	1.390775E-5
-138.788550	1.724561E-5
-138.767923	1.978874E-5
-138.747297	2.058347E-5
-138.726670	2.249082E-5
-138.706044	2.328555E-5
-138.685417	2.344449E-5
-138.664791	2.304713E-5
-138.644164	2.169609E-5
-138.623537	1.923243E-5
-138.602911	1.716614E-5
-138.582284	1.470248E-5
-138.561658	1.200040E-5
-138.541031	9.457270E-6
-138.520405	6.278356E-6
-138.499778	2.781550E-6
-138.479151	-1.192093E-6
-138.458525	-4.609426E-6
-138.437898	-7.788340E-6
-138.417272	-1.215935E-5
-138.396645	-1.597404E-5
-138.376019	-1.780192E-5
-138.355392	-1.970927E-5
-138.334765	-2.225240E-5
-138.314139	-2.288818E-5
-138.293512	-2.249082E-5
-138.272886	-2.217293E-5
-138.252259	-2.026558E-5
-138.231633	-1.907349E-5
-138.211006	-1.486142E-5
-138.190380	-9.059906E-6
-138.169753	-3.337860E-6
-138.149126	1.668930E-6
-138.128500	6.914139E-6
-138.107873	1.215935E-5
-138.087247	1.597404E-5
-138.066620	1.978874E-5
-138.045994	2.296766E-5
-138.025367	2.559026E-5
-138.004740	2.670288E-5
-137.984114	2.829234E-5
-137.963487	2.781550E-5
-137.942861	2.630552E-5
-137.922234	2.360344E-5
-137.901608	2.010663E-5
-137.880981	1.788139E-5
-137.860354	1.494090E-5
-137.839728	1.072884E-5
-137.819101	6.834666E-6
-137.798475	3.973643E-6
-137.777848	3.973643E-7
-137.757222	-2.145767E-6
-137.736595	-2.861023E-6
-137.715968	-4.529953E-6
-137.695342	-5.165736E-6
-137.674715	-4.927317E-6
-137.654089	-3.735224E-6
-137.633462	-2.463659E-6
-137.612836	-9.536743E-7
-137.592209	5.563100E-7
-137.571582	3.814697E-6
-137.550956	5.801519E-6
-137.530329	8.265177E-6
-137.509703	1.112620E-5
-137.489076	1.319249E-5
-137.468450	1.549721E-5
-137.447823	1.756350E-5
-137.427196	1.843770E-5
-137.406570	1.907349E-5
-137.385943	1.843770E-5
-137.365317	1.756350E-5
-137.344690	1.541773E-5
-137.324064	1.287460E-5
-137.303437	9.457270E-6
-137.282810	7.073085E-6
-137.262184	4.688899E-6
-137.241557	2.861023E-6
-137.220931	2.384186E-7
-137.200304	-1.351039E-6
-137.179678	-1.589457E-6
-137.159051	-1.986821E-6
-137.138424	0.000000
-137.117798	2.702077E-6
-137.097171	5.801519E-6
-137.076545	9.298325E-6
-137.055918	1.446406E-5
-137.035292	1.827876E-5
-137.014665	2.272924E-5
-136.994038	2.654394E-5
-136.973412	3.004074E-5
-136.952785	3.266335E-5
-136.932159	3.266335E-5
-136.911532	3.274282E-5
-136.890906	3.186862E-5
-136.870279	3.067652E-5
-136.849652	2.710025E-5
-136.829026	2.312660E-5
-136.808399	1.843770E-5
-136.787773	1.239777E-5
-136.767146	7.470449E-6
-136.746520	2.384186E-6
-136.725893	-3.258387E-6
-136.705266	-8.344650E-6
-136.684640	-1.398722E-5
-136.664013	-1.883507E-5
-136.643387	-2.249082E-5
-136.622760	-2.479553E-5
-136.602134	-2.749761E-5
-136.581507	-2.924601E-5
-136.560880	-3.043811E-5
-136.540254	-3.075600E-5
-136.519627	-3.059705E-5
-136.499001	-3.035863E-5
-136.478374	-2.956390E-5
-136.457748	-2.741814E-5
-136.437121	-2.463659E-5
-136.416494	-2.280871E-5
-136.395868	-2.090136E-5
-136.375241	-1.867612E-5
-136.354615	-1.700719E-5
-136.333988	-1.438459E-5
-136.313362	-1.335144E-5
-136.292735	-1.247724E-5
-136.272108	-1.192093E-5
-136.251482	-1.343091E-5
-136.230855	-1.351039E-5
-136.210229	-1.422564E-5
-136.189602	-1.660983E-5
-136.168976	-1.923243E-5
-136.148349	-2.272924E-5
-136.127723	-2.582868E-5
-136.107096	-2.876918E-5
-136.086469	-3.131231E-5
-136.065843	-3.425280E-5
-136.045216	-3.631910E-5
-136.024590	-3.647804E-5
-136.003963	-3.568331E-5
-135.983337	-3.417333E-5
-135.962710	-3.115336E-5
-135.942083	-2.646446E-5
-135.921457	-2.185504E-5
-135.900830	-1.573563E-5
-135.880204	-8.344650E-6
-135.859577	-9.536743E-7
-135.838951	6.278356E-6
-135.818324	1.366933E-5
-135.797697	1.978874E-5
-135.777071	2.463659E-5
-135.756444	2.829234E-5
-135.735818	2.956390E-5
-135.715191	2.884865E-5
-135.694565	2.638499E-5
-135.673938	2.185504E-5
-135.653311	1.645088E-5
-135.632685	8.980433E-6
-135.612058	1.430511E-6
-135.591432	-8.265177E-6
-135.570805	-1.804034E-5
-135.550179	-2.765656E-5
-135.529552	-3.687541E-5
-135.508925	-4.426638E-5
-135.488299	-4.959106E-5
-135.467672	-5.332629E-5
-135.447046	-5.420049E-5
-135.426419	-5.388260E-5
-135.405793	-5.118052E-5
-135.385166	-4.577637E-5
-135.364539	-3.973643E-5
-135.343913	-3.186862E-5
-135.323286	-2.082189E-5
-135.302660	-8.503596E-6
-135.282033	3.814697E-6
-135.261407	1.430511E-5
-135.240780	2.463659E-5
-135.220153	3.449122E-5
-135.199527	4.331271E-5
-135.178900	4.982948E-5
-135.158274	5.412102E-5
-135.137647	5.674362E-5
-135.117021	5.912781E-5
-135.096394	5.928675E-5
-135.075767	5.658468E-5
-135.055141	5.292892E-5
-135.034514	4.760424E-5
-135.013888	3.997485E-5
-134.993261	3.170967E-5
-134.972635	2.241135E-5
-134.952008	1.160304E-5
-134.931381	1.033147E-6
-134.910755	-9.457270E-6
-134.890128	-1.955032E-5
-134.869502	-2.884865E-5
-134.848875	-3.679593E-5
-134.828249	-4.355113E-5
-134.807622	-4.855792E-5
-134.786995	-5.300840E-5
-134.766369	-5.515416E-5
-134.745742	-5.650520E-5
-134.725116	-5.491575E-5
-134.704489	-5.157789E-5
-134.683863	-4.625320E-5
-134.663236	-4.021327E-5
-134.642609	-3.282229E-5
-134.621983	-2.455711E-5
-134.601356	-1.533826E-5
-134.580730	-4.847844E-6
-134.560103	5.642573E-6
-134.539477	1.565615E-5
-134.518850	2.566973E-5
-134.498223	3.449122E-5
-134.477597	4.212062E-5
-134.456970	4.911423E-5
-134.436344	5.451838E-5
-134.415717	5.857150E-5
-134.395091	6.254514E-5
-134.374464	6.492933E-5
-134.353837	6.389618E-5
-134.333211	6.294250E-5
-134.312584	5.944570E-5
-134.291958	5.594889E-5
-134.271331	5.261103E-5
-134.250705	4.824003E-5
-134.230078	4.347165E-5
-134.209452	3.949801E-5
-134.188825	3.480911E-5
-134.168198	3.290176E-5
-134.147572	3.202756E-5
-134.126945	3.043811E-5
-134.106319	3.107389E-5
-134.085692	3.321966E-5
-134.065066	3.671646E-5
-134.044439	4.092852E-5
-134.023812	4.633268E-5
-134.003186	5.356471E-5
-133.982559	5.960464E-5
-133.961933	6.540616E-5
-133.941306	6.961823E-5
-133.920680	7.255872E-5
-133.900053	7.359187E-5
-133.879426	7.351240E-5
-133.858800	6.977717E-5
-133.838173	6.405512E-5
-133.817547	5.674362E-5
-133.796920	4.768372E-5
-133.776294	3.782908E-5
-133.755667	2.765656E-5
-133.735040	1.684825E-5
-133.714414	7.629395E-6
-133.693787	-8.742015E-7
-133.673161	-7.867813E-6
-133.652534	-1.279513E-5
-133.631908	-1.486142E-5
-133.611281	-1.470248E-5
-133.590654	-1.128515E-5
-133.570028	-4.529953E-6
-133.549401	4.609426E-6
-133.528775	1.637141E-5
-133.508148	2.900759E-5
-133.487522	4.283587E-5
-133.466895	5.873044E-5
-133.446268	7.430712E-5
-133.425642	8.742015E-5
-133.405015	9.751320E-5
-133.384389	0.000104
-133.363762	0.000108
-133.343136	0.000108
-133.322509	0.000104
-133.301882	9.743373E-5
-133.281256	8.757909E-5
-133.260629	7.271767E-5
-133.240003	5.515416E-5
-133.219376	3.767014E-5
-133.198750	1.867612E-5
-133.178123	8.742015E-7
-133.157496	-1.645088E-5
-133.136870	-3.250440E-5
-133.116243	-4.680951E-5
-133.095617	-6.294250E-5
-133.074990	-7.669131E-5
-133.054364	-8.622805E-5
-133.033737	-9.401639E-5
-133.013110	-0.000101
-132.992484	-0.000105
-132.971857	-0.000108
-132.951231	-0.000110
-132.930604	-0.000110
-132.909978	-0.000110
-132.889351	-0.000107
-132.868724	-0.000105
-132.848098	-0.000103
-132.827471	-0.000100
-132.806845	-9.671847E-5
-132.786218	-9.123484E-5
-132.765592	-8.392334E-5
-132.744965	-7.565816E-5
-132.724338	-6.667773E-5
-132.703712	-5.531311E-5
-132.683085	-4.235903E-5
-132.662459	-3.019969E-5
-132.641832	-1.772245E-5
-132.621206	-4.212062E-6
-132.600579	1.033147E-5
-132.579952	2.455711E-5
-132.559326	3.965696E-5
-132.538699	5.451838E-5
-132.518073	6.643931E-5
-132.497446	7.661184E-5
-132.476820	8.495649E-5
-132.456193	8.932749E-5
-132.435566	9.075801E-5
-132.414940	8.797646E-5
-132.394313	8.002917E-5
-132.373687	6.898244E-5
-132.353060	5.181630E-5
-132.332434	3.004074E-5
-132.311807	7.867813E-6
-132.291180	-1.923243E-5
-132.270554	-4.800161E-5
-132.249927	-7.804235E-5
-132.229301	-0.000112
-132.208674	-0.000148
-132.188048	-0.000180
-132.167421	-0.000209
-132.146795	-0.000233
-132.126168	-0.000255
-132.105541	-0.000273
-132.084915	-0.000287
-132.064288	-0.000295
-132.043662	-0.000299
-132.023035	-0.000301
-132.002409	-0.000299
-131.981782	-0.000297
-131.961155	-0.000299
-131.940529	-0.000307
-131.919902	-0.000325
-131.899276	-0.000353
-131.878649	-0.000392
-131.858023	-0.000446
-131.837396	-0.000512
-131.816769	-0.000588
-131.796143	-0.000679
-131.775516	-0.000782
-131.754890	-0.000895
-131.734263	-0.001004
-131.713637	-0.001103
-131.693010	-0.001200
-131.672383	-0.001288
-131.651757	-0.001354
-131.631130	-0.001393
-131.610504	-0.001404
-131.589877	-0.001381
-131.569251	-0.001327
-131.548624	-0.001238
-131.527997	-0.001115
-131.507371	-0.000957
-131.486744	-0.000759
-131.466118	-0.000535
-131.445491	-0.000294
-131.424865	-3.480911E-5
-131.404238	0.000236
-131.383611	0.000508
-131.362985	0.000771
-131.342358	0.001025
-131.321732	0.001262
-131.301105	0.001476
-131.280479	0.001663
-131.259852	0.001826
-131.239225	0.001950
-131.218599	0.002034
-131.197972	0.002080
-131.177346	0.002096
-131.156719	0.002084
-131.136093	0.002044
-131.115466	0.001975
-131.094839	0.001881
-131.074213	0.001760
-131.053586	0.001620
-131.032960	0.001465
-131.012333	0.001299
-130.991707	0.001131
-130.971080	0.000962
-130.950453	0.000805
-130.929827	0.000654
-130.909200	0.000506
-130.888574	0.000384
-130.867947	0.000254
-130.847321	0.000132
-130.826694	2.686183E-5
-130.806067	-6.620089E-5
-130.785441	-0.000148
-130.764814	-0.000218
-130.744188	-0.000277
-130.723561	-0.000323
-130.702935	-0.000360
-130.682308	-0.000389
-130.661681	-0.000408
-130.641055	-0.000423
-130.620428	-0.000429
-130.599802	-0.000431
-130.579175	-0.000431
-130.558549	-0.000425
-130.537922	-0.000415
-130.517295	-0.000402
-130.496669	-0.000388
-130.476042	-0.000374
-130.455416	-0.000358
-130.434789	-0.000342
-130.414163	-0.000327
-130.393536	-0.000309
-130.372909	-0.000291
-130.352283	-0.000273
-130.331656	-0.000257
-130.311030	-0.000242
-130.290403	-0.000227
-130.269777	-0.000213
-130.249150	-0.000202
-130.228523	-0.000189
-130.207897	-0.000178
-130.187270	-0.000168
-130.166644	-0.000158
-130.146017	-0.000148
-130.125391	-0.000140
-130.104764	-0.000132
-130.084138	-0.000125
-130.063511	-0.000117
-130.042884	-0.000110
-130.022258	-0.000104
-130.001631	-9.830793E-5
-129.981005	-9.314219E-5
-129.960378	-8.900960E-5
-129.939752	-8.495649E-5
-129.919125	-8.042653E-5
-129.898498	-7.557869E-5
-129.877872	-7.295609E-5
-129.857245	-7.088979E-5
-129.836619	-6.659826E-5
-129.815992	-6.222725E-5
-129.795366	-5.928675E-5
-129.774739	-5.769730E-5
-129.754112	-5.626678E-5
-129.733486	-5.443891E-5
-129.712859	-5.141894E-5
-129.692233	-4.847844E-5
-129.671606	-4.680951E-5
-129.650980	-4.593531E-5
-129.630353	-4.506111E-5
-129.609726	-4.363060E-5
-129.589100	-4.180272E-5
-129.568473	-3.965696E-5
-129.547847	-3.806750E-5
-129.527220	-3.647804E-5
-129.506594	-3.457069E-5
-129.485967	-3.306071E-5
-129.465340	-3.163020E-5
-129.444714	-3.075600E-5
-129.424087	-2.972285E-5
-129.403461	-2.829234E-5
-129.382834	-2.725919E-5
-129.362208	-2.662341E-5
-129.341581	-2.551079E-5
-129.320954	-2.463659E-5
-129.300328	-2.376239E-5
-129.279701	-2.209345E-5
-129.259075	-2.121925E-5
-129.238448	-2.042452E-5
-129.217822	-1.986821E-5
-129.197195	-1.891454E-5
-129.176568	-1.780192E-5
-129.155942	-1.716614E-5
-129.135315	-1.676877E-5
-129.114689	-1.589457E-5
-129.094062	-1.478195E-5
-129.073436	-1.422564E-5
-129.052809	-1.478195E-5
-129.032182	-1.398722E-5
-129.011556	-1.271566E-5
-128.990929	-1.168251E-5
-128.970303	-1.168251E-5
-128.949676	-1.136462E-5
-128.929050	-1.056989E-5
-128.908423	-9.695689E-6
-128.887796	-9.377797E-6
-128.867170	-9.298325E-6
-128.846543	-8.583069E-6
-128.825917	-7.788340E-6
-128.805290	-6.914139E-6
-128.784664	-6.437302E-6
-128.764037	-5.801519E-6
-128.743410	-5.006790E-6
-128.722784	-4.450480E-6
-128.702157	-3.576279E-6
-128.681531	-3.894170E-6
-128.660904	-3.178914E-6
-128.640278	-3.099442E-6
-128.619651	-2.940496E-6
-128.599024	-2.145767E-6
-128.578398	-1.112620E-6
-128.557771	-8.742015E-7
-128.537145	-5.563100E-7
-128.516518	-4.768372E-7
-128.495892	-5.563100E-7
-128.475265	-9.536743E-7
-128.454638	-5.563100E-7
-128.434012	-1.589457E-7
-128.413385	-1.589457E-7
-128.392759	-2.384186E-7
-128.372132	5.563100E-7
-128.351506	6.357829E-7
-128.330879	1.589457E-7
-128.310252	7.152557E-7
-128.289626	1.271566E-6
-128.268999	1.748403E-6
-128.248373	2.066294E-6
-128.227746	2.066294E-6
-128.207120	2.702077E-6
-128.186493	2.304713E-6
-128.165866	1.351039E-6
-128.145240	2.304713E-6
-128.124613	1.192093E-6
-128.103987	1.192093E-6
-128.083360	1.986821E-6
-128.062734	2.702077E-6
-128.042107	3.258387E-6
-128.021481	2.861023E-6
