-142.000947	5.324682E-6
-141.980319	5.642573E-6
-141.959690	5.642573E-6
-141.939061	5.006790E-6
-141.918432	3.576279E-6
-141.897803	3.337860E-6
-141.877174	1.509984E-6
-141.856546	3.973643E-7
-141.835917	-8.742015E-7
-141.815288	-2.304713E-6
-141.794659	-1.907349E-6
-141.774030	-3.417333E-6
-141.753401	-3.655752E-6
-141.732773	-4.212062E-6
-141.712144	-4.609426E-6
-141.691515	-5.642573E-6
-141.670886	-5.404154E-6
-141.650257	-5.563100E-6
-141.629629	-5.165736E-6
-141.609000	-5.086263E-6
-141.588371	-5.642573E-6
-141.567742	-5.563100E-6
-141.547113	-4.847844E-6
-141.526484	-4.291534E-6
-141.505856	-4.053116E-6
-141.485227	-3.894170E-6
-141.464598	-3.894170E-6
-141.443969	-3.814697E-6
-141.423340	-3.735224E-6
-141.402712	-4.371007E-6
-141.382083	-3.814697E-6
-141.361454	-3.576279E-6
-141.340825	-3.576279E-6
-141.320196	-3.894170E-6
-141.299567	-4.132589E-6
-141.278939	-3.973643E-6
-141.258310	-5.245209E-6
-141.237681	-4.688899E-6
-141.217052	-4.688899E-6
-141.196423	-4.768372E-6
-141.175794	-5.880992E-6
-141.155166	-6.755193E-6
-141.134537	-7.708867E-6
-141.113908	-8.026759E-6
-141.093279	-7.390976E-6
-141.072650	-7.549922E-6
-141.052022	-7.629395E-6
-141.031393	-7.549922E-6
-141.010764	-7.470449E-6
-140.990135	-6.357829E-6
-140.969506	-5.960464E-6
-140.948877	-5.245209E-6
-140.928249	-4.053116E-6
-140.907620	-2.940496E-6
-140.886991	-2.384186E-6
-140.866362	-1.112620E-6
-140.845733	-1.033147E-6
-140.825105	-3.973643E-7
-140.804476	-5.563100E-7
-140.783847	-1.192093E-6
-140.763218	-1.907349E-6
-140.742589	-2.940496E-6
-140.721960	-3.496806E-6
-140.701332	-4.688899E-6
-140.680703	-5.880992E-6
-140.660074	-6.675720E-6
-140.639445	-8.424123E-6
-140.618816	-9.457270E-6
-140.598187	-1.112620E-5
-140.577559	-1.215935E-5
-140.556930	-1.303355E-5
-140.536301	-1.374880E-5
-140.515672	-1.390775E-5
-140.495043	-1.454353E-5
-140.474415	-1.351039E-5
-140.453786	-1.303355E-5
-140.433157	-1.215935E-5
-140.412528	-1.072884E-5
-140.391899	-9.536743E-6
-140.371270	-8.185705E-6
-140.350642	-6.357829E-6
-140.330013	-4.291534E-6
-140.309384	-2.225240E-6
-140.288755	-5.563100E-7
-140.268126	1.827876E-6
-140.247498	2.304713E-6
-140.226869	3.178914E-6
-140.206240	4.450480E-6
-140.185611	4.212062E-6
-140.164982	4.688899E-6
-140.144353	4.291534E-6
-140.123725	3.576279E-6
-140.103096	2.781550E-6
-140.082467	1.351039E-6
-140.061838	-2.384186E-7
-140.041209	-1.192093E-6
-140.020580	-2.225240E-6
-139.999952	-3.576279E-6
-139.979323	-4.450480E-6
-139.958694	-6.198883E-6
-139.938065	-7.549922E-6
-139.917436	-8.900960E-6
-139.896808	-9.616216E-6
-139.876179	-9.854635E-6
-139.855550	-9.695689E-6
-139.834921	-1.001358E-5
-139.814292	-9.298325E-6
-139.793663	-8.185705E-6
-139.773035	-6.039937E-6
-139.752406	-5.165736E-6
-139.731777	-3.258387E-6
-139.711148	-2.066294E-6
-139.690519	-3.973643E-7
-139.669891	1.430511E-6
-139.649262	3.099442E-6
-139.628633	5.006790E-6
-139.608004	6.596247E-6
-139.587375	6.755193E-6
-139.566746	7.311503E-6
-139.546118	7.788340E-6
-139.525489	8.026759E-6
-139.504860	8.185705E-6
-139.484231	8.662542E-6
-139.463602	8.900960E-6
-139.442973	8.185705E-6
-139.422345	7.947286E-6
-139.401716	6.675720E-6
-139.381087	6.119410E-6
-139.360458	5.722046E-6
-139.339829	5.006790E-6
-139.319201	4.212062E-6
-139.298572	3.894170E-6
-139.277943	3.417333E-6
-139.257314	2.622604E-6
-139.236685	1.748403E-6
-139.216056	1.907349E-6
-139.195428	2.066294E-6
-139.174799	2.225240E-6
-139.154170	2.066294E-6
-139.133541	2.940496E-6
-139.112912	3.417333E-6
-139.092284	4.450480E-6
-139.071655	4.529953E-6
-139.051026	4.847844E-6
-139.030397	5.165736E-6
-139.009768	5.006790E-6
-138.989139	5.404154E-6
-138.968511	5.642573E-6
-138.947882	5.483627E-6
-138.927253	4.132589E-6
-138.906624	2.384186E-6
-138.885995	1.192093E-6
-138.865366	3.973643E-7
-138.844738	-2.384186E-7
-138.824109	-1.033147E-6
-138.803480	-2.781550E-6
-138.782851	-2.940496E-6
-138.762222	-3.417333E-6
-138.741594	-4.053116E-6
-138.720965	-4.053116E-6
-138.700336	-3.655752E-6
-138.679707	-3.417333E-6
-138.659078	-2.702077E-6
-138.638449	-5.563100E-7
-138.617821	2.384186E-7
-138.597192	1.351039E-6
-138.576563	3.337860E-6
-138.555934	5.165736E-6
-138.535305	6.039937E-6
-138.514677	6.596247E-6
-138.494048	8.026759E-6
-138.473419	9.139379E-6
-138.452790	1.025200E-5
-138.432161	1.033147E-5
-138.411532	9.695689E-6
-138.390904	8.185705E-6
-138.370275	7.867813E-6
-138.349646	7.947286E-6
-138.329017	6.596247E-6
-138.308388	5.245209E-6
-138.287759	4.529953E-6
-138.267131	3.496806E-6
-138.246502	2.861023E-6
-138.225873	2.622604E-6
-138.205244	1.827876E-6
-138.184615	1.827876E-6
-138.163987	1.668930E-6
-138.143358	1.589457E-6
-138.122729	2.066294E-6
-138.102100	2.861023E-6
-138.081471	3.019969E-6
-138.060842	3.099442E-6
-138.040214	3.337860E-6
-138.019585	2.781550E-6
-137.998956	3.099442E-6
-137.978327	3.258387E-6
-137.957698	2.066294E-6
-137.937070	1.192093E-6
-137.916441	7.947286E-7
-137.895812	9.536743E-7
-137.875183	7.947286E-7
-137.854554	-1.589457E-7
-137.833925	-1.112620E-6
-137.813297	-2.622604E-6
-137.792668	-3.655752E-6
-137.772039	-3.894170E-6
-137.751410	-3.337860E-6
-137.730781	-3.496806E-6
-137.710152	-3.099442E-6
-137.689524	-2.543132E-6
-137.668895	-2.384186E-6
-137.648266	-1.668930E-6
-137.627637	-1.748403E-6
-137.607008	-1.430511E-6
-137.586380	-7.152557E-7
-137.565751	-7.947286E-7
-137.545122	4.768372E-7
-137.524493	8.742015E-7
-137.503864	8.742015E-7
-137.483235	1.192093E-6
-137.462607	1.668930E-6
-137.441978	1.668930E-6
-137.421349	1.986821E-6
-137.400720	2.304713E-6
-137.380091	1.668930E-6
-137.359463	1.509984E-6
-137.338834	4.768372E-7
-137.318205	-2.384186E-7
-137.297576	-7.152557E-7
-137.276947	-1.351039E-6
-137.256318	-1.430511E-6
-137.235690	-1.748403E-6
-137.215061	-2.702077E-6
-137.194432	-3.814697E-6
-137.173803	-5.006790E-6
-137.153174	-5.722046E-6
-137.132545	-6.437302E-6
-137.111917	-6.755193E-6
-137.091288	-6.914139E-6
-137.070659	-7.390976E-6
-137.050030	-7.390976E-6
-137.029401	-8.344650E-6
-137.008773	-1.001358E-5
-136.988144	-9.536743E-6
-136.967515	-9.695689E-6
-136.946886	-9.616216E-6
-136.926257	-9.218852E-6
-136.905628	-9.616216E-6
-136.885000	-8.980433E-6
-136.864371	-8.344650E-6
-136.843742	-6.914139E-6
-136.823113	-5.324682E-6
-136.802484	-3.655752E-6
-136.781856	-3.019969E-6
-136.761227	-1.986821E-6
-136.740598	-4.768372E-7
-136.719969	-3.178914E-7
-136.699340	1.192093E-6
-136.678711	3.178914E-6
-136.658083	5.324682E-6
-136.637454	7.073085E-6
-136.616825	8.026759E-6
-136.596196	8.344650E-6
-136.575567	8.583069E-6
-136.554939	8.185705E-6
-136.534310	7.232030E-6
-136.513681	5.324682E-6
-136.493052	2.702077E-6
-136.472423	1.351039E-6
-136.451794	-3.973643E-7
-136.431166	-2.463659E-6
-136.410537	-4.609426E-6
-136.389908	-6.834666E-6
-136.369279	-9.457270E-6
-136.348650	-1.120567E-5
-136.328021	-1.247724E-5
-136.307393	-1.311302E-5
-136.286764	-1.398722E-5
-136.266135	-1.438459E-5
-136.245506	-1.382828E-5
-136.224877	-1.343091E-5
-136.204249	-1.327197E-5
-136.183620	-1.215935E-5
-136.162991	-1.144409E-5
-136.142362	-9.854635E-6
-136.121733	-8.265177E-6
-136.101104	-6.675720E-6
-136.080476	-5.404154E-6
-136.059847	-4.291534E-6
-136.039218	-4.291534E-6
-136.018589	-3.576279E-6
-135.997960	-2.225240E-6
-135.977332	-1.192093E-6
-135.956703	3.973643E-7
-135.936074	2.304713E-6
-135.915445	2.861023E-6
-135.894816	3.496806E-6
-135.874187	4.212062E-6
-135.853559	5.006790E-6
-135.832930	6.039937E-6
-135.812301	6.198883E-6
-135.791672	6.755193E-6
-135.771043	7.708867E-6
-135.750414	7.788340E-6
-135.729786	7.549922E-6
-135.709157	6.437302E-6
-135.688528	5.563100E-6
-135.667899	4.847844E-6
-135.647270	3.019969E-6
-135.626642	2.304713E-6
-135.606013	3.178914E-7
-135.585384	-2.384186E-7
-135.564755	-1.430511E-6
-135.544126	-1.589457E-6
-135.523497	-3.178914E-6
-135.502869	-4.053116E-6
-135.482240	-4.450480E-6
-135.461611	-4.768372E-6
-135.440982	-4.053116E-6
-135.420353	-3.973643E-6
-135.399725	-4.132589E-6
-135.379096	-3.496806E-6
-135.358467	-2.861023E-6
-135.337838	-1.907349E-6
-135.317209	-1.271566E-6
-135.296580	7.947286E-8
-135.275952	1.112620E-6
-135.255323	3.178914E-7
-135.234694	6.357829E-7
-135.214065	9.536743E-7
-135.193436	6.357829E-7
-135.172807	-7.947286E-8
-135.152179	-8.742015E-7
-135.131550	-1.509984E-6
-135.110921	-1.668930E-6
-135.090292	-2.384186E-6
-135.069663	-2.781550E-6
-135.049035	-2.781550E-6
-135.028406	-3.417333E-6
-135.007777	-4.450480E-6
-134.987148	-3.655752E-6
-134.966519	-3.417333E-6
-134.945890	-2.940496E-6
-134.925262	-1.192093E-6
-134.904633	-6.357829E-7
-134.884004	6.357829E-7
-134.863375	1.430511E-6
-134.842746	2.463659E-6
-134.822118	3.655752E-6
-134.801489	5.006790E-6
-134.780860	5.165736E-6
-134.760231	5.006790E-6
-134.739602	4.371007E-6
-134.718973	3.099442E-6
-134.698345	8.742015E-7
-134.677716	0.000000
-134.657087	-1.907349E-6
-134.636458	-3.735224E-6
-134.615829	-4.609426E-6
-134.595200	-6.834666E-6
-134.574572	-8.265177E-6
-134.553943	-9.536743E-6
-134.533314	-1.096725E-5
-134.512685	-1.120567E-5
-134.492056	-1.088778E-5
-134.471428	-1.112620E-5
-134.450799	-1.104673E-5
-134.430170	-1.025200E-5
-134.409541	-1.041094E-5
-134.388912	-9.616216E-6
-134.368283	-8.583069E-6
-134.347655	-7.232030E-6
-134.327026	-6.516774E-6
-134.306397	-6.755193E-6
-134.285768	-5.642573E-6
-134.265139	-5.404154E-6
-134.244511	-4.847844E-6
-134.223882	-3.735224E-6
-134.203253	-3.178914E-6
-134.182624	-2.463659E-6
-134.161995	-1.907349E-6
-134.141366	-7.152557E-7
-134.120738	1.192093E-6
-134.100109	3.099442E-6
-134.079480	4.768372E-6
-134.058851	5.563100E-6
-134.038222	6.834666E-6
-134.017593	7.788340E-6
-133.996965	8.185705E-6
-133.976336	9.059906E-6
-133.955707	9.854635E-6
-133.935078	9.934107E-6
-133.914449	1.033147E-5
-133.893821	9.616216E-6
-133.873192	8.344650E-6
-133.852563	7.470449E-6
-133.831934	6.278356E-6
-133.811305	3.735224E-6
-133.790676	2.145767E-6
-133.770048	0.000000
-133.749419	-6.357829E-7
-133.728790	-2.543132E-6
-133.708161	-4.688899E-6
-133.687532	-5.960464E-6
-133.666904	-7.232030E-6
-133.646275	-7.232030E-6
-133.625646	-7.788340E-6
-133.605017	-7.311503E-6
-133.584388	-7.788340E-6
-133.563759	-8.821487E-6
-133.543131	-9.536743E-6
-133.522502	-8.026759E-6
-133.501873	-8.106232E-6
-133.481244	-7.947286E-6
-133.460615	-6.834666E-6
-133.439986	-6.914139E-6
-133.419358	-7.232030E-6
-133.398729	-7.152557E-6
-133.378100	-5.245209E-6
-133.357471	-3.337860E-6
-133.336842	-2.066294E-6
-133.316214	-1.589457E-6
-133.295585	-1.271566E-6
-133.274956	0.000000
-133.254327	1.192093E-6
-133.233698	2.940496E-6
-133.213069	4.529953E-6
-133.192441	5.404154E-6
-133.171812	5.960464E-6
-133.151183	6.516774E-6
-133.130554	7.311503E-6
-133.109925	8.026759E-6
-133.089297	9.139379E-6
-133.068668	1.009305E-5
-133.048039	1.001358E-5
-133.027410	8.980433E-6
-133.006781	8.265177E-6
-132.986152	7.708867E-6
-132.965524	6.993612E-6
-132.944895	5.642573E-6
-132.924266	4.450480E-6
-132.903637	3.178914E-6
-132.883008	1.748403E-6
-132.862379	7.947286E-8
-132.841751	-1.589457E-6
-132.821122	-3.178914E-6
-132.800493	-4.212062E-6
-132.779864	-5.086263E-6
-132.759235	-7.152557E-6
-132.738607	-8.424123E-6
-132.717978	-8.900960E-6
-132.697349	-9.059906E-6
-132.676720	-8.583069E-6
-132.656091	-8.583069E-6
-132.635462	-8.742015E-6
-132.614834	-8.344650E-6
-132.594205	-8.344650E-6
-132.573576	-8.026759E-6
-132.552947	-5.880992E-6
-132.532318	-4.371007E-6
-132.511690	-4.053116E-6
-132.491061	-1.907349E-6
-132.470432	7.152557E-7
-132.449803	3.178914E-6
-132.429174	2.940496E-6
-132.408545	3.496806E-6
-132.387917	5.086263E-6
-132.367288	6.914139E-6
-132.346659	7.390976E-6
-132.326030	8.980433E-6
-132.305401	9.854635E-6
-132.284772	9.854635E-6
-132.264144	1.033147E-5
-132.243515	1.168251E-5
-132.222886	1.176198E-5
-132.202257	1.096725E-5
-132.181628	1.064936E-5
-132.161000	1.041094E-5
-132.140371	1.049042E-5
-132.119742	1.001358E-5
-132.099113	8.185705E-6
-132.078484	5.324682E-6
-132.057855	3.814697E-6
-132.037227	2.304713E-6
-132.016598	1.033147E-6
-131.995969	-1.668930E-6
-131.975340	-4.529953E-6
-131.954711	-7.311503E-6
-131.934083	-8.821487E-6
-131.913454	-1.072884E-5
-131.892825	-1.184146E-5
-131.872196	-1.271566E-5
-131.851567	-1.247724E-5
-131.830938	-1.184146E-5
-131.810310	-1.112620E-5
-131.789681	-8.503596E-6
-131.769052	-6.437302E-6
-131.748423	-4.212062E-6
-131.727794	-1.589457E-6
-131.707165	2.384186E-7
-131.686537	1.112620E-6
-131.665908	2.543132E-6
-131.645279	4.609426E-6
-131.624650	6.596247E-6
-131.604021	6.914139E-6
-131.583393	6.993612E-6
-131.562764	7.390976E-6
-131.542135	6.675720E-6
-131.521506	6.914139E-6
-131.500877	6.596247E-6
-131.480248	4.927317E-6
-131.459620	3.337860E-6
-131.438991	1.192093E-6
-131.418362	0.000000
-131.397733	-2.225240E-6
-131.377104	-3.337860E-6
-131.356476	-4.371007E-6
-131.335847	-5.086263E-6
-131.315218	-6.039937E-6
-131.294589	-6.834666E-6
-131.273960	-7.311503E-6
-131.253331	-6.437302E-6
-131.232703	-5.006790E-6
-131.212074	-4.927317E-6
-131.191445	-4.291534E-6
-131.170816	-3.099442E-6
-131.150187	-1.509984E-6
-131.129558	2.384186E-7
-131.108930	3.973643E-7
-131.088301	1.192093E-6
-131.067672	1.192093E-6
-131.047043	9.536743E-7
-131.026414	8.742015E-7
-131.005786	1.430511E-6
-130.985157	7.152557E-7
-130.964528	6.357829E-7
-130.943899	-7.947286E-7
-130.923270	-2.066294E-6
-130.902641	-3.496806E-6
-130.882013	-4.688899E-6
-130.861384	-6.516774E-6
-130.840755	-7.073085E-6
-130.820126	-7.073085E-6
-130.799497	-8.185705E-6
-130.778869	-9.139379E-6
-130.758240	-1.056989E-5
-130.737611	-1.136462E-5
-130.716982	-1.112620E-5
-130.696353	-1.009305E-5
-130.675724	-9.616216E-6
-130.655096	-9.536743E-6
-130.634467	-8.980433E-6
-130.613838	-7.629395E-6
-130.593209	-5.245209E-6
-130.572580	-3.576279E-6
-130.551952	-1.271566E-6
-130.531323	9.536743E-7
-130.510694	3.337860E-6
-130.490065	6.119410E-6
-130.469436	8.265177E-6
-130.448807	9.059906E-6
-130.428179	1.056989E-5
-130.407550	1.136462E-5
-130.386921	1.263618E-5
-130.366292	1.247724E-5
-130.345663	1.112620E-5
-130.325034	1.001358E-5
-130.304406	9.457270E-6
-130.283777	7.152557E-6
-130.263148	5.006790E-6
-130.242519	3.019969E-6
-130.221890	7.947286E-8
-130.201262	-3.019969E-6
-130.180633	-5.404154E-6
-130.160004	-7.073085E-6
-130.139375	-8.821487E-6
-130.118746	-1.152356E-5
-130.098117	-1.215935E-5
-130.077489	-1.279513E-5
-130.056860	-1.184146E-5
-130.036231	-1.136462E-5
-130.015602	-1.072884E-5
-129.994973	-8.662542E-6
-129.974345	-6.596247E-6
-129.953716	-4.927317E-6
-129.933087	-1.907349E-6
-129.912458	-7.947286E-8
-129.891829	1.351039E-6
-129.871200	3.019969E-6
-129.850572	4.291534E-6
-129.829943	4.927317E-6
-129.809314	6.198883E-6
-129.788685	6.914139E-6
-129.768056	6.596247E-6
-129.747427	5.165736E-6
-129.726799	4.132589E-6
-129.706170	1.112620E-6
-129.685541	-1.430511E-6
-129.664912	-4.371007E-6
-129.644283	-6.914139E-6
-129.623655	-8.900960E-6
-129.603026	-1.033147E-5
-129.582397	-1.120567E-5
-129.561768	-1.215935E-5
-129.541139	-1.271566E-5
-129.520510	-1.351039E-5
-129.499882	-1.287460E-5
-129.479253	-1.176198E-5
-129.458624	-1.009305E-5
-129.437995	-8.821487E-6
-129.417366	-7.867813E-6
-129.396738	-5.404154E-6
-129.376109	-3.973643E-6
-129.355480	-2.622604E-6
-129.334851	-1.668930E-6
-129.314222	-7.947286E-7
-129.293593	1.589457E-7
-129.272965	-3.178914E-7
-129.252336	-6.357829E-7
-129.231707	-3.178914E-7
-129.211078	-1.430511E-6
-129.190449	-3.496806E-6
-129.169820	-4.291534E-6
-129.149192	-5.165736E-6
-129.128563	-4.927317E-6
-129.107934	-6.516774E-6
-129.087305	-7.867813E-6
-129.066676	-9.059906E-6
-129.046048	-9.218852E-6
-129.025419	-9.695689E-6
-129.004790	-9.854635E-6
-128.984161	-9.695689E-6
-128.963532	-9.616216E-6
-128.942903	-9.139379E-6
-128.922275	-8.185705E-6
-128.901646	-5.563100E-6
-128.881017	-2.781550E-6
-128.860388	-3.973643E-7
-128.839759	9.536743E-7
-128.819131	2.861023E-6
-128.798502	4.291534E-6
-128.777873	6.357829E-6
-128.757244	7.867813E-6
-128.736615	9.059906E-6
-128.715986	1.033147E-5
-128.695358	1.033147E-5
-128.674729	1.049042E-5
-128.654100	9.934107E-6
-128.633471	8.185705E-6
-128.612842	5.880992E-6
-128.592213	3.496806E-6
-128.571585	1.112620E-6
-128.550956	-1.351039E-6
-128.530327	-3.417333E-6
-128.509698	-6.278356E-6
-128.489069	-9.139379E-6
-128.468441	-1.096725E-5
-128.447812	-1.303355E-5
-128.427183	-1.358986E-5
-128.406554	-1.390775E-5
-128.385925	-1.382828E-5
-128.365296	-1.335144E-5
-128.344668	-1.207987E-5
-128.324039	-1.064936E-5
-128.303410	-7.073085E-6
-128.282781	-3.973643E-6
-128.262152	-1.351039E-6
-128.241524	6.357829E-7
-128.220895	3.576279E-6
-128.200266	6.914139E-6
-128.179637	9.536743E-6
-128.159008	1.152356E-5
-128.138379	1.311302E-5
-128.117751	1.374880E-5
-128.097122	1.470248E-5
-128.076493	1.406670E-5
-128.055864	1.343091E-5
-128.035235	1.176198E-5
-128.014606	9.457270E-6
-127.993978	7.152557E-6
-127.973349	5.086263E-6
-127.952720	2.225240E-6
-127.932091	-5.563100E-7
-127.911462	-3.178914E-6
-127.890834	-5.086263E-6
-127.870205	-7.152557E-6
-127.849576	-8.662542E-6
-127.828947	-8.821487E-6
-127.808318	-9.298325E-6
-127.787689	-1.033147E-5
-127.767061	-1.041094E-5
-127.746432	-1.049042E-5
-127.725803	-1.017253E-5
-127.705174	-8.424123E-6
-127.684545	-7.708867E-6
-127.663917	-6.755193E-6
-127.643288	-5.642573E-6
-127.622659	-3.576279E-6
-127.602030	-5.563100E-7
-127.581401	1.907349E-6
-127.560772	3.655752E-6
-127.540144	5.245209E-6
-127.519515	6.755193E-6
-127.498886	8.106232E-6
-127.478257	9.298325E-6
-127.457628	1.001358E-5
-127.436999	1.009305E-5
-127.416371	9.059906E-6
-127.395742	7.629395E-6
-127.375113	7.947286E-6
-127.354484	6.993612E-6
-127.333855	5.086263E-6
-127.313227	3.576279E-6
-127.292598	2.066294E-6
-127.271969	6.357829E-7
-127.251340	-1.748403E-6
-127.230711	-4.529953E-6
-127.210082	-6.516774E-6
-127.189454	-6.834666E-6
-127.168825	-6.278356E-6
-127.148196	-6.357829E-6
-127.127567	-6.278356E-6
-127.106938	-5.960464E-6
-127.086310	-4.927317E-6
-127.065681	-4.291534E-6
-127.045052	-3.417333E-6
-127.024423	-1.351039E-6
-127.003794	9.536743E-7
-126.983165	2.781550E-6
-126.962537	3.496806E-6
-126.941908	5.563100E-6
-126.921279	7.311503E-6
-126.900650	8.821487E-6
-126.880021	8.900960E-6
-126.859392	9.298325E-6
-126.838764	8.980433E-6
-126.818135	8.106232E-6
-126.797506	7.232030E-6
-126.776877	6.596247E-6
-126.756248	5.006790E-6
-126.735620	3.019969E-6
-126.714991	9.536743E-7
-126.694362	-1.192093E-6
-126.673733	-3.894170E-6
-126.653104	-5.006790E-6
-126.632475	-6.596247E-6
-126.611847	-7.232030E-6
-126.591218	-7.788340E-6
-126.570589	-7.232030E-6
-126.549960	-6.675720E-6
-126.529331	-4.609426E-6
-126.508703	-1.668930E-6
-126.488074	4.768372E-7
-126.467445	3.417333E-6
-126.446816	6.278356E-6
-126.426187	8.344650E-6
-126.405558	1.041094E-5
-126.384930	1.271566E-5
-126.364301	1.446406E-5
-126.343672	1.541773E-5
-126.323043	1.581510E-5
-126.302414	1.557668E-5
-126.281785	1.438459E-5
-126.261157	1.335144E-5
-126.240528	1.184146E-5
-126.219899	8.980433E-6
-126.199270	6.278356E-6
-126.178641	3.496806E-6
-126.158013	1.668930E-6
-126.137384	-4.768372E-7
-126.116755	-2.622604E-6
-126.096126	-4.291534E-6
-126.075497	-5.404154E-6
-126.054868	-6.596247E-6
-126.034240	-7.867813E-6
-126.013611	-8.900960E-6
-125.992982	-8.980433E-6
-125.972353	-9.218852E-6
-125.951724	-9.059906E-6
-125.931096	-7.788340E-6
-125.910467	-6.755193E-6
-125.889838	-6.834666E-6
-125.869209	-5.722046E-6
-125.848580	-5.245209E-6
-125.827951	-4.450480E-6
-125.807323	-3.814697E-6
-125.786694	-1.907349E-6
-125.766065	-7.152557E-7
-125.745436	-1.589457E-7
-125.724807	1.589457E-7
-125.704178	1.430511E-6
-125.683550	2.304713E-6
-125.662921	2.781550E-6
-125.642292	3.258387E-6
-125.621663	2.622604E-6
-125.601034	1.748403E-6
-125.580406	8.742015E-7
-125.559777	4.768372E-7
-125.539148	-7.152557E-7
-125.518519	-1.668930E-6
-125.497890	-3.019969E-6
-125.477261	-4.371007E-6
-125.456633	-5.483627E-6
-125.436004	-6.675720E-6
-125.415375	-7.629395E-6
-125.394746	-8.026759E-6
-125.374117	-7.788340E-6
-125.353489	-6.198883E-6
-125.332860	-5.801519E-6
-125.312231	-4.291534E-6
-125.291602	-2.940496E-6
-125.270973	-1.748403E-6
-125.250344	-9.536743E-7
-125.229716	0.000000
-125.209087	7.152557E-7
-125.188458	1.112620E-6
-125.167829	8.742015E-7
-125.147200	1.271566E-6
-125.126571	1.986821E-6
-125.105943	2.304713E-6
-125.085314	1.668930E-6
-125.064685	1.192093E-6
-125.044056	3.973643E-7
-125.023427	7.947286E-8
-125.002799	-7.152557E-7
-124.982170	-3.178914E-7
-124.961541	-1.589457E-6
-124.940912	-2.861023E-6
-124.920283	-3.337860E-6
-124.899654	-3.655752E-6
-124.879026	-5.563100E-6
-124.858397	-8.185705E-6
-124.837768	-1.200040E-5
-124.817139	-1.613299E-5
-124.796510	-1.970927E-5
-124.775882	-2.344449E-5
-124.755253	-2.829234E-5
-124.734624	-3.425280E-5
-124.713995	-4.045169E-5
-124.693366	-4.569689E-5
-124.672737	-5.110105E-5
-124.652109	-5.563100E-5
-124.631480	-6.024043E-5
-124.610851	-6.437302E-5
-124.590222	-6.699562E-5
-124.569593	-6.635984E-5
-124.548964	-6.492933E-5
-124.528336	-6.230672E-5
-124.507707	-5.809466E-5
-124.487078	-5.396207E-5
-124.466449	-4.816055E-5
-124.445820	-4.116694E-5
-124.425192	-3.186862E-5
-124.404563	-2.153714E-5
-124.383934	-1.088778E-5
-124.363305	9.536743E-7
-124.342676	1.430511E-5
-124.322047	2.717972E-5
-124.301419	3.759066E-5
-124.280790	4.776319E-5
-124.260161	5.753835E-5
-124.239532	6.628036E-5
-124.218903	7.247925E-5
-124.198275	7.796288E-5
-124.177646	8.217494E-5
-124.157017	8.527438E-5
-124.136388	8.662542E-5
-124.115759	8.622805E-5
-124.095130	8.511543E-5
-124.074502	8.368492E-5
-124.053873	8.106232E-5
-124.033244	7.812182E-5
-124.012615	7.438660E-5
-123.991986	7.128716E-5
-123.971358	6.667773E-5
-123.950729	6.175041E-5
-123.930100	5.698204E-5
-123.909471	5.125999E-5
-123.888842	4.402796E-5
-123.868213	3.655752E-5
-123.847585	2.900759E-5
-123.826956	2.137820E-5
-123.806327	1.398722E-5
-123.785698	8.185705E-6
-123.765069	2.145767E-6
-123.744440	-3.099442E-6
-123.723812	-7.947286E-6
-123.703183	-1.255671E-5
-123.682554	-1.660983E-5
-123.661925	-2.026558E-5
-123.641296	-2.336502E-5
-123.620668	-2.463659E-5
-123.600039	-2.431870E-5
-123.579410	-2.503395E-5
-123.558781	-2.463659E-5
-123.538152	-2.415975E-5
-123.517523	-2.304713E-5
-123.496895	-2.137820E-5
-123.476266	-1.907349E-5
-123.455637	-1.732508E-5
-123.435008	-1.478195E-5
-123.414379	-1.287460E-5
-123.393751	-1.064936E-5
-123.373122	-9.695689E-6
-123.352493	-8.821487E-6
-123.331864	-8.106232E-6
-123.311235	-7.152557E-6
-123.290606	-6.357829E-6
-123.269978	-6.755193E-6
-123.249349	-8.026759E-6
-123.228720	-1.009305E-5
-123.208091	-1.041094E-5
-123.187462	-1.025200E-5
-123.166833	-1.104673E-5
-123.146205	-1.192093E-5
-123.125576	-1.295408E-5
-123.104947	-1.263618E-5
-123.084318	-1.263618E-5
-123.063689	-1.144409E-5
-123.043061	-9.139379E-6
-123.022432	-7.708867E-6
-123.001803	-5.801519E-6
-122.981174	-4.529953E-6
-122.960545	-2.463659E-6
-122.939916	-1.033147E-6
-122.919288	1.351039E-6
-122.898659	4.688899E-6
-122.878030	6.993612E-6
-122.857401	8.662542E-6
-122.836772	9.934107E-6
-122.816144	1.231829E-5
-122.795515	1.295408E-5
-122.774886	1.144409E-5
-122.754257	9.616216E-6
-122.733628	7.311503E-6
-122.712999	4.132589E-6
-122.692371	1.271566E-6
-122.671742	-2.145767E-6
-122.651113	-5.483627E-6
-122.630484	-8.821487E-6
-122.609855	-1.184146E-5
-122.589226	-1.573563E-5
-122.568598	-1.843770E-5
-122.547969	-2.145767E-5
-122.527340	-2.487501E-5
-122.506711	-2.606710E-5
-122.486082	-2.686183E-5
-122.465454	-2.654394E-5
-122.444825	-2.535184E-5
-122.424196	-2.272924E-5
-122.403567	-2.082189E-5
-122.382938	-1.899401E-5
-122.362309	-1.621246E-5
-122.341681	-1.279513E-5
-122.321052	-9.457270E-6
-122.300423	-5.483627E-6
-122.279794	-2.066294E-6
-122.259165	6.357829E-7
-122.238537	3.019969E-6
-122.217908	6.119410E-6
-122.197279	8.503596E-6
-122.176650	9.377797E-6
-122.156021	1.080831E-5
-122.135392	1.160304E-5
-122.114764	1.176198E-5
-122.094135	1.263618E-5
-122.073506	1.287460E-5
-122.052877	1.215935E-5
-122.032248	1.192093E-5
-122.011619	1.080831E-5
-121.990991	9.457270E-6
-121.970362	7.947286E-6
-121.949733	5.404154E-6
-121.929104	4.132589E-6
-121.908475	1.748403E-6
-121.887847	3.973643E-7
-121.867218	-1.033147E-6
-121.846589	-2.940496E-6
-121.825960	-4.927317E-6
-121.805331	-6.914139E-6
-121.784702	-7.788340E-6
-121.764074	-8.503596E-6
-121.743445	-9.616216E-6
-121.722816	-9.934107E-6
-121.702187	-9.934107E-6
-121.681558	-9.616216E-6
-121.660930	-8.742015E-6
-121.640301	-8.503596E-6
-121.619672	-8.424123E-6
-121.599043	-7.232030E-6
-121.578414	-5.722046E-6
-121.557785	-3.894170E-6
-121.537157	-3.814697E-6
-121.516528	-3.417333E-6
-121.495899	-1.589457E-6
-121.475270	-1.589457E-6
-121.454641	-1.748403E-6
-121.434012	-1.271566E-6
-121.413384	-1.271566E-6
-121.392755	-1.907349E-6
-121.372126	-2.781550E-6
-121.351497	-3.258387E-6
-121.330868	-3.894170E-6
-121.310240	-3.735224E-6
-121.289611	-3.099442E-6
-121.268982	-2.543132E-6
-121.248353	-1.430511E-6
-121.227724	1.192093E-6
-121.207095	3.894170E-6
-121.186467	6.914139E-6
-121.165838	9.059906E-6
-121.145209	1.207987E-5
-121.124580	1.525879E-5
-121.103951	1.867612E-5
-121.083323	2.121925E-5
-121.062694	2.320608E-5
-121.042065	2.447764E-5
-121.021436	2.590815E-5
-121.000807	2.495448E-5
-120.980178	2.415975E-5
-120.959550	2.257029E-5
-120.938921	1.947085E-5
-120.918292	1.645088E-5
-120.897663	1.215935E-5
-120.877034	6.993612E-6
-120.856405	2.304713E-6
-120.835777	-2.225240E-6
-120.815148	-7.311503E-6
-120.794519	-1.271566E-5
-120.773890	-1.780192E-5
-120.753261	-2.106031E-5
-120.732633	-2.439817E-5
-120.712004	-2.749761E-5
-120.691375	-2.940496E-5
-120.670746	-3.131231E-5
-120.650117	-3.163020E-5
-120.629488	-3.043811E-5
-120.608860	-2.908707E-5
-120.588231	-2.598763E-5
-120.567602	-2.344449E-5
-120.546973	-1.947085E-5
-120.526344	-1.502037E-5
-120.505716	-1.049042E-5
-120.485087	-4.371007E-6
-120.464458	1.192093E-6
-120.443829	6.755193E-6
-120.423200	1.096725E-5
-120.402571	1.668930E-5
-120.381943	2.169609E-5
-120.361314	2.495448E-5
-120.340685	2.638499E-5
-120.320056	2.781550E-5
-120.299427	2.821287E-5
-120.278798	2.702077E-5
-120.258170	2.423922E-5
-120.237541	1.955032E-5
-120.216912	1.525879E-5
-120.196283	1.009305E-5
-120.175654	4.291534E-6
-120.155026	-1.033147E-6
-120.134397	-6.914139E-6
-120.113768	-1.406670E-5
-120.093139	-2.034505E-5
-120.072510	-2.503395E-5
-120.051881	-3.019969E-5
-120.031253	-3.345807E-5
-120.010624	-3.584226E-5
-119.989995	-3.600121E-5
-119.969366	-3.631910E-5
-119.948737	-3.592173E-5
-119.928109	-3.433228E-5
-119.907480	-3.163020E-5
-119.886851	-2.853076E-5
-119.866222	-2.574921E-5
-119.845593	-2.225240E-5
-119.824964	-1.875559E-5
-119.804336	-1.422564E-5
-119.783707	-1.041094E-5
-119.763078	-7.152557E-6
-119.742449	-3.417333E-6
-119.721820	-1.589457E-7
-119.701191	8.742015E-7
-119.680563	1.907349E-6
-119.659934	3.655752E-6
-119.639305	4.847844E-6
-119.618676	5.245209E-6
-119.598047	6.039937E-6
-119.577419	6.993612E-6
-119.556790	6.198883E-6
-119.536161	5.722046E-6
-119.515532	6.596247E-6
-119.494903	7.152557E-6
-119.474274	6.596247E-6
-119.453646	7.470449E-6
-119.433017	8.503596E-6
-119.412388	8.662542E-6
-119.391759	9.854635E-6
-119.371130	1.215935E-5
-119.350502	1.335144E-5
-119.329873	1.438459E-5
-119.309244	1.581510E-5
-119.288615	1.653035E-5
-119.267986	1.748403E-5
-119.247357	1.780192E-5
-119.226729	1.740456E-5
-119.206100	1.684825E-5
-119.185471	1.557668E-5
-119.164842	1.335144E-5
-119.144213	9.934107E-6
-119.123584	5.801519E-6
-119.102956	2.781550E-6
-119.082327	-1.112620E-6
-119.061698	-5.563100E-6
-119.041069	-1.049042E-5
-119.020440	-1.343091E-5
-118.999812	-1.637141E-5
-118.979183	-1.923243E-5
-118.958554	-2.106031E-5
-118.937925	-2.249082E-5
-118.917296	-2.360344E-5
-118.896667	-2.408028E-5
-118.876039	-2.304713E-5
-118.855410	-2.185504E-5
-118.834781	-1.955032E-5
-118.814152	-1.708666E-5
-118.793523	-1.366933E-5
-118.772895	-9.854635E-6
-118.752266	-6.675720E-6
-118.731637	-3.655752E-6
-118.711008	3.973643E-7
-118.690379	2.861023E-6
-118.669750	6.437302E-6
-118.649122	8.185705E-6
-118.628493	1.017253E-5
-118.607864	1.160304E-5
-118.587235	1.231829E-5
-118.566606	1.263618E-5
-118.545977	1.374880E-5
-118.525349	1.358986E-5
-118.504720	1.255671E-5
-118.484091	1.041094E-5
-118.463462	8.106232E-6
-118.442833	6.357829E-6
-118.422205	3.337860E-6
-118.401576	1.033147E-6
-118.380947	-5.563100E-7
-118.360318	-2.543132E-6
-118.339689	-5.086263E-6
-118.319060	-6.278356E-6
-118.298432	-6.357829E-6
-118.277803	-7.629395E-6
-118.257174	-8.026759E-6
-118.236545	-8.106232E-6
-118.215916	-7.788340E-6
-118.195288	-6.119410E-6
-118.174659	-4.688899E-6
-118.154030	-4.132589E-6
-118.133401	-3.417333E-6
-118.112772	-2.781550E-6
-118.092143	-1.033147E-6
-118.071515	6.357829E-7
-118.050886	9.536743E-7
-118.030257	5.563100E-7
-118.009628	8.742015E-7
-117.988999	4.768372E-7
-117.968370	7.947286E-8
-117.947742	-4.768372E-7
-117.927113	-1.271566E-6
-117.906484	-2.463659E-6
-117.885855	-1.668930E-6
-117.865226	-1.668930E-6
-117.844598	-1.509984E-6
-117.823969	-1.033147E-6
-117.803340	-1.589457E-7
-117.782711	3.973643E-7
-117.762082	9.536743E-7
-117.741453	3.258387E-6
-117.720825	3.735224E-6
-117.700196	4.768372E-6
-117.679567	5.245209E-6
-117.658938	7.073085E-6
-117.638309	8.344650E-6
-117.617681	9.218852E-6
-117.597052	9.616216E-6
-117.576423	9.854635E-6
-117.555794	9.536743E-6
-117.535165	9.616216E-6
-117.514536	9.298325E-6
-117.493908	8.662542E-6
-117.473279	7.549922E-6
-117.452650	7.311503E-6
-117.432021	6.834666E-6
-117.411392	5.245209E-6
-117.390764	3.814697E-6
-117.370135	1.589457E-6
-117.349506	6.357829E-7
-117.328877	-1.827876E-6
-117.308248	-4.450480E-6
-117.287619	-6.516774E-6
-117.266991	-8.503596E-6
-117.246362	-1.025200E-5
-117.225733	-1.184146E-5
-117.205104	-1.374880E-5
-117.184475	-1.589457E-5
-117.163846	-1.732508E-5
-117.143218	-1.772245E-5
-117.122589	-1.804034E-5
-117.101960	-1.692772E-5
-117.081331	-1.565615E-5
-117.060702	-1.414617E-5
-117.040074	-1.152356E-5
-117.019445	-8.900960E-6
-116.998816	-6.516774E-6
-116.978187	-3.258387E-6
-116.957558	-7.947286E-8
-116.936929	3.178914E-6
-116.916301	6.675720E-6
-116.895672	9.059906E-6
-116.875043	1.160304E-5
-116.854414	1.358986E-5
-116.833785	1.502037E-5
-116.813157	1.525879E-5
-116.792528	1.478195E-5
-116.771899	1.565615E-5
-116.751270	1.517932E-5
-116.730641	1.486142E-5
-116.710012	1.398722E-5
-116.689384	1.128515E-5
-116.668755	8.821487E-6
-116.648126	6.834666E-6
-116.627497	4.450480E-6
-116.606868	1.192093E-6
-116.586239	-1.589457E-6
-116.565611	-4.132589E-6
-116.544982	-6.596247E-6
-116.524353	-9.616216E-6
-116.503724	-1.096725E-5
-116.483095	-1.223882E-5
-116.462467	-1.343091E-5
-116.441838	-1.502037E-5
-116.421209	-1.613299E-5
-116.400580	-1.756350E-5
-116.379951	-1.676877E-5
-116.359322	-1.557668E-5
-116.338694	-1.462301E-5
-116.318065	-1.303355E-5
-116.297436	-1.184146E-5
-116.276807	-1.017253E-5
-116.256178	-8.344650E-6
-116.235550	-6.278356E-6
-116.214921	-4.847844E-6
-116.194292	-2.384186E-6
-116.173663	3.973643E-7
-116.153034	3.655752E-6
-116.132405	5.404154E-6
-116.111777	6.596247E-6
-116.091148	7.311503E-6
-116.070519	8.583069E-6
-116.049890	8.662542E-6
-116.029261	8.344650E-6
-116.008632	7.788340E-6
-115.988004	7.152557E-6
-115.967375	6.914139E-6
-115.946746	7.073085E-6
-115.926117	6.516774E-6
-115.905488	5.324682E-6
-115.884860	4.371007E-6
-115.864231	3.655752E-6
-115.843602	3.496806E-6
-115.822973	3.814697E-6
-115.802344	3.417333E-6
-115.781715	2.861023E-6
-115.761087	2.940496E-6
-115.740458	2.304713E-6
-115.719829	2.145767E-6
-115.699200	2.940496E-6
-115.678571	2.384186E-6
-115.657943	1.748403E-6
-115.637314	1.112620E-6
-115.616685	7.152557E-7
-115.596056	9.536743E-7
-115.575427	1.271566E-6
-115.554798	2.384186E-7
-115.534170	4.768372E-7
-115.513541	2.145767E-6
-115.492912	1.589457E-6
-115.472283	1.748403E-6
-115.451654	1.112620E-6
-115.431025	-7.947286E-8
-115.410397	3.178914E-7
-115.389768	6.357829E-7
-115.369139	7.947286E-8
-115.348510	-1.668930E-6
-115.327881	-2.702077E-6
-115.307253	-4.132589E-6
-115.286624	-5.483627E-6
-115.265995	-6.516774E-6
-115.245366	-7.152557E-6
-115.224737	-8.503596E-6
-115.204108	-9.616216E-6
-115.183480	-1.096725E-5
-115.162851	-1.255671E-5
-115.142222	-1.303355E-5
-115.121593	-1.128515E-5
-115.100964	-1.064936E-5
-115.080336	-1.080831E-5
-115.059707	-9.377797E-6
-115.039078	-7.232030E-6
-115.018449	-5.324682E-6
-114.997820	-3.496806E-6
-114.977191	-2.145767E-6
-114.956563	7.947286E-8
-114.935934	1.351039E-6
-114.915305	3.019969E-6
-114.894676	4.450480E-6
-114.874047	4.768372E-6
-114.853418	5.006790E-6
-114.832790	5.086263E-6
-114.812161	4.291534E-6
-114.791532	3.337860E-6
-114.770903	1.827876E-6
-114.750274	6.357829E-7
-114.729646	-3.973643E-7
-114.709017	-1.748403E-6
-114.688388	-3.099442E-6
-114.667759	-3.099442E-6
-114.647130	-4.291534E-6
-114.626501	-4.688899E-6
-114.605873	-5.404154E-6
-114.585244	-6.119410E-6
-114.564615	-6.119410E-6
-114.543986	-6.198883E-6
-114.523357	-6.675720E-6
-114.502729	-7.311503E-6
-114.482100	-7.311503E-6
-114.461471	-6.755193E-6
-114.440842	-5.722046E-6
-114.420213	-5.563100E-6
-114.399584	-6.039937E-6
-114.378956	-5.960464E-6
-114.358327	-4.847844E-6
-114.337698	-3.894170E-6
-114.317069	-2.940496E-6
-114.296440	-2.702077E-6
-114.275811	-1.112620E-6
-114.255183	-1.589457E-7
-114.234554	7.152557E-7
-114.213925	9.536743E-7
-114.193296	1.907349E-6
-114.172667	2.702077E-6
-114.152039	3.973643E-6
-114.131410	4.927317E-6
-114.110781	5.722046E-6
-114.090152	6.516774E-6
-114.069523	7.152557E-6
-114.048894	8.026759E-6
-114.028266	8.424123E-6
-114.007637	7.311503E-6
-113.987008	7.390976E-6
-113.966379	8.424123E-6
-113.945750	8.424123E-6
-113.925122	8.026759E-6
-113.904493	8.503596E-6
-113.883864	8.344650E-6
-113.863235	8.265177E-6
-113.842606	8.026759E-6
-113.821977	7.470449E-6
-113.801349	6.357829E-6
-113.780720	5.245209E-6
-113.760091	3.894170E-6
-113.739462	3.258387E-6
-113.718833	1.430511E-6
-113.698204	5.563100E-7
-113.677576	-8.742015E-7
-113.656947	-1.986821E-6
-113.636318	-2.781550E-6
-113.615689	-4.768372E-6
-113.595060	-5.960464E-6
-113.574432	-6.516774E-6
-113.553803	-6.834666E-6
-113.533174	-7.549922E-6
-113.512545	-7.470449E-6
-113.491916	-8.900960E-6
-113.471287	-9.298325E-6
-113.450659	-9.377797E-6
-113.430030	-9.536743E-6
-113.409401	-9.377797E-6
-113.388772	-9.298325E-6
-113.368143	-9.139379E-6
-113.347515	-8.821487E-6
-113.326886	-7.152557E-6
-113.306257	-6.119410E-6
-113.285628	-4.529953E-6
-113.264999	-2.702077E-6
-113.244370	-4.768372E-7
-113.223742	2.225240E-6
-113.203113	4.927317E-6
-113.182484	7.470449E-6
-113.161855	1.025200E-5
-113.141226	1.096725E-5
-113.120597	1.327197E-5
-113.099969	1.358986E-5
-113.079340	1.255671E-5
-113.058711	1.112620E-5
-113.038082	9.775162E-6
-113.017453	9.377797E-6
-112.996825	7.867813E-6
-112.976196	4.927317E-6
-112.955567	2.940496E-6
-112.934938	1.986821E-6
-112.914309	-8.742015E-7
-112.893680	-2.781550E-6
-112.873052	-4.609426E-6
-112.852423	-6.198883E-6
-112.831794	-7.311503E-6
-112.811165	-7.470449E-6
-112.790536	-7.470449E-6
-112.769908	-7.867813E-6
-112.749279	-7.788340E-6
-112.728650	-7.947286E-6
-112.708021	-5.960464E-6
-112.687392	-4.927317E-6
-112.666763	-4.212062E-6
-112.646135	-3.973643E-6
-112.625506	-2.861023E-6
-112.604877	-1.668930E-6
-112.584248	-1.271566E-6
-112.563619	-5.563100E-7
-112.542990	-3.178914E-7
-112.522362	2.384186E-7
-112.501733	9.536743E-7
-112.481104	3.178914E-7
-112.460475	-2.384186E-7
-112.439846	-2.384186E-7
-112.419218	-1.748403E-6
-112.398589	-1.907349E-6
-112.377960	-2.940496E-6
-112.357331	-4.291534E-6
-112.336702	-5.880992E-6
-112.316073	-7.708867E-6
-112.295445	-8.662542E-6
-112.274816	-9.616216E-6
-112.254187	-1.136462E-5
-112.233558	-1.231829E-5
-112.212929	-1.287460E-5
-112.192301	-1.160304E-5
-112.171672	-1.080831E-5
-112.151043	-1.009305E-5
-112.130414	-8.265177E-6
-112.109785	-5.880992E-6
-112.089156	-3.417333E-6
-112.068528	-8.742015E-7
-112.047899	2.543132E-6
-112.027270	5.086263E-6
-112.006641	8.583069E-6
-111.986012	1.104673E-5
-111.965383	1.327197E-5
-111.944755	1.533826E-5
-111.924126	1.597404E-5
-111.903497	1.645088E-5
-111.882868	1.660983E-5
-111.862239	1.613299E-5
-111.841611	1.525879E-5
-111.820982	1.446406E-5
-111.800353	1.335144E-5
-111.779724	1.207987E-5
-111.759095	1.056989E-5
-111.738466	8.344650E-6
-111.717838	6.914139E-6
-111.697209	6.357829E-6
-111.676580	4.768372E-6
-111.655951	2.861023E-6
-111.635322	1.430511E-6
-111.614694	-3.973643E-7
-111.594065	-1.112620E-6
-111.573436	-1.430511E-6
-111.552807	-2.304713E-6
-111.532178	-2.066294E-6
-111.511549	-2.304713E-6
-111.490921	-3.019969E-6
-111.470292	-2.861023E-6
-111.449663	-2.543132E-6
-111.429034	-1.668930E-6
-111.408405	-4.768372E-7
-111.387776	2.066294E-6
-111.367148	3.894170E-6
-111.346519	6.675720E-6
-111.325890	9.854635E-6
-111.305261	1.255671E-5
-111.284632	1.557668E-5
-111.264004	1.716614E-5
-111.243375	1.859665E-5
-111.222746	1.835823E-5
-111.202117	1.931190E-5
-111.181488	2.010663E-5
-111.160859	1.970927E-5
-111.140231	1.867612E-5
-111.119602	1.748403E-5
-111.098973	1.581510E-5
-111.078344	1.430511E-5
-111.057715	1.327197E-5
-111.037087	1.152356E-5
-111.016458	9.695689E-6
-110.995829	7.390976E-6
-110.975200	7.311503E-6
-110.954571	7.152557E-6
-110.933942	5.801519E-6
-110.913314	6.675720E-6
-110.892685	7.867813E-6
-110.872056	8.742015E-6
-110.851427	8.742015E-6
-110.830798	9.536743E-6
-110.810170	1.287460E-5
-110.789541	1.581510E-5
-110.768912	1.700719E-5
-110.748283	1.772245E-5
-110.727654	1.939138E-5
-110.707025	2.137820E-5
-110.686397	2.225240E-5
-110.665768	2.233187E-5
-110.645139	2.280871E-5
-110.624510	2.352397E-5
-110.603881	2.320608E-5
-110.583252	2.193451E-5
-110.562624	2.106031E-5
-110.541995	1.970927E-5
-110.521366	1.732508E-5
-110.500737	1.549721E-5
-110.480108	1.287460E-5
-110.459480	9.616216E-6
-110.438851	6.675720E-6
-110.418222	3.814697E-6
-110.397593	3.099442E-6
-110.376964	2.384186E-6
-110.356335	1.192093E-6
-110.335707	1.351039E-6
-110.315078	9.536743E-7
-110.294449	1.033147E-6
-110.273820	1.112620E-6
-110.253191	2.066294E-6
-110.232563	3.099442E-6
-110.211934	4.371007E-6
-110.191305	4.768372E-6
-110.170676	6.039937E-6
-110.150047	7.311503E-6
-110.129418	8.106232E-6
-110.108790	7.788340E-6
-110.088161	7.629395E-6
-110.067532	7.152557E-6
-110.046903	5.880992E-6
-110.026274	3.019969E-6
-110.005645	8.742015E-7
-109.985017	-2.463659E-6
-109.964388	-5.245209E-6
-109.943759	-7.549922E-6
-109.923130	-1.152356E-5
-109.902501	-1.549721E-5
-109.881873	-1.827876E-5
-109.861244	-2.113978E-5
-109.840615	-2.336502E-5
-109.819986	-2.527237E-5
-109.799357	-2.662341E-5
-109.778728	-2.757708E-5
-109.758100	-2.853076E-5
-109.737471	-2.868970E-5
-109.716842	-2.813339E-5
-109.696213	-2.654394E-5
-109.675584	-2.487501E-5
-109.654956	-2.280871E-5
-109.634327	-2.161662E-5
-109.613698	-2.034505E-5
-109.593069	-1.867612E-5
-109.572440	-1.748403E-5
-109.551811	-1.660983E-5
-109.531183	-1.557668E-5
-109.510554	-1.573563E-5
-109.489925	-1.565615E-5
-109.469296	-1.597404E-5
-109.448667	-1.645088E-5
-109.428038	-1.716614E-5
-109.407410	-1.811981E-5
-109.386781	-1.923243E-5
-109.366152	-2.121925E-5
-109.345523	-2.241135E-5
-109.324894	-2.423922E-5
-109.304266	-2.559026E-5
-109.283637	-2.559026E-5
-109.263008	-2.622604E-5
-109.242379	-2.654394E-5
-109.221750	-2.622604E-5
-109.201121	-2.630552E-5
-109.180493	-2.622604E-5
-109.159864	-2.511342E-5
-109.139235	-2.296766E-5
-109.118606	-2.026558E-5
-109.097977	-1.819928E-5
-109.077349	-1.502037E-5
-109.056720	-1.184146E-5
-109.036091	-9.059906E-6
-109.015462	-6.437302E-6
-108.994833	-3.258387E-6
-108.974204	-7.152557E-7
-108.953576	3.178914E-7
-108.932947	2.384186E-7
-108.912318	-7.947286E-8
-108.891689	-7.152557E-7
-108.871060	-1.907349E-6
-108.850431	-4.609426E-6
-108.829803	-6.914139E-6
-108.809174	-9.695689E-6
-108.788545	-1.343091E-5
-108.767916	-1.867612E-5
-108.747287	-2.487501E-5
-108.726659	-2.940496E-5
-108.706030	-3.155073E-5
-108.685401	-3.186862E-5
-108.664772	-3.417333E-5
-108.644143	-3.465017E-5
-108.623514	-3.369649E-5
-108.602886	-3.186862E-5
-108.582257	-2.765656E-5
-108.561628	-2.257029E-5
-108.540999	-1.605352E-5
-108.520370	-9.854635E-6
-108.499742	-3.417333E-6
-108.479113	3.576279E-6
-108.458484	1.239777E-5
-108.437855	2.050400E-5
-108.417226	2.829234E-5
-108.396597	3.512700E-5
-108.375969	4.013379E-5
-108.355340	4.442533E-5
-108.334711	4.800161E-5
-108.314082	4.967054E-5
-108.293453	4.752477E-5
-108.272824	4.625320E-5
-108.252196	4.593531E-5
-108.231567	4.394849E-5
-108.210938	4.148483E-5
-108.190309	3.735224E-5
-108.169680	3.329913E-5
-108.149052	2.940496E-5
-108.128423	2.638499E-5
-108.107794	2.249082E-5
-108.087165	1.756350E-5
-108.066536	1.287460E-5
-108.045907	8.026759E-6
-108.025279	3.973643E-6
-108.004650	3.178914E-6
-107.984021	2.702077E-6
-107.963392	1.351039E-6
-107.942763	1.192093E-6
-107.922135	2.225240E-6
-107.901506	3.894170E-6
-107.880877	6.198883E-6
-107.860248	1.064936E-5
-107.839619	1.446406E-5
-107.818990	1.811981E-5
-107.798362	2.185504E-5
-107.777733	2.598763E-5
-107.757104	3.043811E-5
-107.736475	3.409386E-5
-107.715846	3.639857E-5
-107.695217	3.949801E-5
-107.674589	4.172325E-5
-107.653960	4.482269E-5
-107.633331	4.625320E-5
-107.612702	4.609426E-5
-107.592073	4.577637E-5
-107.571445	4.601479E-5
-107.550816	4.704793E-5
-107.530187	4.744530E-5
-107.509558	4.537900E-5
-107.488929	4.482269E-5
-107.468300	4.378955E-5
-107.447672	4.331271E-5
-107.427043	4.188220E-5
-107.406414	4.172325E-5
-107.385785	4.227956E-5
-107.365156	4.339218E-5
-107.344528	4.339218E-5
-107.323899	4.307429E-5
-107.303270	4.434586E-5
-107.282641	4.641215E-5
-107.262012	4.975001E-5
-107.241383	5.165736E-5
-107.220755	5.300840E-5
-107.200126	5.650520E-5
-107.179497	5.952517E-5
-107.158868	6.278356E-5
-107.138239	6.461143E-5
-107.117610	6.628036E-5
-107.096982	6.691615E-5
-107.076353	6.667773E-5
-107.055724	6.643931E-5
-107.035095	6.477038E-5
-107.014466	6.333987E-5
-106.993838	6.167094E-5
-106.973209	5.952517E-5
-106.952580	5.777677E-5
-106.931951	5.459785E-5
-106.911322	5.022685E-5
-106.890693	4.649162E-5
-106.870065	4.315376E-5
-106.849436	4.029274E-5
-106.828807	3.862381E-5
-106.808178	3.623962E-5
-106.787549	3.465017E-5
-106.766921	3.608068E-5
-106.746292	3.838539E-5
-106.725663	4.212062E-5
-106.705034	4.506111E-5
-106.684405	4.688899E-5
-106.663776	4.855792E-5
-106.643148	5.070368E-5
-106.622519	5.396207E-5
-106.601890	5.841255E-5
-106.581261	6.063779E-5
-106.560632	5.976359E-5
-106.540003	5.658468E-5
-106.519375	5.221367E-5
-106.498746	4.808108E-5
-106.478117	4.394849E-5
-106.457488	3.655752E-5
-106.436859	2.694130E-5
-106.416231	1.645088E-5
-106.395602	4.927317E-6
-106.374973	-8.503596E-6
-106.354344	-2.161662E-5
-106.333715	-3.592173E-5
-106.313086	-4.760424E-5
-106.292458	-5.785624E-5
-106.271829	-6.715457E-5
-106.251200	-7.494291E-5
-106.230571	-8.209546E-5
-106.209942	-8.916855E-5
-106.189314	-9.528796E-5
-106.168685	-9.862582E-5
-106.148056	-0.000102
-106.127427	-0.000104
-106.106798	-0.000107
-106.086169	-0.000109
-106.065541	-0.000112
-106.044912	-0.000116
-106.024283	-0.000119
-106.003654	-0.000122
-105.983025	-0.000125
-105.962396	-0.000128
-105.941768	-0.000132
-105.921139	-0.000134
-105.900510	-0.000135
-105.879881	-0.000138
-105.859252	-0.000139
-105.838624	-0.000139
-105.817995	-0.000139
-105.797366	-0.000138
-105.776737	-0.000137
-105.756108	-0.000135
-105.735479	-0.000134
-105.714851	-0.000132
-105.694222	-0.000130
-105.673593	-0.000130
-105.652964	-0.000130
-105.632335	-0.000129
-105.611707	-0.000129
-105.591078	-0.000130
-105.570449	-0.000131
-105.549820	-0.000134
-105.529191	-0.000138
-105.508562	-0.000145
-105.487934	-0.000151
-105.467305	-0.000157
-105.446676	-0.000165
-105.426047	-0.000175
-105.405418	-0.000186
-105.384789	-0.000197
-105.364161	-0.000208
-105.343532	-0.000216
-105.322903	-0.000221
-105.302274	-0.000222
-105.281645	-0.000218
-105.261017	-0.000210
-105.240388	-0.000197
-105.219759	-0.000180
-105.199130	-0.000164
-105.178501	-0.000149
-105.157872	-0.000137
-105.137244	-0.000135
-105.116615	-0.000147
-105.095986	-0.000174
-105.075357	-0.000226
-105.054728	-0.000298
-105.034100	-0.000393
-105.013471	-0.000504
-104.992842	-0.000633
-104.972213	-0.000786
-104.951584	-0.000958
-104.930955	-0.001143
-104.910327	-0.001334
-104.889698	-0.001507
-104.869069	-0.001660
-104.848440	-0.001788
-104.827811	-0.001896
-104.807182	-0.001962
-104.786554	-0.001972
-104.765925	-0.001933
-104.745296	-0.001836
-104.724667	-0.001682
-104.704038	-0.001469
-104.683410	-0.001198
-104.662781	-0.000889
-104.642152	-0.000548
-104.621523	-0.000161
-104.600894	0.000238
-104.580265	0.000649
-104.559637	0.001043
-104.539008	0.001419
-104.518379	0.001756
-104.497750	0.002065
-104.477121	0.002321
-104.456493	0.002519
-104.435864	0.002664
-104.415235	0.002768
-104.394606	0.002817
-104.373977	0.002822
-104.353348	0.002757
-104.332720	0.002632
-104.312091	0.002503
-104.291462	0.002358
-104.270833	0.002186
-104.250204	0.001999
-104.229576	0.001794
-104.208947	0.001583
-104.188318	0.001386
-104.167689	0.001184
-104.147060	0.000989
-104.126431	0.000800
-104.105803	0.000616
-104.085174	0.000451
-104.064545	0.000298
-104.043916	0.000164
-104.023287	4.561742E-5
-104.002658	-5.928675E-5
-103.982030	-0.000147
-103.961401	-0.000222
-103.940772	-0.000288
-103.920143	-0.000341
-103.899514	-0.000382
-103.878886	-0.000415
-103.858257	-0.000439
-103.837628	-0.000457
-103.816999	-0.000470
-103.796370	-0.000476
-103.775741	-0.000477
-103.755113	-0.000474
-103.734484	-0.000469
-103.713855	-0.000461
-103.693226	-0.000446
-103.672597	-0.000430
-103.651969	-0.000417
-103.631340	-0.000406
-103.610711	-0.000394
-103.590082	-0.000378
-103.569453	-0.000362
-103.548824	-0.000345
-103.528196	-0.000329
-103.507567	-0.000313
-103.486938	-0.000297
-103.466309	-0.000281
-103.445680	-0.000266
-103.425051	-0.000254
-103.404423	-0.000241
-103.383794	-0.000230
-103.363165	-0.000219
-103.342536	-0.000207
-103.321907	-0.000196
-103.301279	-0.000184
-103.280650	-0.000174
-103.260021	-0.000165
-103.239392	-0.000158
-103.218763	-0.000151
-103.198134	-0.000144
-103.177506	-0.000136
-103.156877	-0.000129
-103.136248	-0.000123
-103.115619	-0.000118
-103.094990	-0.000113
-103.074362	-0.000109
-103.053733	-0.000105
-103.033104	-9.997686E-5
-103.012475	-9.481112E-5
-102.991846	-9.099642E-5
-102.971217	-8.821487E-5
-102.950589	-8.575122E-5
-102.929960	-8.225441E-5
-102.909331	-7.891655E-5
-102.888702	-7.581711E-5
-102.868073	-7.271767E-5
-102.847444	-7.073085E-5
-102.826816	-6.802877E-5
-102.806187	-6.556511E-5
-102.785558	-6.341934E-5
-102.764929	-6.087621E-5
-102.744300	-5.857150E-5
-102.723672	-5.610784E-5
-102.703043	-5.396207E-5
-102.682414	-5.300840E-5
-102.661785	-5.189578E-5
-102.641156	-5.014737E-5
-102.620527	-4.792213E-5
-102.599899	-4.553795E-5
-102.579270	-4.402796E-5
-102.558641	-4.299482E-5
-102.538012	-4.180272E-5
-102.517383	-4.053116E-5
-102.496755	-3.862381E-5
-102.476126	-3.735224E-5
-102.455497	-3.631910E-5
-102.434868	-3.488859E-5
-102.414239	-3.369649E-5
-102.393610	-3.234545E-5
-102.372982	-3.067652E-5
-102.352353	-2.892812E-5
-102.331724	-2.821287E-5
-102.311095	-2.710025E-5
-102.290466	-2.678235E-5
-102.269837	-2.479553E-5
-102.249209	-2.400080E-5
-102.228580	-2.288818E-5
-102.207951	-2.153714E-5
-102.187322	-2.145767E-5
-102.166693	-2.058347E-5
-102.146065	-2.002716E-5
-102.125436	-1.915296E-5
-102.104807	-1.788139E-5
-102.084178	-1.772245E-5
-102.063549	-1.676877E-5
-102.042920	-1.605352E-5
-102.022292	-1.470248E-5
-102.001663	-1.374880E-5
-101.981034	-1.327197E-5
-101.960405	-1.263618E-5
-101.939776	-1.247724E-5
-101.919148	-1.064936E-5
-101.898519	-9.536743E-6
-101.877890	-1.001358E-5
-101.857261	-9.457270E-6
-101.836632	-8.742015E-6
-101.816003	-8.185705E-6
-101.795375	-7.311503E-6
-101.774746	-6.596247E-6
-101.754117	-6.357829E-6
-101.733488	-5.722046E-6
-101.712859	-4.609426E-6
-101.692230	-5.404154E-6
-101.671602	-5.086263E-6
-101.650973	-4.609426E-6
-101.630344	-4.132589E-6
-101.609715	-3.337860E-6
-101.589086	-3.178914E-6
-101.568458	-2.543132E-6
-101.547829	-1.748403E-6
-101.527200	-1.748403E-6
-101.506571	-1.589457E-6
-101.485942	-7.152557E-7
-101.465313	-1.589457E-7
-101.444685	-1.033147E-6
-101.424056	-1.907349E-6
-101.403427	-1.430511E-6
-101.382798	-6.357829E-7
-101.362169	2.384186E-7
-101.341541	-7.947286E-8
-101.320912	7.947286E-8
-101.300283	-4.768372E-7
-101.279654	3.973643E-7
-101.259025	9.536743E-7
-101.238396	1.112620E-6
-101.217768	7.947286E-7
-101.197139	1.192093E-6
-101.176510	7.947286E-7
-101.155881	1.589457E-7
-101.135252	1.192093E-6
-101.114623	1.271566E-6
-101.093995	1.351039E-6
-101.073366	1.509984E-6
-101.052737	2.066294E-6
-101.032108	1.668930E-6
-101.011479	2.225240E-6
-100.990851	2.066294E-6
-100.970222	1.668930E-6
-100.949593	1.192093E-6
-100.928964	9.536743E-7
-100.908335	1.748403E-6
-100.887706	2.463659E-6
-100.867078	2.066294E-6
-100.846449	2.066294E-6
-100.825820	2.384186E-6
-100.805191	1.827876E-6
-100.784562	1.986821E-6
-100.763934	1.748403E-6
-100.743305	7.947286E-7
-100.722676	7.947286E-7
-100.702047	1.430511E-6
-100.681418	1.907349E-6
-100.660789	1.748403E-6
-100.640161	2.384186E-6
-100.619532	1.986821E-6
-100.598903	1.907349E-6
-100.578274	1.509984E-6
-100.557645	1.748403E-6
-100.537016	1.907349E-6
-100.516388	1.986821E-6
-100.495759	2.066294E-6
-100.475130	2.145767E-6
-100.454501	2.304713E-6
-100.433872	1.907349E-6
-100.413244	1.351039E-6
-100.392615	1.668930E-6
-100.371986	2.622604E-6
-100.351357	1.907349E-6
-100.330728	1.907349E-6
-100.310099	2.543132E-6
-100.289471	2.145767E-6
-100.268842	1.668930E-6
-100.248213	1.589457E-6
-100.227584	1.351039E-6
-100.206955	1.986821E-6
-100.186327	1.827876E-6
-100.165698	2.066294E-6
-100.145069	1.509984E-6
-100.124440	1.986821E-6
-100.103811	1.351039E-6
-100.083182	9.536743E-7
-100.062554	7.152557E-7
-100.041925	8.742015E-7
-100.021296	2.384186E-7
