-142.000947	-1.112620E-6
-141.980319	-1.033147E-6
-141.959690	-3.973643E-7
-141.939061	-3.973643E-7
-141.918432	3.178914E-7
-141.897803	9.536743E-7
-141.877174	2.145767E-6
-141.856546	2.702077E-6
-141.835917	3.417333E-6
-141.815288	4.688899E-6
-141.794659	5.324682E-6
-141.774030	5.642573E-6
-141.753401	6.119410E-6
-141.732773	5.880992E-6
-141.712144	5.642573E-6
-141.691515	5.722046E-6
-141.670886	5.960464E-6
-141.650257	5.960464E-6
-141.629629	5.165736E-6
-141.609000	3.814697E-6
-141.588371	3.178914E-6
-141.567742	2.225240E-6
-141.547113	7.947286E-7
-141.526484	-2.384186E-7
-141.505856	-1.033147E-6
-141.485227	-1.668930E-6
-141.464598	-2.304713E-6
-141.443969	-3.178914E-6
-141.423340	-3.655752E-6
-141.402712	-3.417333E-6
-141.382083	-3.655752E-6
-141.361454	-4.053116E-6
-141.340825	-4.053116E-6
-141.320196	-4.927317E-6
-141.299567	-5.086263E-6
-141.278939	-4.212062E-6
-141.258310	-5.165736E-6
-141.237681	-4.529953E-6
-141.217052	-4.212062E-6
-141.196423	-4.529953E-6
-141.175794	-3.973643E-6
-141.155166	-3.814697E-6
-141.134537	-4.053116E-6
-141.113908	-4.291534E-6
-141.093279	-5.801519E-6
-141.072650	-6.039937E-6
-141.052022	-6.119410E-6
-141.031393	-6.198883E-6
-141.010764	-6.675720E-6
-140.990135	-6.755193E-6
-140.969506	-6.278356E-6
-140.948877	-5.801519E-6
-140.928249	-6.039937E-6
-140.907620	-5.165736E-6
-140.886991	-4.371007E-6
-140.866362	-3.178914E-6
-140.845733	-1.907349E-6
-140.825105	-3.178914E-7
-140.804476	-7.947286E-8
-140.783847	1.033147E-6
-140.763218	3.258387E-6
-140.742589	4.927317E-6
-140.721960	4.927317E-6
-140.701332	6.039937E-6
-140.680703	7.947286E-6
-140.660074	9.457270E-6
-140.639445	1.080831E-5
-140.618816	1.080831E-5
-140.598187	1.160304E-5
-140.577559	1.168251E-5
-140.556930	1.136462E-5
-140.536301	1.144409E-5
-140.515672	1.072884E-5
-140.495043	1.088778E-5
-140.474415	1.017253E-5
-140.453786	9.616216E-6
-140.433157	8.026759E-6
-140.412528	7.470449E-6
-140.391899	7.073085E-6
-140.371270	6.357829E-6
-140.350642	6.755193E-6
-140.330013	6.914139E-6
-140.309384	6.119410E-6
-140.288755	5.960464E-6
-140.268126	5.722046E-6
-140.247498	6.357829E-6
-140.226869	5.801519E-6
-140.206240	5.404154E-6
-140.185611	6.198883E-6
-140.164982	6.596247E-6
-140.144353	7.311503E-6
-140.123725	7.311503E-6
-140.103096	7.152557E-6
-140.082467	7.708867E-6
-140.061838	7.549922E-6
-140.041209	7.073085E-6
-140.020580	7.311503E-6
-139.999952	6.755193E-6
-139.979323	5.880992E-6
-139.958694	5.245209E-6
-139.938065	5.324682E-6
-139.917436	5.483627E-6
-139.896808	4.768372E-6
-139.876179	3.496806E-6
-139.855550	3.099442E-6
-139.834921	1.907349E-6
-139.814292	1.112620E-6
-139.793663	1.271566E-6
-139.773035	-7.947286E-8
-139.752406	-1.192093E-6
-139.731777	-1.351039E-6
-139.711148	-2.463659E-6
-139.690519	-2.781550E-6
-139.669891	-4.768372E-6
-139.649262	-6.278356E-6
-139.628633	-6.993612E-6
-139.608004	-8.026759E-6
-139.587375	-9.218852E-6
-139.566746	-9.218852E-6
-139.546118	-9.457270E-6
-139.525489	-1.017253E-5
-139.504860	-1.160304E-5
-139.484231	-1.215935E-5
-139.463602	-1.192093E-5
-139.442973	-1.096725E-5
-139.422345	-1.120567E-5
-139.401716	-1.136462E-5
-139.381087	-1.128515E-5
-139.360458	-1.112620E-5
-139.339829	-1.096725E-5
-139.319201	-1.112620E-5
-139.298572	-1.088778E-5
-139.277943	-1.049042E-5
-139.257314	-1.088778E-5
-139.236685	-1.088778E-5
-139.216056	-1.112620E-5
-139.195428	-1.096725E-5
-139.174799	-1.025200E-5
-139.154170	-9.695689E-6
-139.133541	-9.695689E-6
-139.112912	-9.695689E-6
-139.092284	-9.139379E-6
-139.071655	-8.265177E-6
-139.051026	-7.311503E-6
-139.030397	-6.914139E-6
-139.009768	-5.880992E-6
-138.989139	-4.529953E-6
-138.968511	-2.940496E-6
-138.947882	-1.351039E-6
-138.927253	-3.178914E-7
-138.906624	1.351039E-6
-138.885995	2.384186E-6
-138.865366	3.019969E-6
-138.844738	3.973643E-6
-138.824109	4.450480E-6
-138.803480	4.927317E-6
-138.782851	5.801519E-6
-138.762222	6.914139E-6
-138.741594	6.755193E-6
-138.720965	6.039937E-6
-138.700336	5.722046E-6
-138.679707	5.404154E-6
-138.659078	5.245209E-6
-138.638449	4.529953E-6
-138.617821	4.688899E-6
-138.597192	3.655752E-6
-138.576563	3.019969E-6
-138.555934	3.019969E-6
-138.535305	2.384186E-6
-138.514677	2.384186E-6
-138.494048	2.861023E-6
-138.473419	2.463659E-6
-138.452790	1.907349E-6
-138.432161	2.225240E-6
-138.411532	1.509984E-6
-138.390904	1.033147E-6
-138.370275	1.589457E-6
-138.349646	1.509984E-6
-138.329017	2.225240E-6
-138.308388	2.622604E-6
-138.287759	2.543132E-6
-138.267131	2.066294E-6
-138.246502	2.225240E-6
-138.225873	2.384186E-6
-138.205244	3.099442E-6
-138.184615	4.371007E-6
-138.163987	4.609426E-6
-138.143358	5.086263E-6
-138.122729	5.006790E-6
-138.102100	5.960464E-6
-138.081471	6.596247E-6
-138.060842	6.993612E-6
-138.040214	7.073085E-6
-138.019585	7.073085E-6
-137.998956	6.516774E-6
-137.978327	6.516774E-6
-137.957698	5.324682E-6
-137.937070	4.450480E-6
-137.916441	3.417333E-6
-137.895812	2.543132E-6
-137.875183	8.742015E-7
-137.854554	7.947286E-8
-137.833925	-1.827876E-6
-137.813297	-2.543132E-6
-137.792668	-4.450480E-6
-137.772039	-5.880992E-6
-137.751410	-7.152557E-6
-137.730781	-7.470449E-6
-137.710152	-9.059906E-6
-137.689524	-9.775162E-6
-137.668895	-1.017253E-5
-137.648266	-1.064936E-5
-137.627637	-1.072884E-5
-137.607008	-1.152356E-5
-137.586380	-1.152356E-5
-137.565751	-1.112620E-5
-137.545122	-1.080831E-5
-137.524493	-1.120567E-5
-137.503864	-1.128515E-5
-137.483235	-1.025200E-5
-137.462607	-9.298325E-6
-137.441978	-9.854635E-6
-137.421349	-1.009305E-5
-137.400720	-9.377797E-6
-137.380091	-8.265177E-6
-137.359463	-8.742015E-6
-137.338834	-8.185705E-6
-137.318205	-7.073085E-6
-137.297576	-6.516774E-6
-137.276947	-6.039937E-6
-137.256318	-5.722046E-6
-137.235690	-5.006790E-6
-137.215061	-5.324682E-6
-137.194432	-4.291534E-6
-137.173803	-3.496806E-6
-137.153174	-3.019969E-6
-137.132545	-2.543132E-6
-137.111917	-2.543132E-6
-137.091288	-2.861023E-6
-137.070659	-2.463659E-6
-137.050030	-1.192093E-6
-137.029401	-6.357829E-7
-137.008773	-1.271566E-6
-136.988144	-2.304713E-6
-136.967515	-1.589457E-6
-136.946886	-8.742015E-7
-136.926257	-4.768372E-7
-136.905628	-3.973643E-7
-136.885000	-3.178914E-7
-136.864371	-2.384186E-7
-136.843742	-2.384186E-7
-136.823113	2.384186E-7
-136.802484	4.768372E-7
-136.781856	1.351039E-6
-136.761227	5.563100E-7
-136.740598	1.033147E-6
-136.719969	9.536743E-7
-136.699340	1.033147E-6
-136.678711	1.986821E-6
-136.658083	3.099442E-6
-136.637454	3.735224E-6
-136.616825	5.006790E-6
-136.596196	5.642573E-6
-136.575567	6.993612E-6
-136.554939	7.152557E-6
-136.534310	8.662542E-6
-136.513681	9.934107E-6
-136.493052	1.128515E-5
-136.472423	1.176198E-5
-136.451794	1.168251E-5
-136.431166	1.223882E-5
-136.410537	1.343091E-5
-136.389908	1.422564E-5
-136.369279	1.486142E-5
-136.348650	1.597404E-5
-136.328021	1.573563E-5
-136.307393	1.613299E-5
-136.286764	1.509984E-5
-136.266135	1.509984E-5
-136.245506	1.478195E-5
-136.224877	1.438459E-5
-136.204249	1.398722E-5
-136.183620	1.279513E-5
-136.162991	1.112620E-5
-136.142362	9.298325E-6
-136.121733	6.993612E-6
-136.101104	4.450480E-6
-136.080476	3.337860E-6
-136.059847	1.430511E-6
-136.039218	-4.768372E-7
-136.018589	-2.940496E-6
-135.997960	-4.768372E-6
-135.977332	-6.834666E-6
-135.956703	-8.583069E-6
-135.936074	-1.064936E-5
-135.915445	-1.160304E-5
-135.894816	-1.287460E-5
-135.874187	-1.462301E-5
-135.853559	-1.557668E-5
-135.832930	-1.660983E-5
-135.812301	-1.668930E-5
-135.791672	-1.700719E-5
-135.771043	-1.684825E-5
-135.750414	-1.676877E-5
-135.729786	-1.676877E-5
-135.709157	-1.668930E-5
-135.688528	-1.605352E-5
-135.667899	-1.525879E-5
-135.647270	-1.446406E-5
-135.626642	-1.366933E-5
-135.606013	-1.287460E-5
-135.585384	-1.231829E-5
-135.564755	-1.104673E-5
-135.544126	-1.112620E-5
-135.523497	-1.025200E-5
-135.502869	-9.139379E-6
-135.482240	-8.662542E-6
-135.461611	-8.900960E-6
-135.440982	-9.457270E-6
-135.420353	-8.583069E-6
-135.399725	-8.106232E-6
-135.379096	-7.470449E-6
-135.358467	-6.198883E-6
-135.337838	-5.801519E-6
-135.317209	-5.880992E-6
-135.296580	-4.688899E-6
-135.275952	-4.053116E-6
-135.255323	-3.735224E-6
-135.234694	-2.543132E-6
-135.214065	-2.304713E-6
-135.193436	-1.589457E-6
-135.172807	-1.033147E-6
-135.152179	-7.152557E-7
-135.131550	-7.947286E-8
-135.110921	1.430511E-6
-135.090292	1.668930E-6
-135.069663	1.668930E-6
-135.049035	1.986821E-6
-135.028406	2.463659E-6
-135.007777	2.463659E-6
-134.987148	2.384186E-6
-134.966519	3.258387E-6
-134.945890	3.814697E-6
-134.925262	4.212062E-6
-134.904633	4.609426E-6
-134.884004	4.132589E-6
-134.863375	4.053116E-6
-134.842746	4.927317E-6
-134.822118	5.165736E-6
-134.801489	5.404154E-6
-134.780860	6.278356E-6
-134.760231	6.834666E-6
-134.739602	7.311503E-6
-134.718973	8.583069E-6
-134.698345	8.900960E-6
-134.677716	9.934107E-6
-134.657087	1.184146E-5
-134.636458	1.207987E-5
-134.615829	1.303355E-5
-134.595200	1.406670E-5
-134.574572	1.509984E-5
-134.553943	1.645088E-5
-134.533314	1.827876E-5
-134.512685	2.002716E-5
-134.492056	2.034505E-5
-134.471428	2.098083E-5
-134.450799	2.098083E-5
-134.430170	2.058347E-5
-134.409541	2.042452E-5
-134.388912	1.962980E-5
-134.368283	1.811981E-5
-134.347655	1.716614E-5
-134.327026	1.573563E-5
-134.306397	1.351039E-5
-134.285768	1.128515E-5
-134.265139	8.503596E-6
-134.244511	5.960464E-6
-134.223882	3.258387E-6
-134.203253	9.536743E-7
-134.182624	-7.152557E-7
-134.161995	-3.973643E-6
-134.141366	-6.993612E-6
-134.120738	-9.059906E-6
-134.100109	-1.144409E-5
-134.079480	-1.192093E-5
-134.058851	-1.311302E-5
-134.038222	-1.478195E-5
-134.017593	-1.573563E-5
-133.996965	-1.589457E-5
-133.976336	-1.525879E-5
-133.955707	-1.494090E-5
-133.935078	-1.478195E-5
-133.914449	-1.319249E-5
-133.893821	-1.239777E-5
-133.873192	-1.184146E-5
-133.852563	-1.192093E-5
-133.831934	-1.112620E-5
-133.811305	-1.056989E-5
-133.790676	-1.080831E-5
-133.770048	-9.854635E-6
-133.749419	-9.536743E-6
-133.728790	-1.001358E-5
-133.708161	-1.017253E-5
-133.687532	-9.616216E-6
-133.666904	-8.980433E-6
-133.646275	-8.821487E-6
-133.625646	-9.854635E-6
-133.605017	-1.017253E-5
-133.584388	-1.041094E-5
-133.563759	-1.136462E-5
-133.543131	-1.120567E-5
-133.522502	-1.088778E-5
-133.501873	-1.088778E-5
-133.481244	-1.064936E-5
-133.460615	-1.088778E-5
-133.439986	-1.072884E-5
-133.419358	-1.017253E-5
-133.398729	-1.001358E-5
-133.378100	-9.536743E-6
-133.357471	-9.218852E-6
-133.336842	-8.265177E-6
-133.316214	-7.549922E-6
-133.295585	-7.152557E-6
-133.274956	-6.437302E-6
-133.254327	-6.119410E-6
-133.233698	-5.880992E-6
-133.213069	-4.688899E-6
-133.192441	-2.940496E-6
-133.171812	-1.509984E-6
-133.151183	-7.947286E-7
-133.130554	-4.768372E-7
-133.109925	6.357829E-7
-133.089297	2.225240E-6
-133.068668	3.019969E-6
-133.048039	2.940496E-6
-133.027410	3.894170E-6
-133.006781	5.165736E-6
-132.986152	5.880992E-6
-132.965524	6.675720E-6
-132.944895	7.073085E-6
-132.924266	7.629395E-6
-132.903637	8.662542E-6
-132.883008	9.616216E-6
-132.862379	1.120567E-5
-132.841751	1.239777E-5
-132.821122	1.279513E-5
-132.800493	1.430511E-5
-132.779864	1.557668E-5
-132.759235	1.684825E-5
-132.738607	1.756350E-5
-132.717978	1.804034E-5
-132.697349	1.939138E-5
-132.676720	1.939138E-5
-132.656091	1.962980E-5
-132.635462	2.026558E-5
-132.614834	1.962980E-5
-132.594205	1.947085E-5
-132.573576	1.859665E-5
-132.552947	1.700719E-5
-132.532318	1.565615E-5
-132.511690	1.382828E-5
-132.491061	1.144409E-5
-132.470432	8.742015E-6
-132.449803	6.119410E-6
-132.429174	3.576279E-6
-132.408545	1.668930E-6
-132.387917	-3.973643E-7
-132.367288	-1.748403E-6
-132.346659	-3.496806E-6
-132.326030	-5.404154E-6
-132.305401	-6.993612E-6
-132.284772	-7.867813E-6
-132.264144	-8.821487E-6
-132.243515	-8.900960E-6
-132.222886	-9.457270E-6
-132.202257	-9.457270E-6
-132.181628	-9.139379E-6
-132.161000	-8.900960E-6
-132.140371	-7.629395E-6
-132.119742	-7.152557E-6
-132.099113	-7.152557E-6
-132.078484	-7.152557E-6
-132.057855	-7.073085E-6
-132.037227	-7.708867E-6
-132.016598	-8.185705E-6
-131.995969	-8.503596E-6
-131.975340	-1.001358E-5
-131.954711	-1.056989E-5
-131.934083	-1.223882E-5
-131.913454	-1.406670E-5
-131.892825	-1.557668E-5
-131.872196	-1.613299E-5
-131.851567	-1.756350E-5
-131.830938	-1.939138E-5
-131.810310	-2.161662E-5
-131.789681	-2.320608E-5
-131.769052	-2.487501E-5
-131.748423	-2.551079E-5
-131.727794	-2.535184E-5
-131.707165	-2.574921E-5
-131.686537	-2.559026E-5
-131.665908	-2.590815E-5
-131.645279	-2.439817E-5
-131.624650	-2.304713E-5
-131.604021	-2.034505E-5
-131.583393	-1.796087E-5
-131.562764	-1.637141E-5
-131.542135	-1.509984E-5
-131.521506	-1.374880E-5
-131.500877	-1.168251E-5
-131.480248	-1.017253E-5
-131.459620	-9.298325E-6
-131.438991	-7.232030E-6
-131.418362	-5.722046E-6
-131.397733	-4.053116E-6
-131.377104	-3.576279E-6
-131.356476	-3.258387E-6
-131.335847	-2.145767E-6
-131.315218	-1.192093E-6
-131.294589	-3.973643E-7
-131.273960	-5.563100E-7
-131.253331	-1.589457E-7
-131.232703	7.947286E-7
-131.212074	2.304713E-6
-131.191445	2.861023E-6
-131.170816	3.894170E-6
-131.150187	4.529953E-6
-131.129558	5.563100E-6
-131.108930	7.232030E-6
-131.088301	9.695689E-6
-131.067672	1.080831E-5
-131.047043	1.255671E-5
-131.026414	1.414617E-5
-131.005786	1.565615E-5
-130.985157	1.764297E-5
-130.964528	1.859665E-5
-130.943899	1.875559E-5
-130.923270	1.907349E-5
-130.902641	1.899401E-5
-130.882013	2.010663E-5
-130.861384	1.947085E-5
-130.840755	1.867612E-5
-130.820126	1.692772E-5
-130.799497	1.509984E-5
-130.778869	1.247724E-5
-130.758240	1.080831E-5
-130.737611	1.025200E-5
-130.716982	8.503596E-6
-130.696353	6.278356E-6
-130.675724	4.132589E-6
-130.655096	2.861023E-6
-130.634467	2.145767E-6
-130.613838	1.907349E-6
-130.593209	3.973643E-7
-130.572580	3.178914E-7
-130.551952	1.033147E-6
-130.531323	1.271566E-6
-130.510694	2.066294E-6
-130.490065	2.622604E-6
-130.469436	3.258387E-6
-130.448807	3.973643E-6
-130.428179	4.053116E-6
-130.407550	3.894170E-6
-130.386921	4.609426E-6
-130.366292	5.165736E-6
-130.345663	5.563100E-6
-130.325034	5.404154E-6
-130.304406	4.609426E-6
-130.283777	2.940496E-6
-130.263148	1.192093E-6
-130.242519	-2.384186E-7
-130.221890	-2.066294E-6
-130.201262	-4.529953E-6
-130.180633	-7.629395E-6
-130.160004	-9.616216E-6
-130.139375	-1.239777E-5
-130.118746	-1.470248E-5
-130.098117	-1.780192E-5
-130.077489	-2.074242E-5
-130.056860	-2.328555E-5
-130.036231	-2.630552E-5
-130.015602	-2.884865E-5
-129.994973	-3.083547E-5
-129.974345	-3.107389E-5
-129.953716	-3.202756E-5
-129.933087	-3.163020E-5
-129.912458	-3.035863E-5
-129.891829	-2.932549E-5
-129.871200	-2.821287E-5
-129.850572	-2.590815E-5
-129.829943	-2.288818E-5
-129.809314	-2.018611E-5
-129.788685	-1.716614E-5
-129.768056	-1.319249E-5
-129.747427	-9.536743E-6
-129.726799	-5.006790E-6
-129.706170	-1.907349E-6
-129.685541	1.351039E-6
-129.664912	4.450480E-6
-129.644283	6.914139E-6
-129.623655	8.503596E-6
-129.603026	1.001358E-5
-129.582397	1.160304E-5
-129.561768	1.200040E-5
-129.541139	1.231829E-5
-129.520510	1.207987E-5
-129.499882	1.207987E-5
-129.479253	1.064936E-5
-129.458624	9.457270E-6
-129.437995	8.503596E-6
-129.417366	6.755193E-6
-129.396738	4.371007E-6
-129.376109	2.463659E-6
-129.355480	1.748403E-6
-129.334851	1.430511E-6
-129.314222	5.563100E-7
-129.293593	-5.563100E-7
-129.272965	-3.178914E-7
-129.252336	7.947286E-7
-129.231707	1.509984E-6
-129.211078	2.384186E-6
-129.190449	3.735224E-6
-129.169820	4.768372E-6
-129.149192	6.357829E-6
-129.128563	8.900960E-6
-129.107934	1.112620E-5
-129.087305	1.327197E-5
-129.066676	1.573563E-5
-129.046048	1.788139E-5
-129.025419	2.106031E-5
-129.004790	2.272924E-5
-128.984161	2.320608E-5
-128.963532	2.423922E-5
-128.942903	2.447764E-5
-128.922275	2.447764E-5
-128.901646	2.439817E-5
-128.881017	2.487501E-5
-128.860388	2.471606E-5
-128.839759	2.400080E-5
-128.819131	2.249082E-5
-128.798502	2.074242E-5
-128.777873	1.835823E-5
-128.757244	1.573563E-5
-128.736615	1.358986E-5
-128.715986	1.184146E-5
-128.695358	8.185705E-6
-128.674729	6.278356E-6
-128.654100	4.450480E-6
-128.633471	2.304713E-6
-128.612842	3.178914E-7
-128.592213	-1.430511E-6
-128.571585	-3.258387E-6
-128.550956	-5.086263E-6
-128.530327	-6.119410E-6
-128.509698	-7.708867E-6
-128.489069	-9.616216E-6
-128.468441	-1.049042E-5
-128.447812	-1.080831E-5
-128.427183	-1.120567E-5
-128.406554	-1.279513E-5
-128.385925	-1.327197E-5
-128.365296	-1.414617E-5
-128.344668	-1.422564E-5
-128.324039	-1.343091E-5
-128.303410	-1.414617E-5
-128.282781	-1.486142E-5
-128.262152	-1.446406E-5
-128.241524	-1.390775E-5
-128.220895	-1.358986E-5
-128.200266	-1.446406E-5
-128.179637	-1.430511E-5
-128.159008	-1.279513E-5
-128.138379	-1.358986E-5
-128.117751	-1.358986E-5
-128.097122	-1.223882E-5
-128.076493	-1.192093E-5
-128.055864	-1.247724E-5
-128.035235	-1.279513E-5
-128.014606	-1.271566E-5
-127.993978	-1.406670E-5
-127.973349	-1.446406E-5
-127.952720	-1.581510E-5
-127.932091	-1.668930E-5
-127.911462	-1.804034E-5
-127.890834	-2.002716E-5
-127.870205	-2.209345E-5
-127.849576	-2.233187E-5
-127.828947	-2.352397E-5
-127.808318	-2.415975E-5
-127.787689	-2.408028E-5
-127.767061	-2.368291E-5
-127.746432	-2.320608E-5
-127.725803	-2.217293E-5
-127.705174	-2.034505E-5
-127.684545	-1.827876E-5
-127.663917	-1.581510E-5
-127.643288	-1.263618E-5
-127.622659	-8.503596E-6
-127.602030	-5.801519E-6
-127.581401	-1.907349E-6
-127.560772	1.033147E-6
-127.540144	5.483627E-6
-127.519515	8.900960E-6
-127.498886	1.287460E-5
-127.478257	1.684825E-5
-127.457628	1.978874E-5
-127.436999	2.249082E-5
-127.416371	2.423922E-5
-127.395742	2.559026E-5
-127.375113	2.678235E-5
-127.354484	2.702077E-5
-127.333855	2.725919E-5
-127.313227	2.821287E-5
-127.292598	2.757708E-5
-127.271969	2.630552E-5
-127.251340	2.503395E-5
-127.230711	2.288818E-5
-127.210082	2.090136E-5
-127.189454	1.883507E-5
-127.168825	1.597404E-5
-127.148196	1.351039E-5
-127.127567	1.072884E-5
-127.106938	8.344650E-6
-127.086310	4.768372E-6
-127.065681	1.033147E-6
-127.045052	-3.576279E-6
-127.024423	-7.867813E-6
-127.003794	-1.160304E-5
-126.983165	-1.597404E-5
-126.962537	-2.050400E-5
-126.941908	-2.495448E-5
-126.921279	-2.892812E-5
-126.900650	-3.178914E-5
-126.880021	-3.512700E-5
-126.859392	-3.886223E-5
-126.838764	-4.069010E-5
-126.818135	-4.235903E-5
-126.797506	-4.331271E-5
-126.776877	-4.450480E-5
-126.756248	-4.442533E-5
-126.735620	-4.386902E-5
-126.714991	-4.235903E-5
-126.694362	-3.981590E-5
-126.673733	-3.616015E-5
-126.653104	-3.242493E-5
-126.632475	-2.900759E-5
-126.611847	-2.439817E-5
-126.591218	-1.851718E-5
-126.570589	-1.279513E-5
-126.549960	-6.437302E-6
-126.529331	-2.384186E-7
-126.508703	5.642573E-6
-126.488074	1.112620E-5
-126.467445	1.645088E-5
-126.446816	2.233187E-5
-126.426187	2.757708E-5
-126.405558	3.321966E-5
-126.384930	3.854434E-5
-126.364301	4.243851E-5
-126.343672	4.577637E-5
-126.323043	4.863739E-5
-126.302414	5.165736E-5
-126.281785	5.356471E-5
-126.261157	5.427996E-5
-126.240528	5.523364E-5
-126.219899	5.451838E-5
-126.199270	5.348523E-5
-126.178641	5.141894E-5
-126.158013	4.919370E-5
-126.137384	4.561742E-5
-126.116755	4.251798E-5
-126.096126	3.878276E-5
-126.075497	3.536542E-5
-126.054868	3.170967E-5
-126.034240	2.694130E-5
-126.013611	2.272924E-5
-125.992982	1.748403E-5
-125.972353	1.200040E-5
-125.951724	7.867813E-6
-125.931096	3.337860E-6
-125.910467	-1.033147E-6
-125.889838	-5.165736E-6
-125.869209	-8.662542E-6
-125.848580	-1.096725E-5
-125.827951	-1.223882E-5
-125.807323	-1.422564E-5
-125.786694	-1.637141E-5
-125.766065	-1.629194E-5
-125.745436	-1.660983E-5
-125.724807	-1.613299E-5
-125.704178	-1.486142E-5
-125.683550	-1.478195E-5
-125.662921	-1.398722E-5
-125.642292	-1.263618E-5
-125.621663	-1.128515E-5
-125.601034	-9.377797E-6
-125.580406	-7.947286E-6
-125.559777	-5.801519E-6
-125.539148	-4.847844E-6
-125.518519	-4.053116E-6
-125.497890	-3.019969E-6
-125.477261	-3.576279E-6
-125.456633	-3.417333E-6
-125.436004	-3.417333E-6
-125.415375	-3.814697E-6
-125.394746	-4.529953E-6
-125.374117	-4.450480E-6
-125.353489	-4.768372E-6
-125.332860	-5.483627E-6
-125.312231	-5.722046E-6
-125.291602	-4.847844E-6
-125.270973	-4.053116E-6
-125.250344	-4.053116E-6
-125.229716	-2.861023E-6
-125.209087	-1.589457E-6
-125.188458	-9.536743E-7
-125.167829	6.357829E-7
-125.147200	2.702077E-6
-125.126571	4.688899E-6
-125.105943	5.801519E-6
-125.085314	5.880992E-6
-125.064685	6.993612E-6
-125.044056	7.311503E-6
-125.023427	6.834666E-6
-125.002799	6.357829E-6
-124.982170	5.801519E-6
-124.961541	2.940496E-6
-124.940912	9.536743E-7
-124.920283	-1.748403E-6
-124.899654	-4.132589E-6
-124.879026	-7.708867E-6
-124.858397	-1.152356E-5
-124.837768	-1.422564E-5
-124.817139	-1.668930E-5
-124.796510	-1.851718E-5
-124.775882	-2.026558E-5
-124.755253	-2.233187E-5
-124.734624	-2.368291E-5
-124.713995	-2.495448E-5
-124.693366	-2.543132E-5
-124.672737	-2.487501E-5
-124.652109	-2.527237E-5
-124.631480	-2.535184E-5
-124.610851	-2.257029E-5
-124.590222	-2.010663E-5
-124.569593	-1.780192E-5
-124.548964	-1.430511E-5
-124.528336	-1.128515E-5
-124.507707	-8.662542E-6
-124.487078	-5.324682E-6
-124.466449	-2.066294E-6
-124.445820	3.973643E-7
-124.425192	4.529953E-6
-124.404563	6.914139E-6
-124.383934	8.980433E-6
-124.363305	1.033147E-5
-124.342676	1.112620E-5
-124.322047	1.263618E-5
-124.301419	1.390775E-5
-124.280790	1.486142E-5
-124.260161	1.446406E-5
-124.239532	1.422564E-5
-124.218903	1.160304E-5
-124.198275	8.900960E-6
-124.177646	6.914139E-6
-124.157017	4.927317E-6
-124.136388	2.066294E-6
-124.115759	7.947286E-8
-124.095130	-2.225240E-6
-124.074502	-4.529953E-6
-124.053873	-5.960464E-6
-124.033244	-7.470449E-6
-124.012615	-8.503596E-6
-123.991986	-8.821487E-6
-123.971358	-9.059906E-6
-123.950729	-8.583069E-6
-123.930100	-7.152557E-6
-123.909471	-5.324682E-6
-123.888842	-3.655752E-6
-123.868213	-2.384186E-6
-123.847585	-1.112620E-6
-123.826956	2.384186E-7
-123.806327	3.019969E-6
-123.785698	4.927317E-6
-123.765069	6.675720E-6
-123.744440	8.503596E-6
-123.723812	9.775162E-6
-123.703183	1.128515E-5
-123.682554	1.223882E-5
-123.661925	1.271566E-5
-123.641296	1.271566E-5
-123.620668	1.263618E-5
-123.600039	1.271566E-5
-123.579410	1.247724E-5
-123.558781	1.072884E-5
-123.538152	9.059906E-6
-123.517523	8.662542E-6
-123.496895	8.185705E-6
-123.476266	6.914139E-6
-123.455637	5.960464E-6
-123.435008	4.927317E-6
-123.414379	3.814697E-6
-123.393751	3.576279E-6
-123.373122	3.655752E-6
-123.352493	3.655752E-6
-123.331864	2.861023E-6
-123.311235	2.543132E-6
-123.290606	3.099442E-6
-123.269978	3.417333E-6
-123.249349	3.576279E-6
-123.228720	3.814697E-6
-123.208091	4.768372E-6
-123.187462	4.371007E-6
-123.166833	3.814697E-6
-123.146205	4.291534E-6
-123.125576	3.894170E-6
-123.104947	3.019969E-6
-123.084318	2.304713E-6
-123.063689	1.748403E-6
-123.043061	3.178914E-7
-123.022432	-5.563100E-7
-123.001803	-1.589457E-6
-122.981174	-2.304713E-6
-122.960545	-3.417333E-6
-122.939916	-4.529953E-6
-122.919288	-6.516774E-6
-122.898659	-7.549922E-6
-122.878030	-8.106232E-6
-122.857401	-8.980433E-6
-122.836772	-9.934107E-6
-122.816144	-1.001358E-5
-122.795515	-9.536743E-6
-122.774886	-8.265177E-6
-122.754257	-7.470449E-6
-122.733628	-6.278356E-6
-122.712999	-4.927317E-6
-122.692371	-3.258387E-6
-122.671742	-9.536743E-7
-122.651113	8.742015E-7
-122.630484	3.576279E-6
-122.609855	6.278356E-6
-122.589226	7.947286E-6
-122.568598	8.424123E-6
-122.547969	8.900960E-6
-122.527340	7.708867E-6
-122.506711	6.516774E-6
-122.486082	5.245209E-6
-122.465454	4.450480E-6
-122.444825	2.304713E-6
-122.424196	-9.536743E-7
-122.403567	-4.529953E-6
-122.382938	-7.152557E-6
-122.362309	-1.001358E-5
-122.341681	-1.295408E-5
-122.321052	-1.541773E-5
-122.300423	-1.684825E-5
-122.279794	-1.843770E-5
-122.259165	-2.018611E-5
-122.238537	-2.169609E-5
-122.217908	-2.217293E-5
-122.197279	-2.209345E-5
-122.176650	-2.177556E-5
-122.156021	-2.106031E-5
-122.135392	-1.931190E-5
-122.114764	-1.748403E-5
-122.094135	-1.589457E-5
-122.073506	-1.215935E-5
-122.052877	-1.001358E-5
-122.032248	-8.424123E-6
-122.011619	-6.675720E-6
-121.990991	-4.609426E-6
-121.970362	-1.907349E-6
-121.949733	-6.357829E-7
-121.929104	3.973643E-7
-121.908475	1.748403E-6
-121.887847	1.986821E-6
-121.867218	1.986821E-6
-121.846589	2.145767E-6
-121.825960	1.748403E-6
-121.805331	1.112620E-6
-121.784702	7.947286E-8
-121.764074	-1.271566E-6
-121.743445	-3.258387E-6
-121.722816	-4.371007E-6
-121.702187	-5.483627E-6
-121.681558	-6.675720E-6
-121.660930	-8.026759E-6
-121.640301	-8.424123E-6
-121.619672	-8.026759E-6
-121.599043	-7.311503E-6
-121.578414	-6.039937E-6
-121.557785	-5.722046E-6
-121.537157	-4.609426E-6
-121.516528	-3.099442E-6
-121.495899	-1.112620E-6
-121.475270	7.947286E-8
-121.454641	1.351039E-6
-121.434012	2.781550E-6
-121.413384	5.324682E-6
-121.392755	7.549922E-6
-121.372126	9.775162E-6
-121.351497	1.128515E-5
-121.330868	1.279513E-5
-121.310240	1.351039E-5
-121.289611	1.351039E-5
-121.268982	1.239777E-5
-121.248353	1.382828E-5
-121.227724	1.358986E-5
-121.207095	1.263618E-5
-121.186467	1.136462E-5
-121.165838	1.017253E-5
-121.145209	8.106232E-6
-121.124580	6.993612E-6
-121.103951	5.006790E-6
-121.083323	2.543132E-6
-121.062694	1.589457E-7
-121.042065	-2.304713E-6
-121.021436	-4.847844E-6
-121.000807	-7.470449E-6
-120.980178	-9.775162E-6
-120.959550	-1.104673E-5
-120.938921	-1.200040E-5
-120.918292	-1.279513E-5
-120.897663	-1.422564E-5
-120.877034	-1.462301E-5
-120.856405	-1.446406E-5
-120.835777	-1.351039E-5
-120.815148	-1.215935E-5
-120.794519	-1.104673E-5
-120.773890	-1.041094E-5
-120.753261	-9.218852E-6
-120.732633	-6.437302E-6
-120.712004	-4.371007E-6
-120.691375	-2.304713E-6
-120.670746	-8.742015E-7
-120.650117	5.563100E-7
-120.629488	3.337860E-6
-120.608860	4.688899E-6
-120.588231	5.960464E-6
-120.567602	8.265177E-6
-120.546973	9.934107E-6
-120.526344	1.080831E-5
-120.505716	1.168251E-5
-120.485087	1.247724E-5
-120.464458	1.303355E-5
-120.443829	1.335144E-5
-120.423200	1.271566E-5
-120.402571	1.184146E-5
-120.381943	9.854635E-6
-120.361314	8.424123E-6
-120.340685	6.834666E-6
-120.320056	6.039937E-6
-120.299427	3.973643E-6
-120.278798	1.351039E-6
-120.258170	-1.748403E-6
-120.237541	-4.847844E-6
-120.216912	-8.185705E-6
-120.196283	-1.128515E-5
-120.175654	-1.287460E-5
-120.155026	-1.509984E-5
-120.134397	-1.756350E-5
-120.113768	-1.947085E-5
-120.093139	-2.121925E-5
-120.072510	-2.249082E-5
-120.051881	-2.336502E-5
-120.031253	-2.217293E-5
-120.010624	-2.185504E-5
-119.989995	-2.129873E-5
-119.969366	-1.923243E-5
-119.948737	-1.660983E-5
-119.928109	-1.470248E-5
-119.907480	-1.319249E-5
-119.886851	-9.934107E-6
-119.866222	-4.847844E-6
-119.845593	-3.973643E-7
-119.824964	3.178914E-6
-119.804336	7.629395E-6
-119.783707	1.184146E-5
-119.763078	1.613299E-5
-119.742449	1.955032E-5
-119.721820	2.209345E-5
-119.701191	2.471606E-5
-119.680563	2.797445E-5
-119.659934	3.027916E-5
-119.639305	3.131231E-5
-119.618676	3.202756E-5
-119.598047	3.274282E-5
-119.577419	3.210704E-5
-119.556790	3.083547E-5
-119.536161	2.924601E-5
-119.515532	2.630552E-5
-119.494903	2.408028E-5
-119.474274	2.018611E-5
-119.453646	1.700719E-5
-119.433017	1.287460E-5
-119.412388	7.708867E-6
-119.391759	4.212062E-6
-119.371130	1.192093E-6
-119.350502	-3.337860E-6
-119.329873	-6.596247E-6
-119.309244	-7.708867E-6
-119.288615	-1.049042E-5
-119.267986	-1.128515E-5
-119.247357	-1.231829E-5
-119.226729	-1.215935E-5
-119.206100	-1.160304E-5
-119.185471	-9.536743E-6
-119.164842	-5.722046E-6
-119.144213	-2.543132E-6
-119.123584	2.304713E-6
-119.102956	7.311503E-6
-119.082327	1.215935E-5
-119.061698	1.660983E-5
-119.041069	2.161662E-5
-119.020440	2.694130E-5
-118.999812	3.083547E-5
-118.979183	3.504753E-5
-118.958554	3.878276E-5
-118.937925	4.116694E-5
-118.917296	4.156431E-5
-118.896667	4.227956E-5
-118.876039	4.227956E-5
-118.855410	4.220009E-5
-118.834781	4.061063E-5
-118.814152	3.671646E-5
-118.793523	3.314018E-5
-118.772895	2.789497E-5
-118.752266	2.185504E-5
-118.731637	1.565615E-5
-118.711008	8.106232E-6
-118.690379	1.430511E-6
-118.669750	-6.437302E-6
-118.649122	-1.470248E-5
-118.628493	-2.336502E-5
-118.607864	-3.163020E-5
-118.587235	-3.854434E-5
-118.566606	-4.498164E-5
-118.545977	-5.133947E-5
-118.525349	-5.714099E-5
-118.504720	-6.310145E-5
-118.484091	-6.755193E-5
-118.463462	-7.081032E-5
-118.442833	-7.343292E-5
-118.422205	-7.486343E-5
-118.401576	-7.494291E-5
-118.380947	-7.327398E-5
-118.360318	-7.073085E-5
-118.339689	-6.898244E-5
-118.319060	-6.500880E-5
-118.298432	-6.063779E-5
-118.277803	-5.578995E-5
-118.257174	-4.998843E-5
-118.236545	-4.291534E-5
-118.215916	-3.592173E-5
-118.195288	-2.853076E-5
-118.174659	-2.113978E-5
-118.154030	-1.398722E-5
-118.133401	-7.788340E-6
-118.112772	-2.225240E-6
-118.092143	3.019969E-6
-118.071515	8.344650E-6
-118.050886	1.223882E-5
-118.030257	1.565615E-5
-118.009628	1.891454E-5
-117.988999	2.026558E-5
-117.968370	2.074242E-5
-117.947742	2.050400E-5
-117.927113	2.002716E-5
-117.906484	1.819928E-5
-117.885855	1.573563E-5
-117.865226	1.351039E-5
-117.844598	1.041094E-5
-117.823969	6.675720E-6
-117.803340	2.145767E-6
-117.782711	-2.781550E-6
-117.762082	-7.470449E-6
-117.741453	-1.056989E-5
-117.720825	-1.422564E-5
-117.700196	-1.955032E-5
-117.679567	-2.423922E-5
-117.658938	-2.789497E-5
-117.638309	-3.250440E-5
-117.617681	-3.687541E-5
-117.597052	-4.021327E-5
-117.576423	-4.355113E-5
-117.555794	-4.744530E-5
-117.535165	-5.022685E-5
-117.514536	-5.205472E-5
-117.493908	-5.420049E-5
-117.473279	-5.658468E-5
-117.452650	-5.896886E-5
-117.432021	-6.063779E-5
-117.411392	-6.087621E-5
-117.390764	-6.111463E-5
-117.370135	-6.016095E-5
-117.349506	-5.825361E-5
-117.328877	-5.666415E-5
-117.308248	-5.372365E-5
-117.287619	-4.935265E-5
-117.266991	-4.482269E-5
-117.246362	-3.886223E-5
-117.225733	-3.234545E-5
-117.205104	-2.559026E-5
-117.184475	-1.804034E-5
-117.163846	-9.616216E-6
-117.143218	-1.827876E-6
-117.122589	7.311503E-6
-117.101960	1.653035E-5
-117.081331	2.678235E-5
-117.060702	3.735224E-5
-117.040074	4.704793E-5
-117.019445	5.777677E-5
-116.998816	6.683668E-5
-116.978187	7.613500E-5
-116.957558	8.392334E-5
-116.936929	9.179115E-5
-116.916301	9.679794E-5
-116.895672	0.000101
-116.875043	0.000107
-116.854414	0.000110
-116.833785	0.000111
-116.813157	0.000111
-116.792528	0.000111
-116.771899	0.000110
-116.751270	0.000106
-116.730641	0.000102
-116.710012	9.520849E-5
-116.689384	9.036064E-5
-116.668755	8.479754E-5
-116.648126	7.804235E-5
-116.627497	7.160505E-5
-116.606868	6.540616E-5
-116.586239	5.841255E-5
-116.565611	5.141894E-5
-116.544982	4.522006E-5
-116.524353	3.973643E-5
-116.503724	3.417333E-5
-116.483095	3.004074E-5
-116.462467	2.614657E-5
-116.441838	2.257029E-5
-116.421209	2.098083E-5
-116.400580	2.058347E-5
-116.379951	1.811981E-5
-116.359322	1.796087E-5
-116.338694	1.764297E-5
-116.318065	1.756350E-5
-116.297436	1.748403E-5
-116.276807	1.724561E-5
-116.256178	1.645088E-5
-116.235550	1.509984E-5
-116.214921	1.398722E-5
-116.194292	1.279513E-5
-116.173663	9.616216E-6
-116.153034	5.483627E-6
-116.132405	1.033147E-6
-116.111777	-2.940496E-6
-116.091148	-9.695689E-6
-116.070519	-1.629194E-5
-116.049890	-2.280871E-5
-116.029261	-3.099442E-5
-116.008632	-3.806750E-5
-115.988004	-4.649162E-5
-115.967375	-5.523364E-5
-115.946746	-6.405512E-5
-115.926117	-7.319450E-5
-115.905488	-8.193652E-5
-115.884860	-8.964539E-5
-115.864231	-9.536743E-5
-115.843602	-0.000102
-115.822973	-0.000109
-115.802344	-0.000115
-115.781715	-0.000120
-115.761087	-0.000125
-115.740458	-0.000126
-115.719829	-0.000125
-115.699200	-0.000124
-115.678571	-0.000119
-115.657943	-0.000113
-115.637314	-0.000108
-115.616685	-0.000100
-115.596056	-9.202957E-5
-115.575427	-8.066495E-5
-115.554798	-6.810824E-5
-115.534170	-5.523364E-5
-115.513541	-4.100800E-5
-115.492912	-2.598763E-5
-115.472283	-1.104673E-5
-115.451654	3.735224E-6
-115.431025	1.827876E-5
-115.410397	3.274282E-5
-115.389768	4.577637E-5
-115.369139	5.817413E-5
-115.348510	6.890297E-5
-115.327881	7.700920E-5
-115.307253	8.360545E-5
-115.286624	8.797646E-5
-115.265995	8.956591E-5
-115.245366	8.853277E-5
-115.224737	8.670489E-5
-115.204108	8.336703E-5
-115.183480	7.843971E-5
-115.162851	7.081032E-5
-115.142222	6.278356E-5
-115.121593	5.276998E-5
-115.100964	4.251798E-5
-115.080336	3.290176E-5
-115.059707	2.233187E-5
-115.039078	1.271566E-5
-115.018449	4.529953E-6
-114.997820	-2.622604E-6
-114.977191	-8.026759E-6
-114.956563	-1.096725E-5
-114.935934	-1.231829E-5
-114.915305	-1.033147E-5
-114.894676	-6.993612E-6
-114.874047	-2.622604E-6
-114.853418	5.404154E-6
-114.832790	1.557668E-5
-114.812161	2.765656E-5
-114.791532	3.878276E-5
-114.770903	5.038579E-5
-114.750274	6.286303E-5
-114.729646	7.549922E-5
-114.709017	8.718173E-5
-114.688388	9.759267E-5
-114.667759	0.000108
-114.647130	0.000116
-114.626501	0.000122
-114.605873	0.000125
-114.585244	0.000125
-114.564615	0.000124
-114.543986	0.000118
-114.523357	0.000110
-114.502729	9.822845E-5
-114.482100	8.535385E-5
-114.461471	7.120768E-5
-114.440842	5.531311E-5
-114.420213	3.830592E-5
-114.399584	1.947085E-5
-114.378956	-7.152557E-7
-114.358327	-2.113978E-5
-114.337698	-3.981590E-5
-114.317069	-5.920728E-5
-114.296440	-7.685026E-5
-114.275811	-9.377797E-5
-114.255183	-0.000109
-114.234554	-0.000122
-114.213925	-0.000133
-114.193296	-0.000141
-114.172667	-0.000147
-114.152039	-0.000151
-114.131410	-0.000153
-114.110781	-0.000154
-114.090152	-0.000151
-114.069523	-0.000148
-114.048894	-0.000142
-114.028266	-0.000135
-114.007637	-0.000125
-113.987008	-0.000117
-113.966379	-0.000107
-113.945750	-9.687742E-5
-113.925122	-8.630753E-5
-113.904493	-7.637342E-5
-113.883864	-6.540616E-5
-113.863235	-5.571047E-5
-113.842606	-4.760424E-5
-113.821977	-3.910065E-5
-113.801349	-3.067652E-5
-113.780720	-2.511342E-5
-113.760091	-1.915296E-5
-113.739462	-1.335144E-5
-113.718833	-8.344650E-6
-113.698204	-5.165736E-6
-113.677576	-1.986821E-6
-113.656947	7.947286E-7
-113.636318	2.304713E-6
-113.615689	2.463659E-6
-113.595060	2.861023E-6
-113.574432	2.304713E-6
-113.553803	1.430511E-6
-113.533174	-3.973643E-7
-113.512545	-2.225240E-6
-113.491916	-4.053116E-6
-113.471287	-5.483627E-6
-113.450659	-6.278356E-6
-113.430030	-6.993612E-6
-113.409401	-6.834666E-6
-113.388772	-5.642573E-6
-113.368143	-3.814697E-6
-113.347515	-1.033147E-6
-113.326886	2.384186E-6
-113.306257	6.755193E-6
-113.285628	1.478195E-5
-113.264999	2.400080E-5
-113.244370	3.488859E-5
-113.223742	4.800161E-5
-113.203113	6.278356E-5
-113.182484	7.828077E-5
-113.161855	9.497007E-5
-113.141226	0.000110
-113.120597	0.000125
-113.099969	0.000140
-113.079340	0.000155
-113.058711	0.000170
-113.038082	0.000182
-113.017453	0.000194
-112.996825	0.000204
-112.976196	0.000211
-112.955567	0.000215
-112.934938	0.000217
-112.914309	0.000215
-112.893680	0.000210
-112.873052	0.000202
-112.852423	0.000192
-112.831794	0.000180
-112.811165	0.000164
-112.790536	0.000147
-112.769908	0.000130
-112.749279	0.000111
-112.728650	9.282430E-5
-112.708021	7.232030E-5
-112.687392	5.197525E-5
-112.666763	3.274282E-5
-112.646135	1.589457E-5
-112.625506	-1.827876E-6
-112.604877	-1.700719E-5
-112.584248	-3.083547E-5
-112.563619	-4.291534E-5
-112.542990	-5.372365E-5
-112.522362	-6.326040E-5
-112.501733	-7.168452E-5
-112.481104	-7.875760E-5
-112.460475	-8.527438E-5
-112.439846	-9.004275E-5
-112.419218	-9.385745E-5
-112.398589	-9.759267E-5
-112.377960	-0.000101
-112.357331	-0.000104
-112.336702	-0.000106
-112.316073	-0.000108
-112.295445	-0.000108
-112.274816	-0.000109
-112.254187	-0.000109
-112.233558	-0.000110
-112.212929	-0.000111
-112.192301	-0.000111
-112.171672	-0.000110
-112.151043	-0.000110
-112.130414	-0.000111
-112.109785	-0.000110
-112.089156	-0.000110
-112.068528	-0.000109
-112.047899	-0.000108
-112.027270	-0.000109
-112.006641	-0.000110
-111.986012	-0.000112
-111.965383	-0.000113
-111.944755	-0.000116
-111.924126	-0.000119
-111.903497	-0.000123
-111.882868	-0.000128
-111.862239	-0.000131
-111.841611	-0.000136
-111.820982	-0.000141
-111.800353	-0.000144
-111.779724	-0.000147
-111.759095	-0.000150
-111.738466	-0.000153
-111.717838	-0.000153
-111.697209	-0.000151
-111.676580	-0.000147
-111.655951	-0.000142
-111.635322	-0.000133
-111.614694	-0.000122
-111.594065	-0.000105
-111.573436	-8.749962E-5
-111.552807	-6.691615E-5
-111.532178	-4.529953E-5
-111.511549	-2.201398E-5
-111.490921	4.212062E-6
-111.470292	3.298124E-5
-111.449663	6.111463E-5
-111.429034	8.972486E-5
-111.408405	0.000118
-111.387776	0.000146
-111.367148	0.000172
-111.346519	0.000196
-111.325890	0.000218
-111.305261	0.000236
-111.284632	0.000251
-111.264004	0.000261
-111.243375	0.000268
-111.222746	0.000270
-111.202117	0.000269
-111.181488	0.000264
-111.160859	0.000255
-111.140231	0.000241
-111.119602	0.000225
-111.098973	0.000208
-111.078344	0.000187
-111.057715	0.000167
-111.037087	0.000145
-111.016458	0.000123
-110.995829	0.000101
-110.975200	8.114179E-5
-110.954571	6.413460E-5
-110.933942	4.943212E-5
-110.913314	3.703435E-5
-110.892685	2.710025E-5
-110.872056	1.939138E-5
-110.851427	1.549721E-5
-110.830798	1.215935E-5
-110.810170	1.295408E-5
-110.789541	1.462301E-5
-110.768912	1.708666E-5
-110.748283	1.978874E-5
-110.727654	2.352397E-5
-110.707025	2.710025E-5
-110.686397	2.932549E-5
-110.665768	3.250440E-5
-110.645139	3.417333E-5
-110.624510	3.377597E-5
-110.603881	3.234545E-5
-110.583252	2.996127E-5
-110.562624	2.511342E-5
-110.541995	1.891454E-5
-110.521366	1.104673E-5
-110.500737	1.748403E-6
-110.480108	-9.616216E-6
-110.459480	-2.209345E-5
-110.438851	-3.711383E-5
-110.418222	-5.420049E-5
-110.397593	-7.192294E-5
-110.376964	-9.266535E-5
-110.356335	-0.000115
-110.335707	-0.000137
-110.315078	-0.000159
-110.294449	-0.000182
-110.273820	-0.000205
-110.253191	-0.000228
-110.232563	-0.000249
-110.211934	-0.000270
-110.191305	-0.000287
-110.170676	-0.000301
-110.150047	-0.000313
-110.129418	-0.000322
-110.108790	-0.000326
-110.088161	-0.000323
-110.067532	-0.000315
-110.046903	-0.000303
-110.026274	-0.000285
-110.005645	-0.000264
-109.985017	-0.000238
-109.964388	-0.000207
-109.943759	-0.000173
-109.923130	-0.000137
-109.902501	-9.878476E-5
-109.881873	-5.857150E-5
-109.861244	-2.058347E-5
-109.840615	1.517932E-5
-109.819986	4.895528E-5
-109.799357	7.812182E-5
-109.778728	0.000104
-109.758100	0.000128
-109.737471	0.000144
-109.716842	0.000155
-109.696213	0.000161
-109.675584	0.000162
-109.654956	0.000161
-109.634327	0.000157
-109.613698	0.000150
-109.593069	0.000142
-109.572440	0.000133
-109.551811	0.000124
-109.531183	0.000115
-109.510554	0.000109
-109.489925	0.000107
-109.469296	0.000108
-109.448667	0.000115
-109.428038	0.000126
-109.407410	0.000142
-109.386781	0.000164
-109.366152	0.000193
-109.345523	0.000223
-109.324894	0.000257
-109.304266	0.000296
-109.283637	0.000335
-109.263008	0.000373
-109.242379	0.000409
-109.221750	0.000441
-109.201121	0.000470
-109.180493	0.000491
-109.159864	0.000506
-109.139235	0.000513
-109.118606	0.000512
-109.097977	0.000503
-109.077349	0.000483
-109.056720	0.000453
-109.036091	0.000414
-109.015462	0.000368
-108.994833	0.000315
-108.974204	0.000258
-108.953576	0.000200
-108.932947	0.000141
-108.912318	8.543332E-5
-108.891689	2.892812E-5
-108.871060	-2.503395E-5
-108.850431	-7.319450E-5
-108.829803	-0.000116
-108.809174	-0.000149
-108.788545	-0.000174
-108.767916	-0.000192
-108.747287	-0.000202
-108.726659	-0.000204
-108.706030	-0.000199
-108.685401	-0.000189
-108.664772	-0.000174
-108.644143	-0.000155
-108.623514	-0.000135
-108.602886	-0.000114
-108.582257	-9.616216E-5
-108.561628	-7.955233E-5
-108.540999	-6.572405E-5
-108.520370	-5.745888E-5
-108.499742	-5.380313E-5
-108.479113	-5.467733E-5
-108.458484	-6.159147E-5
-108.437855	-7.327398E-5
-108.417226	-9.012222E-5
-108.396597	-0.000116
-108.375969	-0.000149
-108.355340	-0.000188
-108.334711	-0.000230
-108.314082	-0.000278
-108.293453	-0.000330
-108.272824	-0.000382
-108.252196	-0.000437
-108.231567	-0.000495
-108.210938	-0.000548
-108.190309	-0.000600
-108.169680	-0.000652
-108.149052	-0.000700
-108.128423	-0.000737
-108.107794	-0.000764
-108.087165	-0.000782
-108.066536	-0.000790
-108.045907	-0.000784
-108.025279	-0.000762
-108.004650	-0.000724
-107.984021	-0.000670
-107.963392	-0.000606
-107.942763	-0.000529
-107.922135	-0.000441
-107.901506	-0.000345
-107.880877	-0.000235
-107.860248	-0.000119
-107.839619	-1.573563E-5
-107.818990	9.473165E-5
-107.798362	0.000197
-107.777733	0.000289
-107.757104	0.000367
-107.736475	0.000437
-107.715846	0.000496
-107.695217	0.000534
-107.674589	0.000558
-107.653960	0.000565
-107.633331	0.000554
-107.612702	0.000528
-107.592073	0.000490
-107.571445	0.000442
-107.550816	0.000383
-107.530187	0.000317
-107.509558	0.000251
-107.488929	0.000186
-107.468300	0.000120
-107.447672	5.658468E-5
-107.427043	-4.132589E-6
-107.406414	-6.326040E-5
-107.385785	-0.000120
-107.365156	-0.000178
-107.344528	-0.000235
-107.323899	-0.000291
-107.303270	-0.000347
-107.282641	-0.000410
-107.262012	-0.000475
-107.241383	-0.000543
-107.220755	-0.000615
-107.200126	-0.000689
-107.179497	-0.000759
-107.158868	-0.000830
-107.138239	-0.000908
-107.117610	-0.000980
-107.096982	-0.001042
-107.076353	-0.001100
-107.055724	-0.001141
-107.035095	-0.001167
-107.014466	-0.001180
-106.993838	-0.001172
-106.973209	-0.001134
-106.952580	-0.001073
-106.931951	-0.000984
-106.911322	-0.000875
-106.890693	-0.000744
-106.870065	-0.000594
-106.849436	-0.000420
-106.828807	-0.000227
-106.808178	-1.875559E-5
-106.787549	0.000195
-106.766921	0.000410
-106.746292	0.000623
-106.725663	0.000827
-106.705034	0.001023
-106.684405	0.001199
-106.663776	0.001358
-106.643148	0.001491
-106.622519	0.001605
-106.601890	0.001695
-106.581261	0.001749
-106.560632	0.001795
-106.540003	0.001814
-106.519375	0.001799
-106.498746	0.001766
-106.478117	0.001714
-106.457488	0.001636
-106.436859	0.001546
-106.416231	0.001446
-106.395602	0.001321
-106.374973	0.001203
-106.354344	0.001089
-106.333715	0.000959
-106.313086	0.000833
-106.292458	0.000711
-106.271829	0.000594
-106.251200	0.000480
-106.230571	0.000372
-106.209942	0.000274
-106.189314	0.000184
-106.168685	9.600321E-5
-106.148056	2.058347E-5
-106.127427	-4.887581E-5
-106.106798	-0.000108
-106.086169	-0.000160
-106.065541	-0.000205
-106.044912	-0.000243
-106.024283	-0.000276
-106.003654	-0.000300
-105.983025	-0.000319
-105.962396	-0.000334
-105.941768	-0.000344
-105.921139	-0.000351
-105.900510	-0.000353
-105.879881	-0.000353
-105.859252	-0.000352
-105.838624	-0.000349
-105.817995	-0.000342
-105.797366	-0.000333
-105.776737	-0.000320
-105.756108	-0.000308
-105.735479	-0.000298
-105.714851	-0.000288
-105.694222	-0.000276
-105.673593	-0.000265
-105.652964	-0.000253
-105.632335	-0.000241
-105.611707	-0.000230
-105.591078	-0.000219
-105.570449	-0.000210
-105.549820	-0.000201
-105.529191	-0.000191
-105.508562	-0.000182
-105.487934	-0.000174
-105.467305	-0.000167
-105.446676	-0.000159
-105.426047	-0.000152
-105.405418	-0.000145
-105.384789	-0.000138
-105.364161	-0.000132
-105.343532	-0.000125
-105.322903	-0.000120
-105.302274	-0.000115
-105.281645	-0.000110
-105.261017	-0.000105
-105.240388	-0.000100
-105.219759	-9.576480E-5
-105.199130	-9.155273E-5
-105.178501	-8.797646E-5
-105.157872	-8.487701E-5
-105.137244	-8.169810E-5
-105.116615	-7.891655E-5
-105.095986	-7.541974E-5
-105.075357	-7.232030E-5
-105.054728	-7.009506E-5
-105.034100	-6.747246E-5
-105.013471	-6.453196E-5
-104.992842	-6.246567E-5
-104.972213	-6.047885E-5
-104.951584	-5.825361E-5
-104.930955	-5.674362E-5
-104.910327	-5.491575E-5
-104.889698	-5.229314E-5
-104.869069	-5.030632E-5
-104.848440	-4.831950E-5
-104.827811	-4.657110E-5
-104.807182	-4.522006E-5
-104.786554	-4.426638E-5
-104.765925	-4.363060E-5
-104.745296	-4.188220E-5
-104.724667	-3.957748E-5
-104.704038	-3.870328E-5
-104.683410	-3.767014E-5
-104.662781	-3.592173E-5
-104.642152	-3.401438E-5
-104.621523	-3.218651E-5
-104.600894	-3.123283E-5
-104.580265	-3.035863E-5
-104.559637	-2.892812E-5
-104.539008	-2.797445E-5
-104.518379	-2.646446E-5
-104.497750	-2.559026E-5
-104.477121	-2.471606E-5
-104.456493	-2.328555E-5
-104.435864	-2.233187E-5
-104.415235	-2.169609E-5
-104.394606	-2.002716E-5
-104.373977	-1.899401E-5
-104.353348	-1.851718E-5
-104.332720	-1.796087E-5
-104.312091	-1.668930E-5
-104.291462	-1.533826E-5
-104.270833	-1.454353E-5
-104.250204	-1.398722E-5
-104.229576	-1.327197E-5
-104.208947	-1.287460E-5
-104.188318	-1.263618E-5
-104.167689	-1.112620E-5
-104.147060	-1.009305E-5
-104.126431	-9.695689E-6
-104.105803	-1.001358E-5
-104.085174	-9.298325E-6
-104.064545	-8.344650E-6
-104.043916	-6.834666E-6
-104.023287	-6.278356E-6
-104.002658	-5.722046E-6
-103.982030	-5.483627E-6
-103.961401	-4.768372E-6
-103.940772	-4.847844E-6
-103.920143	-5.245209E-6
-103.899514	-3.973643E-6
-103.878886	-3.019969E-6
-103.858257	-3.019969E-6
-103.837628	-2.622604E-6
-103.816999	-1.827876E-6
-103.796370	-1.668930E-6
-103.775741	-1.986821E-6
-103.755113	-2.304713E-6
-103.734484	-2.463659E-6
-103.713855	-2.066294E-6
-103.693226	-9.536743E-7
-103.672597	-9.536743E-7
-103.651969	7.947286E-8
-103.631340	-4.768372E-7
-103.610711	-1.589457E-7
-103.590082	-3.178914E-7
-103.569453	6.357829E-7
-103.548824	7.947286E-7
-103.528196	2.384186E-7
-103.507567	-3.178914E-7
-103.486938	0.000000
-103.466309	2.384186E-7
-103.445680	1.033147E-6
-103.425051	1.192093E-6
-103.404423	1.271566E-6
-103.383794	7.947286E-7
-103.363165	7.947286E-7
-103.342536	1.033147E-6
-103.321907	7.947286E-7
-103.301279	1.430511E-6
-103.280650	1.986821E-6
-103.260021	2.066294E-6
-103.239392	2.145767E-6
-103.218763	1.748403E-6
-103.198134	2.463659E-6
-103.177506	1.907349E-6
-103.156877	1.509984E-6
-103.136248	1.748403E-6
-103.115619	1.192093E-6
-103.094990	1.748403E-6
-103.074362	2.145767E-6
-103.053733	2.781550E-6
-103.033104	3.019969E-6
-103.012475	2.781550E-6
-102.991846	2.225240E-6
-102.971217	1.986821E-6
-102.950589	1.827876E-6
-102.929960	1.430511E-6
-102.909331	8.742015E-7
-102.888702	1.112620E-6
-102.868073	1.430511E-6
-102.847444	8.742015E-7
-102.826816	1.112620E-6
-102.806187	1.509984E-6
-102.785558	1.192093E-6
-102.764929	1.430511E-6
-102.744300	1.430511E-6
-102.723672	1.033147E-6
-102.703043	1.509984E-6
-102.682414	2.145767E-6
-102.661785	1.748403E-6
-102.641156	1.033147E-6
-102.620527	1.827876E-6
-102.599899	1.907349E-6
-102.579270	2.066294E-6
-102.558641	1.351039E-6
-102.538012	3.178914E-7
-102.517383	1.192093E-6
-102.496755	1.907349E-6
-102.476126	1.033147E-6
-102.455497	1.112620E-6
-102.434868	1.351039E-6
-102.414239	1.430511E-6
-102.393610	1.192093E-6
-102.372982	1.430511E-6
-102.352353	5.563100E-7
-102.331724	1.112620E-6
-102.311095	1.112620E-6
-102.290466	1.589457E-6
-102.269837	4.768372E-7
-102.249209	4.768372E-7
-102.228580	4.768372E-7
-102.207951	9.536743E-7
-102.187322	1.192093E-6
-102.166693	5.563100E-7
-102.146065	3.973643E-7
-102.125436	1.589457E-7
-102.104807	-4.768372E-7
-102.084178	3.178914E-7
-102.063549	1.112620E-6
-102.042920	7.947286E-7
-102.022292	3.178914E-7
-102.001663	2.384186E-7
-101.981034	1.589457E-7
-101.960405	-4.768372E-7
-101.939776	-4.768372E-7
-101.919148	-1.589457E-7
-101.898519	3.973643E-7
-101.877890	7.152557E-7
-101.857261	9.536743E-7
-101.836632	1.589457E-7
-101.816003	-3.973643E-7
-101.795375	-3.178914E-7
-101.774746	-4.768372E-7
-101.754117	0.000000
-101.733488	3.973643E-7
-101.712859	-6.357829E-7
-101.692230	-1.033147E-6
-101.671602	-9.536743E-7
-101.650973	-3.973643E-7
-101.630344	-5.563100E-7
-101.609715	-7.947286E-8
-101.589086	-3.178914E-7
-101.568458	6.357829E-7
-101.547829	-5.563100E-7
-101.527200	-5.563100E-7
-101.506571	-1.589457E-7
-101.485942	6.357829E-7
-101.465313	8.742015E-7
-101.444685	1.192093E-6
-101.424056	1.589457E-7
-101.403427	5.563100E-7
-101.382798	2.384186E-7
-101.362169	5.563100E-7
-101.341541	5.563100E-7
-101.320912	5.563100E-7
-101.300283	3.973643E-7
-101.279654	1.589457E-7
-101.259025	-7.947286E-8
-101.238396	-3.973643E-7
-101.217768	-6.357829E-7
-101.197139	0.000000
-101.176510	-7.152557E-7
-101.155881	-8.742015E-7
-101.135252	-7.947286E-8
-101.114623	1.351039E-6
-101.093995	9.536743E-7
-101.073366	5.563100E-7
-101.052737	1.589457E-7
-101.032108	-3.178914E-7
-101.011479	-1.033147E-6
-100.990851	-9.536743E-7
-100.970222	-4.768372E-7
-100.949593	-9.536743E-7
-100.928964	-1.589457E-7
-100.908335	1.589457E-7
-100.887706	6.357829E-7
-100.867078	-7.947286E-8
-100.846449	2.384186E-7
-100.825820	-2.384186E-7
-100.805191	-7.947286E-8
-100.784562	1.589457E-7
-100.763934	-4.768372E-7
-100.743305	7.947286E-8
-100.722676	7.947286E-8
-100.702047	3.973643E-7
-100.681418	7.947286E-8
-100.660789	-4.768372E-7
-100.640161	3.973643E-7
-100.619532	3.178914E-7
-100.598903	3.178914E-7
-100.578274	3.178914E-7
-100.557645	7.947286E-8
-100.537016	4.768372E-7
-100.516388	7.152557E-7
-100.495759	1.033147E-6
-100.475130	1.112620E-6
-100.454501	1.589457E-7
-100.433872	3.178914E-7
-100.413244	6.357829E-7
-100.392615	2.384186E-7
-100.371986	6.357829E-7
-100.351357	-7.947286E-8
-100.330728	2.384186E-7
-100.310099	-3.178914E-7
-100.289471	3.178914E-7
-100.268842	0.000000
-100.248213	3.973643E-7
-100.227584	3.973643E-7
-100.206955	3.178914E-7
-100.186327	4.768372E-7
-100.165698	4.768372E-7
-100.145069	6.357829E-7
-100.124440	1.271566E-6
-100.103811	1.430511E-6
-100.083182	1.430511E-6
-100.062554	8.742015E-7
-100.041925	3.178914E-7
-100.021296	2.384186E-7
