-142.000947	5.960464E-6
-141.980319	5.801519E-6
-141.959690	5.006790E-6
-141.939061	4.291534E-6
-141.918432	3.735224E-6
-141.897803	2.622604E-6
-141.877174	8.742015E-7
-141.856546	0.000000
-141.835917	-7.947286E-7
-141.815288	-1.351039E-6
-141.794659	-2.145767E-6
-141.774030	-4.212062E-6
-141.753401	-4.609426E-6
-141.732773	-5.165736E-6
-141.712144	-5.880992E-6
-141.691515	-5.880992E-6
-141.670886	-6.278356E-6
-141.650257	-6.039937E-6
-141.629629	-6.437302E-6
-141.609000	-5.722046E-6
-141.588371	-5.324682E-6
-141.567742	-5.006790E-6
-141.547113	-4.371007E-6
-141.526484	-4.688899E-6
-141.505856	-5.086263E-6
-141.485227	-5.006790E-6
-141.464598	-4.688899E-6
-141.443969	-4.609426E-6
-141.423340	-4.688899E-6
-141.402712	-5.086263E-6
-141.382083	-4.768372E-6
-141.361454	-4.529953E-6
-141.340825	-3.973643E-6
-141.320196	-4.291534E-6
-141.299567	-4.529953E-6
-141.278939	-4.609426E-6
-141.258310	-4.847844E-6
-141.237681	-5.404154E-6
-141.217052	-5.245209E-6
-141.196423	-5.324682E-6
-141.175794	-6.278356E-6
-141.155166	-6.198883E-6
-141.134537	-6.516774E-6
-141.113908	-6.357829E-6
-141.093279	-6.516774E-6
-141.072650	-7.152557E-6
-141.052022	-7.549922E-6
-141.031393	-7.629395E-6
-141.010764	-8.106232E-6
-140.990135	-6.834666E-6
-140.969506	-5.404154E-6
-140.948877	-4.927317E-6
-140.928249	-4.053116E-6
-140.907620	-2.781550E-6
-140.886991	-1.827876E-6
-140.866362	-2.225240E-6
-140.845733	-2.066294E-6
-140.825105	-1.033147E-6
-140.804476	-2.384186E-7
-140.783847	-7.947286E-8
-140.763218	3.178914E-7
-140.742589	0.000000
-140.721960	-1.271566E-6
-140.701332	-3.576279E-6
-140.680703	-5.404154E-6
-140.660074	-7.073085E-6
-140.639445	-8.900960E-6
-140.618816	-1.033147E-5
-140.598187	-1.192093E-5
-140.577559	-1.374880E-5
-140.556930	-1.470248E-5
-140.536301	-1.645088E-5
-140.515672	-1.676877E-5
-140.495043	-1.597404E-5
-140.474415	-1.509984E-5
-140.453786	-1.462301E-5
-140.433157	-1.343091E-5
-140.412528	-1.152356E-5
-140.391899	-9.536743E-6
-140.371270	-8.424123E-6
-140.350642	-6.755193E-6
-140.330013	-3.735224E-6
-140.309384	-1.589457E-6
-140.288755	4.768372E-7
-140.268126	2.225240E-6
-140.247498	3.576279E-6
-140.226869	4.529953E-6
-140.206240	4.371007E-6
-140.185611	4.291534E-6
-140.164982	4.291534E-6
-140.144353	4.927317E-6
-140.123725	4.768372E-6
-140.103096	3.894170E-6
-140.082467	1.509984E-6
-140.061838	6.357829E-7
-140.041209	-7.152557E-7
-140.020580	-1.907349E-6
-139.999952	-3.337860E-6
-139.979323	-5.642573E-6
-139.958694	-7.629395E-6
-139.938065	-8.265177E-6
-139.917436	-8.821487E-6
-139.896808	-9.377797E-6
-139.876179	-1.033147E-5
-139.855550	-1.088778E-5
-139.834921	-1.088778E-5
-139.814292	-1.009305E-5
-139.793663	-8.344650E-6
-139.773035	-6.119410E-6
-139.752406	-5.006790E-6
-139.731777	-2.702077E-6
-139.711148	-4.768372E-7
-139.690519	9.536743E-7
-139.669891	3.258387E-6
-139.649262	4.768372E-6
-139.628633	5.483627E-6
-139.608004	6.675720E-6
-139.587375	7.629395E-6
-139.566746	7.867813E-6
-139.546118	8.742015E-6
-139.525489	9.298325E-6
-139.504860	9.616216E-6
-139.484231	1.001358E-5
-139.463602	1.033147E-5
-139.442973	1.049042E-5
-139.422345	9.934107E-6
-139.401716	9.298325E-6
-139.381087	8.503596E-6
-139.360458	7.708867E-6
-139.339829	6.596247E-6
-139.319201	5.324682E-6
-139.298572	4.132589E-6
-139.277943	3.417333E-6
-139.257314	2.304713E-6
-139.236685	2.145767E-6
-139.216056	2.225240E-6
-139.195428	2.463659E-6
-139.174799	2.225240E-6
-139.154170	2.145767E-6
-139.133541	2.702077E-6
-139.112912	3.814697E-6
-139.092284	4.371007E-6
-139.071655	4.450480E-6
-139.051026	4.529953E-6
-139.030397	4.609426E-6
-139.009768	5.324682E-6
-138.989139	5.483627E-6
-138.968511	4.688899E-6
-138.947882	5.006790E-6
-138.927253	3.894170E-6
-138.906624	3.417333E-6
-138.885995	2.225240E-6
-138.865366	1.033147E-6
-138.844738	-2.384186E-7
-138.824109	-1.192093E-6
-138.803480	-2.781550E-6
-138.782851	-4.132589E-6
-138.762222	-4.132589E-6
-138.741594	-4.371007E-6
-138.720965	-4.688899E-6
-138.700336	-5.245209E-6
-138.679707	-4.450480E-6
-138.659078	-2.622604E-6
-138.638449	-1.271566E-6
-138.617821	-2.384186E-7
-138.597192	2.066294E-6
-138.576563	3.576279E-6
-138.555934	5.324682E-6
-138.535305	6.834666E-6
-138.514677	7.947286E-6
-138.494048	8.821487E-6
-138.473419	9.695689E-6
-138.452790	1.104673E-5
-138.432161	1.152356E-5
-138.411532	1.072884E-5
-138.390904	9.695689E-6
-138.370275	9.218852E-6
-138.349646	7.390976E-6
-138.329017	6.437302E-6
-138.308388	5.960464E-6
-138.287759	5.245209E-6
-138.267131	3.894170E-6
-138.246502	3.099442E-6
-138.225873	1.748403E-6
-138.205244	9.536743E-7
-138.184615	7.152557E-7
-138.163987	7.152557E-7
-138.143358	3.973643E-7
-138.122729	1.112620E-6
-138.102100	1.986821E-6
-138.081471	2.861023E-6
-138.060842	3.178914E-6
-138.040214	3.337860E-6
-138.019585	3.973643E-6
-137.998956	4.212062E-6
-137.978327	3.178914E-6
-137.957698	3.258387E-6
-137.937070	2.463659E-6
-137.916441	2.781550E-6
-137.895812	1.430511E-6
-137.875183	-1.589457E-7
-137.854554	-1.033147E-6
-137.833925	-1.271566E-6
-137.813297	-1.430511E-6
-137.792668	-2.145767E-6
-137.772039	-2.781550E-6
-137.751410	-2.622604E-6
-137.730781	-2.940496E-6
-137.710152	-3.496806E-6
-137.689524	-3.417333E-6
-137.668895	-1.986821E-6
-137.648266	-1.589457E-6
-137.627637	-9.536743E-7
-137.607008	-7.152557E-7
-137.586380	-3.973643E-7
-137.565751	-2.384186E-7
-137.545122	3.973643E-7
-137.524493	2.384186E-6
-137.503864	3.258387E-6
-137.483235	3.178914E-6
-137.462607	3.019969E-6
-137.441978	3.258387E-6
-137.421349	2.543132E-6
-137.400720	2.781550E-6
-137.380091	2.384186E-6
-137.359463	2.145767E-6
-137.338834	1.271566E-6
-137.318205	7.947286E-7
-137.297576	1.589457E-7
-137.276947	-1.112620E-6
-137.256318	-2.225240E-6
-137.235690	-2.304713E-6
-137.215061	-2.781550E-6
-137.194432	-3.576279E-6
-137.173803	-3.496806E-6
-137.153174	-4.609426E-6
-137.132545	-6.039937E-6
-137.111917	-6.357829E-6
-137.091288	-7.073085E-6
-137.070659	-8.424123E-6
-137.050030	-8.583069E-6
-137.029401	-8.821487E-6
-137.008773	-8.344650E-6
-136.988144	-9.775162E-6
-136.967515	-1.009305E-5
-136.946886	-1.041094E-5
-136.926257	-1.001358E-5
-136.905628	-9.775162E-6
-136.885000	-9.775162E-6
-136.864371	-9.139379E-6
-136.843742	-7.549922E-6
-136.823113	-5.880992E-6
-136.802484	-5.642573E-6
-136.781856	-3.894170E-6
-136.761227	-2.543132E-6
-136.740598	-1.033147E-6
-136.719969	8.742015E-7
-136.699340	3.496806E-6
-136.678711	5.165736E-6
-136.658083	7.629395E-6
-136.637454	8.742015E-6
-136.616825	9.536743E-6
-136.596196	9.934107E-6
-136.575567	9.695689E-6
-136.554939	9.059906E-6
-136.534310	7.947286E-6
-136.513681	6.198883E-6
-136.493052	4.609426E-6
-136.472423	2.066294E-6
-136.451794	-4.768372E-7
-136.431166	-2.781550E-6
-136.410537	-5.404154E-6
-136.389908	-7.073085E-6
-136.369279	-9.377797E-6
-136.348650	-1.072884E-5
-136.328021	-1.231829E-5
-136.307393	-1.358986E-5
-136.286764	-1.382828E-5
-136.266135	-1.390775E-5
-136.245506	-1.358986E-5
-136.224877	-1.374880E-5
-136.204249	-1.279513E-5
-136.183620	-1.215935E-5
-136.162991	-1.064936E-5
-136.142362	-9.457270E-6
-136.121733	-7.708867E-6
-136.101104	-6.516774E-6
-136.080476	-5.006790E-6
-136.059847	-4.291534E-6
-136.039218	-4.291534E-6
-136.018589	-3.655752E-6
-135.997960	-2.066294E-6
-135.977332	-1.351039E-6
-135.956703	-3.178914E-7
-135.936074	1.430511E-6
-135.915445	2.622604E-6
-135.894816	3.417333E-6
-135.874187	5.165736E-6
-135.853559	5.722046E-6
-135.832930	6.357829E-6
-135.812301	6.834666E-6
-135.791672	7.232030E-6
-135.771043	7.073085E-6
-135.750414	7.788340E-6
-135.729786	8.026759E-6
-135.709157	7.470449E-6
-135.688528	6.278356E-6
-135.667899	5.483627E-6
-135.647270	3.576279E-6
-135.626642	1.509984E-6
-135.606013	7.947286E-7
-135.585384	-2.384186E-7
-135.564755	-1.271566E-6
-135.544126	-2.145767E-6
-135.523497	-3.337860E-6
-135.502869	-3.894170E-6
-135.482240	-4.053116E-6
-135.461611	-4.768372E-6
-135.440982	-5.165736E-6
-135.420353	-4.688899E-6
-135.399725	-3.337860E-6
-135.379096	-2.781550E-6
-135.358467	-2.384186E-6
-135.337838	-2.225240E-6
-135.317209	-1.112620E-6
-135.296580	-2.384186E-7
-135.275952	-3.973643E-7
-135.255323	-3.973643E-7
-135.234694	-7.947286E-7
-135.214065	-7.947286E-8
-135.193436	0.000000
-135.172807	-3.178914E-7
-135.152179	-5.563100E-7
-135.131550	-1.112620E-6
-135.110921	-1.509984E-6
-135.090292	-1.509984E-6
-135.069663	-2.304713E-6
-135.049035	-3.417333E-6
-135.028406	-3.576279E-6
-135.007777	-2.861023E-6
-134.987148	-3.099442E-6
-134.966519	-1.986821E-6
-134.945890	-1.430511E-6
-134.925262	-1.271566E-6
-134.904633	-2.384186E-7
-134.884004	7.152557E-7
-134.863375	1.271566E-6
-134.842746	1.907349E-6
-134.822118	3.496806E-6
-134.801489	4.212062E-6
-134.780860	4.291534E-6
-134.760231	3.735224E-6
-134.739602	3.973643E-6
-134.718973	3.496806E-6
-134.698345	2.463659E-6
-134.677716	7.947286E-7
-134.657087	-1.351039E-6
-134.636458	-3.655752E-6
-134.615829	-5.642573E-6
-134.595200	-6.516774E-6
-134.574572	-7.629395E-6
-134.553943	-8.106232E-6
-134.533314	-9.298325E-6
-134.512685	-1.120567E-5
-134.492056	-1.192093E-5
-134.471428	-1.104673E-5
-134.450799	-9.934107E-6
-134.430170	-8.821487E-6
-134.409541	-8.265177E-6
-134.388912	-8.662542E-6
-134.368283	-8.503596E-6
-134.347655	-7.470449E-6
-134.327026	-7.390976E-6
-134.306397	-7.232030E-6
-134.285768	-6.198883E-6
-134.265139	-5.006790E-6
-134.244511	-4.132589E-6
-134.223882	-3.655752E-6
-134.203253	-2.861023E-6
-134.182624	-2.384186E-6
-134.161995	-2.304713E-6
-134.141366	-7.152557E-7
-134.120738	9.536743E-7
-134.100109	2.145767E-6
-134.079480	3.496806E-6
-134.058851	4.053116E-6
-134.038222	5.404154E-6
-134.017593	6.914139E-6
-133.996965	7.629395E-6
-133.976336	7.708867E-6
-133.955707	8.344650E-6
-133.935078	8.424123E-6
-133.914449	8.662542E-6
-133.893821	8.185705E-6
-133.873192	7.073085E-6
-133.852563	5.801519E-6
-133.831934	4.132589E-6
-133.811305	3.496806E-6
-133.790676	1.589457E-6
-133.770048	-3.973643E-7
-133.749419	-1.351039E-6
-133.728790	-2.702077E-6
-133.708161	-4.291534E-6
-133.687532	-5.801519E-6
-133.666904	-6.755193E-6
-133.646275	-6.993612E-6
-133.625646	-7.390976E-6
-133.605017	-8.583069E-6
-133.584388	-9.377797E-6
-133.563759	-8.821487E-6
-133.543131	-8.503596E-6
-133.522502	-7.788340E-6
-133.501873	-7.152557E-6
-133.481244	-7.390976E-6
-133.460615	-7.073085E-6
-133.439986	-6.755193E-6
-133.419358	-6.357829E-6
-133.398729	-5.642573E-6
-133.378100	-4.212062E-6
-133.357471	-3.099442E-6
-133.336842	-1.748403E-6
-133.316214	-7.947286E-7
-133.295585	-1.589457E-7
-133.274956	-2.384186E-7
-133.254327	-7.947286E-8
-133.233698	1.827876E-6
-133.213069	3.735224E-6
-133.192441	4.688899E-6
-133.171812	6.039937E-6
-133.151183	7.073085E-6
-133.130554	6.914139E-6
-133.109925	7.867813E-6
-133.089297	8.265177E-6
-133.068668	7.311503E-6
-133.048039	7.073085E-6
-133.027410	7.867813E-6
-133.006781	8.026759E-6
-132.986152	6.437302E-6
-132.965524	5.722046E-6
-132.944895	5.880992E-6
-132.924266	5.801519E-6
-132.903637	3.973643E-6
-132.883008	2.066294E-6
-132.862379	7.947286E-8
-132.841751	-1.986821E-6
-132.821122	-3.814697E-6
-132.800493	-5.086263E-6
-132.779864	-6.278356E-6
-132.759235	-7.311503E-6
-132.738607	-7.549922E-6
-132.717978	-8.583069E-6
-132.697349	-9.854635E-6
-132.676720	-1.080831E-5
-132.656091	-1.120567E-5
-132.635462	-1.025200E-5
-132.614834	-9.536743E-6
-132.594205	-9.059906E-6
-132.573576	-8.265177E-6
-132.552947	-7.390976E-6
-132.532318	-5.642573E-6
-132.511690	-3.894170E-6
-132.491061	-3.735224E-6
-132.470432	-1.351039E-6
-132.449803	1.351039E-6
-132.429174	3.496806E-6
-132.408545	5.324682E-6
-132.387917	6.596247E-6
-132.367288	7.152557E-6
-132.346659	8.185705E-6
-132.326030	9.139379E-6
-132.305401	1.064936E-5
-132.284772	1.192093E-5
-132.264144	1.239777E-5
-132.243515	1.255671E-5
-132.222886	1.287460E-5
-132.202257	1.223882E-5
-132.181628	1.200040E-5
-132.161000	1.104673E-5
-132.140371	1.049042E-5
-132.119742	9.298325E-6
-132.099113	7.470449E-6
-132.078484	6.119410E-6
-132.057855	4.450480E-6
-132.037227	1.907349E-6
-132.016598	-5.563100E-7
-131.995969	-3.099442E-6
-131.975340	-5.165736E-6
-131.954711	-7.947286E-6
-131.934083	-1.017253E-5
-131.913454	-1.168251E-5
-131.892825	-1.184146E-5
-131.872196	-1.223882E-5
-131.851567	-1.255671E-5
-131.830938	-1.200040E-5
-131.810310	-1.056989E-5
-131.789681	-8.742015E-6
-131.769052	-7.549922E-6
-131.748423	-5.404154E-6
-131.727794	-3.337860E-6
-131.707165	-2.066294E-6
-131.686537	8.742015E-7
-131.665908	3.258387E-6
-131.645279	4.529953E-6
-131.624650	5.324682E-6
-131.604021	6.278356E-6
-131.583393	7.470449E-6
-131.562764	7.152557E-6
-131.542135	6.119410E-6
-131.521506	5.722046E-6
-131.500877	5.245209E-6
-131.480248	5.245209E-6
-131.459620	3.099442E-6
-131.438991	1.033147E-6
-131.418362	-6.357829E-7
-131.397733	-2.304713E-6
-131.377104	-3.099442E-6
-131.356476	-4.529953E-6
-131.335847	-5.165736E-6
-131.315218	-6.039937E-6
-131.294589	-7.073085E-6
-131.273960	-6.198883E-6
-131.253331	-5.722046E-6
-131.232703	-5.165736E-6
-131.212074	-3.973643E-6
-131.191445	-3.655752E-6
-131.170816	-2.940496E-6
-131.150187	-1.509984E-6
-131.129558	-3.178914E-7
-131.108930	7.947286E-7
-131.088301	1.509984E-6
-131.067672	1.589457E-6
-131.047043	9.536743E-7
-131.026414	1.430511E-6
-131.005786	1.907349E-6
-130.985157	2.384186E-7
-130.964528	-2.384186E-7
-130.943899	-1.509984E-6
-130.923270	-2.622604E-6
-130.902641	-4.450480E-6
-130.882013	-5.960464E-6
-130.861384	-6.993612E-6
-130.840755	-8.265177E-6
-130.820126	-8.106232E-6
-130.799497	-8.106232E-6
-130.778869	-9.616216E-6
-130.758240	-1.033147E-5
-130.737611	-1.033147E-5
-130.716982	-1.096725E-5
-130.696353	-1.096725E-5
-130.675724	-1.049042E-5
-130.655096	-9.695689E-6
-130.634467	-8.503596E-6
-130.613838	-8.026759E-6
-130.593209	-6.437302E-6
-130.572580	-4.291534E-6
-130.551952	-1.827876E-6
-130.531323	7.947286E-8
-130.510694	3.735224E-6
-130.490065	6.198883E-6
-130.469436	8.821487E-6
-130.448807	1.072884E-5
-130.428179	1.239777E-5
-130.407550	1.343091E-5
-130.386921	1.358986E-5
-130.366292	1.382828E-5
-130.345663	1.343091E-5
-130.325034	1.358986E-5
-130.304406	1.192093E-5
-130.283777	1.009305E-5
-130.263148	7.073085E-6
-130.242519	3.576279E-6
-130.221890	-2.384186E-7
-130.201262	-3.496806E-6
-130.180633	-5.960464E-6
-130.160004	-9.059906E-6
-130.139375	-1.223882E-5
-130.118746	-1.438459E-5
-130.098117	-1.517932E-5
-130.077489	-1.486142E-5
-130.056860	-1.509984E-5
-130.036231	-1.438459E-5
-130.015602	-1.192093E-5
-129.994973	-9.934107E-6
-129.974345	-7.549922E-6
-129.953716	-5.483627E-6
-129.933087	-2.384186E-6
-129.912458	-2.384186E-7
-129.891829	1.430511E-6
-129.871200	4.291534E-6
-129.850572	6.357829E-6
-129.829943	7.470449E-6
-129.809314	7.232030E-6
-129.788685	6.675720E-6
-129.768056	5.404154E-6
-129.747427	4.450480E-6
-129.726799	3.894170E-6
-129.706170	1.509984E-6
-129.685541	-1.033147E-6
-129.664912	-3.894170E-6
-129.644283	-5.960464E-6
-129.623655	-7.788340E-6
-129.603026	-9.218852E-6
-129.582397	-1.009305E-5
-129.561768	-1.160304E-5
-129.541139	-1.311302E-5
-129.520510	-1.366933E-5
-129.499882	-1.279513E-5
-129.479253	-1.112620E-5
-129.458624	-1.017253E-5
-129.437995	-9.934107E-6
-129.417366	-7.947286E-6
-129.396738	-5.404154E-6
-129.376109	-4.132589E-6
-129.355480	-3.258387E-6
-129.334851	-2.145767E-6
-129.314222	-1.033147E-6
-129.293593	-1.112620E-6
-129.272965	-1.509984E-6
-129.252336	-1.112620E-6
-129.231707	-6.357829E-7
-129.211078	-8.742015E-7
-129.190449	-1.589457E-6
-129.169820	-2.861023E-6
-129.149192	-3.655752E-6
-129.128563	-4.609426E-6
-129.107934	-6.039937E-6
-129.087305	-7.232030E-6
-129.066676	-7.867813E-6
-129.046048	-8.662542E-6
-129.025419	-8.742015E-6
-129.004790	-8.424123E-6
-128.984161	-8.662542E-6
-128.963532	-8.583069E-6
-128.942903	-7.549922E-6
-128.922275	-6.675720E-6
-128.901646	-4.847844E-6
-128.881017	-3.496806E-6
-128.860388	-1.033147E-6
-128.839759	2.145767E-6
-128.819131	5.006790E-6
-128.798502	5.880992E-6
-128.777873	7.390976E-6
-128.757244	1.033147E-5
-128.736615	1.200040E-5
-128.715986	1.351039E-5
-128.695358	1.494090E-5
-128.674729	1.446406E-5
-128.654100	1.247724E-5
-128.633471	1.001358E-5
-128.612842	7.311503E-6
-128.592213	4.529953E-6
-128.571585	1.827876E-6
-128.550956	-1.827876E-6
-128.530327	-5.165736E-6
-128.509698	-7.152557E-6
-128.489069	-9.616216E-6
-128.468441	-1.223882E-5
-128.447812	-1.390775E-5
-128.427183	-1.653035E-5
-128.406554	-1.804034E-5
-128.385925	-1.716614E-5
-128.365296	-1.565615E-5
-128.344668	-1.366933E-5
-128.324039	-1.033147E-5
-128.303410	-8.026759E-6
-128.282781	-5.324682E-6
-128.262152	-1.748403E-6
-128.241524	2.384186E-6
-128.220895	4.927317E-6
-128.200266	6.834666E-6
-128.179637	9.695689E-6
-128.159008	1.144409E-5
-128.138379	1.223882E-5
-128.117751	1.255671E-5
-128.097122	1.271566E-5
-128.076493	1.247724E-5
-128.055864	1.128515E-5
-128.035235	1.112620E-5
-128.014606	9.775162E-6
-127.993978	5.960464E-6
-127.973349	4.212062E-6
-127.952720	2.304713E-6
-127.932091	-7.947286E-8
-127.911462	-2.304713E-6
-127.890834	-5.086263E-6
-127.870205	-6.675720E-6
-127.849576	-8.503596E-6
-127.828947	-1.017253E-5
-127.808318	-1.088778E-5
-127.787689	-1.080831E-5
-127.767061	-1.104673E-5
-127.746432	-1.128515E-5
-127.725803	-1.025200E-5
-127.705174	-1.009305E-5
-127.684545	-9.377797E-6
-127.663917	-8.344650E-6
-127.643288	-5.960464E-6
-127.622659	-3.655752E-6
-127.602030	-1.351039E-6
-127.581401	5.563100E-7
-127.560772	3.178914E-6
-127.540144	5.324682E-6
-127.519515	7.549922E-6
-127.498886	8.900960E-6
-127.478257	9.775162E-6
-127.457628	9.934107E-6
-127.436999	1.080831E-5
-127.416371	1.080831E-5
-127.395742	9.934107E-6
-127.375113	8.503596E-6
-127.354484	7.232030E-6
-127.333855	5.324682E-6
-127.313227	3.337860E-6
-127.292598	1.748403E-6
-127.271969	-2.384186E-7
-127.251340	-2.145767E-6
-127.230711	-2.702077E-6
-127.210082	-3.178914E-6
-127.189454	-4.291534E-6
-127.168825	-5.722046E-6
-127.148196	-5.642573E-6
-127.127567	-5.245209E-6
-127.106938	-4.609426E-6
-127.086310	-3.655752E-6
-127.065681	-2.145767E-6
-127.045052	-1.271566E-6
-127.024423	7.947286E-8
-127.003794	1.271566E-6
-126.983165	2.463659E-6
-126.962537	5.086263E-6
-126.941908	6.755193E-6
-126.921279	6.834666E-6
-126.900650	7.232030E-6
-126.880021	8.662542E-6
-126.859392	9.377797E-6
-126.838764	7.470449E-6
-126.818135	6.755193E-6
-126.797506	7.311503E-6
-126.776877	6.198883E-6
-126.756248	3.735224E-6
-126.735620	2.066294E-6
-126.714991	1.430511E-6
-126.694362	-7.152557E-7
-126.673733	-2.463659E-6
-126.653104	-4.371007E-6
-126.632475	-4.688899E-6
-126.611847	-4.847844E-6
-126.591218	-4.927317E-6
-126.570589	-4.768372E-6
-126.549960	-4.768372E-6
-126.529331	-4.371007E-6
-126.508703	-1.986821E-6
-126.488074	7.152557E-7
-126.467445	3.099442E-6
-126.446816	5.722046E-6
-126.426187	8.185705E-6
-126.405558	1.064936E-5
-126.384930	1.184146E-5
-126.364301	1.358986E-5
-126.343672	1.502037E-5
-126.323043	1.470248E-5
-126.302414	1.358986E-5
-126.281785	1.311302E-5
-126.261157	1.184146E-5
-126.240528	1.136462E-5
-126.219899	9.457270E-6
-126.199270	6.993612E-6
-126.178641	4.132589E-6
-126.158013	1.827876E-6
-126.137384	-3.178914E-7
-126.116755	-3.576279E-6
-126.096126	-5.483627E-6
-126.075497	-6.914139E-6
-126.054868	-8.344650E-6
-126.034240	-8.980433E-6
-126.013611	-9.377797E-6
-125.992982	-1.009305E-5
-125.972353	-9.536743E-6
-125.951724	-9.377797E-6
-125.931096	-9.457270E-6
-125.910467	-9.536743E-6
-125.889838	-9.059906E-6
-125.869209	-7.708867E-6
-125.848580	-6.278356E-6
-125.827951	-5.483627E-6
-125.807323	-3.814697E-6
-125.786694	-2.384186E-6
-125.766065	-9.536743E-7
-125.745436	-3.178914E-7
-125.724807	8.742015E-7
-125.704178	2.463659E-6
-125.683550	3.258387E-6
-125.662921	3.178914E-6
-125.642292	2.145767E-6
-125.621663	1.907349E-6
-125.601034	6.357829E-7
-125.580406	7.152557E-7
-125.559777	4.768372E-7
-125.539148	-7.947286E-7
-125.518519	-1.748403E-6
-125.497890	-2.781550E-6
-125.477261	-4.609426E-6
-125.456633	-6.755193E-6
-125.436004	-7.470449E-6
-125.415375	-8.503596E-6
-125.394746	-8.821487E-6
-125.374117	-8.026759E-6
-125.353489	-7.232030E-6
-125.332860	-5.563100E-6
-125.312231	-4.688899E-6
-125.291602	-4.847844E-6
-125.270973	-3.814697E-6
-125.250344	-3.178914E-6
-125.229716	-9.536743E-7
-125.209087	-3.178914E-7
-125.188458	2.384186E-7
-125.167829	1.430511E-6
-125.147200	1.668930E-6
-125.126571	1.748403E-6
-125.105943	1.748403E-6
-125.085314	9.536743E-7
-125.064685	3.973643E-7
-125.044056	0.000000
-125.023427	2.384186E-7
-125.002799	9.536743E-7
-124.982170	3.973643E-7
-124.961541	-1.509984E-6
-124.940912	-2.384186E-6
-124.920283	-2.940496E-6
-124.899654	-4.212062E-6
-124.879026	-5.404154E-6
-124.858397	-7.390976E-6
-124.837768	-1.056989E-5
-124.817139	-1.430511E-5
-124.796510	-1.931190E-5
-124.775882	-2.352397E-5
-124.755253	-2.829234E-5
-124.734624	-3.401438E-5
-124.713995	-4.037221E-5
-124.693366	-4.633268E-5
-124.672737	-5.269051E-5
-124.652109	-5.873044E-5
-124.631480	-6.326040E-5
-124.610851	-6.556511E-5
-124.590222	-6.786982E-5
-124.569593	-6.953875E-5
-124.548964	-6.914139E-5
-124.528336	-6.707509E-5
-124.507707	-6.318092E-5
-124.487078	-5.674362E-5
-124.466449	-4.967054E-5
-124.445820	-4.204114E-5
-124.425192	-3.226598E-5
-124.404563	-2.074242E-5
-124.383934	-1.049042E-5
-124.363305	5.563100E-7
-124.342676	1.231829E-5
-124.322047	2.376239E-5
-124.301419	3.512700E-5
-124.280790	4.553795E-5
-124.260161	5.467733E-5
-124.239532	6.310145E-5
-124.218903	6.985664E-5
-124.198275	7.557869E-5
-124.177646	8.058548E-5
-124.157017	8.328756E-5
-124.136388	8.495649E-5
-124.115759	8.583069E-5
-124.095130	8.606911E-5
-124.074502	8.384387E-5
-124.053873	8.145968E-5
-124.033244	7.764498E-5
-124.012615	7.351240E-5
-123.991986	6.977717E-5
-123.971358	6.532669E-5
-123.950729	6.008148E-5
-123.930100	5.380313E-5
-123.909471	4.744530E-5
-123.888842	4.100800E-5
-123.868213	3.369649E-5
-123.847585	2.789497E-5
-123.826956	2.050400E-5
-123.806327	1.398722E-5
-123.785698	8.424123E-6
-123.765069	2.781550E-6
-123.744440	-2.543132E-6
-123.723812	-7.629395E-6
-123.703183	-1.207987E-5
-123.682554	-1.573563E-5
-123.661925	-1.899401E-5
-123.641296	-2.113978E-5
-123.620668	-2.264977E-5
-123.600039	-2.344449E-5
-123.579410	-2.479553E-5
-123.558781	-2.487501E-5
-123.538152	-2.376239E-5
-123.517523	-2.233187E-5
-123.496895	-2.042452E-5
-123.476266	-1.819928E-5
-123.455637	-1.629194E-5
-123.435008	-1.486142E-5
-123.414379	-1.319249E-5
-123.393751	-1.160304E-5
-123.373122	-1.041094E-5
-123.352493	-8.980433E-6
-123.331864	-8.106232E-6
-123.311235	-7.152557E-6
-123.290606	-7.073085E-6
-123.269978	-7.311503E-6
-123.249349	-8.662542E-6
-123.228720	-8.662542E-6
-123.208091	-9.854635E-6
-123.187462	-1.080831E-5
-123.166833	-1.255671E-5
-123.146205	-1.295408E-5
-123.125576	-1.319249E-5
-123.104947	-1.279513E-5
-123.084318	-1.263618E-5
-123.063689	-1.160304E-5
-123.043061	-1.017253E-5
-123.022432	-7.390976E-6
-123.001803	-5.324682E-6
-122.981174	-4.053116E-6
-122.960545	-8.742015E-7
-122.939916	1.668930E-6
-122.919288	3.973643E-6
-122.898659	5.960464E-6
-122.878030	8.265177E-6
-122.857401	1.009305E-5
-122.836772	1.144409E-5
-122.816144	1.223882E-5
-122.795515	1.287460E-5
-122.774886	1.136462E-5
-122.754257	1.017253E-5
-122.733628	8.424123E-6
-122.712999	5.324682E-6
-122.692371	2.543132E-6
-122.671742	-2.384186E-7
-122.651113	-3.894170E-6
-122.630484	-7.311503E-6
-122.609855	-1.192093E-5
-122.589226	-1.486142E-5
-122.568598	-1.732508E-5
-122.547969	-1.978874E-5
-122.527340	-2.129873E-5
-122.506711	-2.304713E-5
-122.486082	-2.463659E-5
-122.465454	-2.662341E-5
-122.444825	-2.622604E-5
-122.424196	-2.487501E-5
-122.403567	-2.320608E-5
-122.382938	-2.082189E-5
-122.362309	-1.708666E-5
-122.341681	-1.319249E-5
-122.321052	-8.980433E-6
-122.300423	-4.609426E-6
-122.279794	-2.463659E-6
-122.259165	7.947286E-8
-122.238537	3.178914E-6
-122.217908	5.801519E-6
-122.197279	9.377797E-6
-122.176650	1.223882E-5
-122.156021	1.454353E-5
-122.135392	1.573563E-5
-122.114764	1.637141E-5
-122.094135	1.581510E-5
-122.073506	1.462301E-5
-122.052877	1.438459E-5
-122.032248	1.398722E-5
-122.011619	1.239777E-5
-121.990991	9.854635E-6
-121.970362	8.185705E-6
-121.949733	5.880992E-6
-121.929104	4.132589E-6
-121.908475	2.145767E-6
-121.887847	6.357829E-7
-121.867218	-1.668930E-6
-121.846589	-4.132589E-6
-121.825960	-5.642573E-6
-121.805331	-7.867813E-6
-121.784702	-9.298325E-6
-121.764074	-1.025200E-5
-121.743445	-1.144409E-5
-121.722816	-1.168251E-5
-121.702187	-1.152356E-5
-121.681558	-1.096725E-5
-121.660930	-1.080831E-5
-121.640301	-1.017253E-5
-121.619672	-8.424123E-6
-121.599043	-8.265177E-6
-121.578414	-7.311503E-6
-121.557785	-5.960464E-6
-121.537157	-4.688899E-6
-121.516528	-3.894170E-6
-121.495899	-3.576279E-6
-121.475270	-2.543132E-6
-121.454641	-1.986821E-6
-121.434012	-9.536743E-7
-121.413384	-2.145767E-6
-121.392755	-2.622604E-6
-121.372126	-3.576279E-6
-121.351497	-4.371007E-6
-121.330868	-5.404154E-6
-121.310240	-5.165736E-6
-121.289611	-3.735224E-6
-121.268982	-3.099442E-6
-121.248353	-1.509984E-6
-121.227724	3.973643E-7
-121.207095	3.576279E-6
-121.186467	7.708867E-6
-121.165838	1.255671E-5
-121.145209	1.645088E-5
-121.124580	2.098083E-5
-121.103951	2.431870E-5
-121.083323	2.725919E-5
-121.062694	3.019969E-5
-121.042065	3.170967E-5
-121.021436	3.234545E-5
-121.000807	3.194809E-5
-120.980178	2.964338E-5
-120.959550	2.837181E-5
-120.938921	2.439817E-5
-120.918292	2.026558E-5
-120.897663	1.486142E-5
-120.877034	7.311503E-6
-120.856405	5.563100E-7
-120.835777	-4.529953E-6
-120.815148	-9.377797E-6
-120.794519	-1.422564E-5
-120.773890	-1.931190E-5
-120.753261	-2.495448E-5
-120.732633	-3.035863E-5
-120.712004	-3.544490E-5
-120.691375	-3.862381E-5
-120.670746	-3.870328E-5
-120.650117	-3.671646E-5
-120.629488	-3.528595E-5
-120.608860	-3.369649E-5
-120.588231	-3.019969E-5
-120.567602	-2.694130E-5
-120.546973	-2.249082E-5
-120.526344	-1.660983E-5
-120.505716	-1.088778E-5
-120.485087	-4.212062E-6
-120.464458	1.986821E-6
-120.443829	8.344650E-6
-120.423200	1.343091E-5
-120.402571	1.947085E-5
-120.381943	2.471606E-5
-120.361314	2.900759E-5
-120.340685	3.290176E-5
-120.320056	3.425280E-5
-120.299427	3.425280E-5
-120.278798	3.266335E-5
-120.258170	2.837181E-5
-120.237541	2.344449E-5
-120.216912	1.724561E-5
-120.196283	1.128515E-5
-120.175654	3.814697E-6
-120.155026	-3.019969E-6
-120.134397	-9.854635E-6
-120.113768	-1.629194E-5
-120.093139	-2.217293E-5
-120.072510	-2.717972E-5
-120.051881	-3.194809E-5
-120.031253	-3.592173E-5
-120.010624	-3.870328E-5
-119.989995	-4.013379E-5
-119.969366	-3.925959E-5
-119.948737	-3.806750E-5
-119.928109	-3.679593E-5
-119.907480	-3.433228E-5
-119.886851	-3.067652E-5
-119.866222	-2.630552E-5
-119.845593	-2.209345E-5
-119.824964	-1.724561E-5
-119.804336	-1.263618E-5
-119.783707	-9.059906E-6
-119.763078	-5.722046E-6
-119.742449	-1.827876E-6
-119.721820	1.589457E-6
-119.701191	3.099442E-6
-119.680563	4.768372E-6
-119.659934	5.960464E-6
-119.639305	6.596247E-6
-119.618676	6.914139E-6
-119.598047	5.960464E-6
-119.577419	5.801519E-6
-119.556790	5.880992E-6
-119.536161	6.516774E-6
-119.515532	6.755193E-6
-119.494903	6.516774E-6
-119.474274	7.708867E-6
-119.453646	8.742015E-6
-119.433017	9.934107E-6
-119.412388	1.088778E-5
-119.391759	1.168251E-5
-119.371130	1.327197E-5
-119.350502	1.517932E-5
-119.329873	1.573563E-5
-119.309244	1.724561E-5
-119.288615	1.978874E-5
-119.267986	2.121925E-5
-119.247357	2.082189E-5
-119.226729	1.994769E-5
-119.206100	1.899401E-5
-119.185471	1.629194E-5
-119.164842	1.335144E-5
-119.144213	1.056989E-5
-119.123584	6.993612E-6
-119.102956	2.702077E-6
-119.082327	-1.192093E-6
-119.061698	-5.165736E-6
-119.041069	-8.026759E-6
-119.020440	-1.096725E-5
-118.999812	-1.398722E-5
-118.979183	-1.637141E-5
-118.958554	-1.907349E-5
-118.937925	-2.010663E-5
-118.917296	-2.106031E-5
-118.896667	-2.098083E-5
-118.876039	-1.899401E-5
-118.855410	-1.796087E-5
-118.834781	-1.557668E-5
-118.814152	-1.287460E-5
-118.793523	-1.001358E-5
-118.772895	-7.947286E-6
-118.752266	-5.404154E-6
-118.731637	-3.019969E-6
-118.711008	-8.742015E-7
-118.690379	1.271566E-6
-118.669750	4.132589E-6
-118.649122	6.596247E-6
-118.628493	7.788340E-6
-118.607864	8.265177E-6
-118.587235	9.695689E-6
-118.566606	1.112620E-5
-118.545977	1.152356E-5
-118.525349	1.041094E-5
-118.504720	8.742015E-6
-118.484091	7.629395E-6
-118.463462	6.119410E-6
-118.442833	4.212062E-6
-118.422205	2.543132E-6
-118.401576	8.742015E-7
-118.380947	-7.947286E-7
-118.360318	-1.907349E-6
-118.339689	-2.940496E-6
-118.319060	-3.973643E-6
-118.298432	-5.324682E-6
-118.277803	-6.516774E-6
-118.257174	-7.549922E-6
-118.236545	-7.788340E-6
-118.215916	-6.834666E-6
-118.195288	-7.152557E-6
-118.174659	-5.563100E-6
-118.154030	-3.973643E-6
-118.133401	-2.066294E-6
-118.112772	-2.066294E-6
-118.092143	-9.536743E-7
-118.071515	-3.178914E-7
-118.050886	0.000000
-118.030257	3.973643E-7
-118.009628	1.351039E-6
-117.988999	8.742015E-7
-117.968370	-6.357829E-7
-117.947742	-7.152557E-7
-117.927113	-1.589457E-6
-117.906484	-1.827876E-6
-117.885855	-2.145767E-6
-117.865226	-3.019969E-6
-117.844598	-2.861023E-6
-117.823969	-2.304713E-6
-117.803340	-2.225240E-6
-117.782711	-1.271566E-6
-117.762082	1.589457E-7
-117.741453	1.509984E-6
-117.720825	2.781550E-6
-117.700196	3.973643E-6
-117.679567	5.642573E-6
-117.658938	6.516774E-6
-117.638309	7.470449E-6
-117.617681	8.026759E-6
-117.597052	8.424123E-6
-117.576423	8.821487E-6
-117.555794	8.900960E-6
-117.535165	9.298325E-6
-117.514536	8.742015E-6
-117.493908	8.424123E-6
-117.473279	8.106232E-6
-117.452650	7.311503E-6
-117.432021	6.914139E-6
-117.411392	5.404154E-6
-117.390764	3.655752E-6
-117.370135	2.304713E-6
-117.349506	1.192093E-6
-117.328877	-1.112620E-6
-117.308248	-2.304713E-6
-117.287619	-4.371007E-6
-117.266991	-7.232030E-6
-117.246362	-9.377797E-6
-117.225733	-1.160304E-5
-117.205104	-1.438459E-5
-117.184475	-1.660983E-5
-117.163846	-1.859665E-5
-117.143218	-1.764297E-5
-117.122589	-1.668930E-5
-117.101960	-1.533826E-5
-117.081331	-1.422564E-5
-117.060702	-1.382828E-5
-117.040074	-1.176198E-5
-117.019445	-8.503596E-6
-116.998816	-4.688899E-6
-116.978187	-1.827876E-6
-116.957558	5.563100E-7
-116.936929	2.781550E-6
-116.916301	5.404154E-6
-116.895672	7.867813E-6
-116.875043	1.001358E-5
-116.854414	1.311302E-5
-116.833785	1.446406E-5
-116.813157	1.438459E-5
-116.792528	1.462301E-5
-116.771899	1.478195E-5
-116.751270	1.533826E-5
-116.730641	1.454353E-5
-116.710012	1.239777E-5
-116.689384	1.064936E-5
-116.668755	9.377797E-6
-116.648126	6.596247E-6
-116.627497	4.132589E-6
-116.606868	2.066294E-6
-116.586239	-5.563100E-7
-116.565611	-3.019969E-6
-116.544982	-5.722046E-6
-116.524353	-7.470449E-6
-116.503724	-1.056989E-5
-116.483095	-1.311302E-5
-116.462467	-1.557668E-5
-116.441838	-1.708666E-5
-116.421209	-1.796087E-5
-116.400580	-1.835823E-5
-116.379951	-1.756350E-5
-116.359322	-1.645088E-5
-116.338694	-1.525879E-5
-116.318065	-1.430511E-5
-116.297436	-1.303355E-5
-116.276807	-1.080831E-5
-116.256178	-8.821487E-6
-116.235550	-6.675720E-6
-116.214921	-4.212062E-6
-116.194292	-1.033147E-6
-116.173663	1.509984E-6
-116.153034	3.019969E-6
-116.132405	5.324682E-6
-116.111777	7.073085E-6
-116.091148	7.867813E-6
-116.070519	9.377797E-6
-116.049890	9.934107E-6
-116.029261	9.695689E-6
-116.008632	9.616216E-6
-115.988004	8.583069E-6
-115.967375	7.867813E-6
-115.946746	6.755193E-6
-115.926117	5.801519E-6
-115.905488	6.039937E-6
-115.884860	5.642573E-6
-115.864231	4.450480E-6
-115.843602	3.337860E-6
-115.822973	2.861023E-6
-115.802344	2.781550E-6
-115.781715	3.258387E-6
-115.761087	3.019969E-6
-115.740458	2.384186E-6
-115.719829	2.384186E-6
-115.699200	2.066294E-6
-115.678571	1.827876E-6
-115.657943	1.112620E-6
-115.637314	1.351039E-6
-115.616685	1.033147E-6
-115.596056	1.033147E-6
-115.575427	3.178914E-7
-115.554798	8.742015E-7
-115.534170	1.589457E-7
-115.513541	-3.973643E-7
-115.492912	3.973643E-7
-115.472283	1.351039E-6
-115.451654	1.033147E-6
-115.431025	1.589457E-7
-115.410397	3.973643E-7
-115.389768	-7.947286E-8
-115.369139	-9.536743E-7
-115.348510	-1.668930E-6
-115.327881	-2.702077E-6
-115.307253	-3.973643E-6
-115.286624	-4.371007E-6
-115.265995	-5.165736E-6
-115.245366	-7.708867E-6
-115.224737	-8.662542E-6
-115.204108	-9.695689E-6
-115.183480	-1.096725E-5
-115.162851	-1.088778E-5
-115.142222	-1.112620E-5
-115.121593	-1.144409E-5
-115.100964	-1.033147E-5
-115.080336	-8.900960E-6
-115.059707	-7.629395E-6
-115.039078	-6.834666E-6
-115.018449	-5.086263E-6
-114.997820	-2.781550E-6
-114.977191	-1.112620E-6
-114.956563	5.563100E-7
-114.935934	1.907349E-6
-114.915305	1.827876E-6
-114.894676	2.702077E-6
-114.874047	3.258387E-6
-114.853418	3.655752E-6
-114.832790	3.655752E-6
-114.812161	3.814697E-6
-114.791532	3.178914E-6
-114.770903	1.907349E-6
-114.750274	6.357829E-7
-114.729646	-5.563100E-7
-114.709017	-1.271566E-6
-114.688388	-2.622604E-6
-114.667759	-2.940496E-6
-114.647130	-3.576279E-6
-114.626501	-4.609426E-6
-114.605873	-5.245209E-6
-114.585244	-6.119410E-6
-114.564615	-5.483627E-6
-114.543986	-5.563100E-6
-114.523357	-5.563100E-6
-114.502729	-4.847844E-6
-114.482100	-5.404154E-6
-114.461471	-5.324682E-6
-114.440842	-5.483627E-6
-114.420213	-5.404154E-6
-114.399584	-5.245209E-6
-114.378956	-5.483627E-6
-114.358327	-4.371007E-6
-114.337698	-3.655752E-6
-114.317069	-2.861023E-6
-114.296440	-1.827876E-6
-114.275811	-1.192093E-6
-114.255183	-6.357829E-7
-114.234554	0.000000
-114.213925	1.271566E-6
-114.193296	2.304713E-6
-114.172667	3.099442E-6
-114.152039	3.894170E-6
-114.131410	4.212062E-6
-114.110781	5.404154E-6
-114.090152	5.324682E-6
-114.069523	5.801519E-6
-114.048894	6.437302E-6
-114.028266	7.073085E-6
-114.007637	7.152557E-6
-113.987008	6.596247E-6
-113.966379	6.914139E-6
-113.945750	8.026759E-6
-113.925122	7.708867E-6
-113.904493	6.834666E-6
-113.883864	6.437302E-6
-113.863235	6.993612E-6
-113.842606	6.596247E-6
-113.821977	6.119410E-6
-113.801349	4.609426E-6
-113.780720	3.576279E-6
-113.760091	2.861023E-6
-113.739462	1.748403E-6
-113.718833	1.509984E-6
-113.698204	5.563100E-7
-113.677576	-3.178914E-7
-113.656947	-1.430511E-6
-113.636318	-2.702077E-6
-113.615689	-3.337860E-6
-113.595060	-3.735224E-6
-113.574432	-4.053116E-6
-113.553803	-5.642573E-6
-113.533174	-6.993612E-6
-113.512545	-6.914139E-6
-113.491916	-7.788340E-6
-113.471287	-8.344650E-6
-113.450659	-7.470449E-6
-113.430030	-8.106232E-6
-113.409401	-8.026759E-6
-113.388772	-8.662542E-6
-113.368143	-8.185705E-6
-113.347515	-8.265177E-6
-113.326886	-6.278356E-6
-113.306257	-4.768372E-6
-113.285628	-3.496806E-6
-113.264999	-9.536743E-7
-113.244370	0.000000
-113.223742	6.357829E-7
-113.203113	3.735224E-6
-113.182484	5.245209E-6
-113.161855	7.232030E-6
-113.141226	9.218852E-6
-113.120597	1.064936E-5
-113.099969	1.207987E-5
-113.079340	1.176198E-5
-113.058711	1.033147E-5
-113.038082	9.139379E-6
-113.017453	7.947286E-6
-112.996825	6.039937E-6
-112.976196	4.291534E-6
-112.955567	2.384186E-6
-112.934938	1.589457E-7
-112.914309	-1.668930E-6
-112.893680	-2.861023E-6
-112.873052	-3.894170E-6
-112.852423	-5.880992E-6
-112.831794	-6.596247E-6
-112.811165	-7.549922E-6
-112.790536	-8.583069E-6
-112.769908	-8.821487E-6
-112.749279	-7.708867E-6
-112.728650	-7.708867E-6
-112.708021	-6.119410E-6
-112.687392	-4.371007E-6
-112.666763	-3.417333E-6
-112.646135	-3.019969E-6
-112.625506	-2.304713E-6
-112.604877	-1.192093E-6
-112.584248	-4.768372E-7
-112.563619	-1.589457E-7
-112.542990	7.947286E-8
-112.522362	3.973643E-7
-112.501733	7.152557E-7
-112.481104	1.430511E-6
-112.460475	1.668930E-6
-112.439846	1.112620E-6
-112.419218	-3.178914E-7
-112.398589	-1.668930E-6
-112.377960	-2.622604E-6
-112.357331	-3.496806E-6
-112.336702	-5.006790E-6
-112.316073	-6.198883E-6
-112.295445	-7.708867E-6
-112.274816	-9.854635E-6
-112.254187	-1.184146E-5
-112.233558	-1.263618E-5
-112.212929	-1.335144E-5
-112.192301	-1.335144E-5
-112.171672	-1.279513E-5
-112.151043	-1.152356E-5
-112.130414	-1.009305E-5
-112.109785	-7.708867E-6
-112.089156	-4.529953E-6
-112.068528	-1.827876E-6
-112.047899	2.145767E-6
-112.027270	6.437302E-6
-112.006641	9.854635E-6
-111.986012	1.335144E-5
-111.965383	1.462301E-5
-111.944755	1.621246E-5
-111.924126	1.716614E-5
-111.903497	1.811981E-5
-111.882868	1.788139E-5
-111.862239	1.764297E-5
-111.841611	1.724561E-5
-111.820982	1.517932E-5
-111.800353	1.239777E-5
-111.779724	1.112620E-5
-111.759095	1.064936E-5
-111.738466	9.218852E-6
-111.717838	7.549922E-6
-111.697209	5.483627E-6
-111.676580	4.847844E-6
-111.655951	3.258387E-6
-111.635322	9.536743E-7
-111.614694	-7.152557E-7
-111.594065	-1.271566E-6
-111.573436	-2.622604E-6
-111.552807	-3.735224E-6
-111.532178	-3.099442E-6
-111.511549	-3.576279E-6
-111.490921	-4.212062E-6
-111.470292	-3.178914E-6
-111.449663	-3.178914E-6
-111.429034	-2.066294E-6
-111.408405	-7.152557E-7
-111.387776	1.430511E-6
-111.367148	3.814697E-6
-111.346519	6.278356E-6
-111.325890	9.775162E-6
-111.305261	1.327197E-5
-111.284632	1.637141E-5
-111.264004	1.843770E-5
-111.243375	1.907349E-5
-111.222746	2.026558E-5
-111.202117	2.177556E-5
-111.181488	2.233187E-5
-111.160859	2.241135E-5
-111.140231	2.090136E-5
-111.119602	1.891454E-5
-111.098973	1.668930E-5
-111.078344	1.462301E-5
-111.057715	1.327197E-5
-111.037087	1.263618E-5
-111.016458	1.001358E-5
-110.995829	8.583069E-6
-110.975200	6.278356E-6
-110.954571	5.324682E-6
-110.933942	4.132589E-6
-110.913314	4.212062E-6
-110.892685	4.371007E-6
-110.872056	5.722046E-6
-110.851427	8.026759E-6
-110.830798	1.025200E-5
-110.810170	1.184146E-5
-110.789541	1.303355E-5
-110.768912	1.549721E-5
-110.748283	1.780192E-5
-110.727654	2.010663E-5
-110.707025	2.241135E-5
-110.686397	2.376239E-5
-110.665768	2.463659E-5
-110.645139	2.519290E-5
-110.624510	2.598763E-5
-110.603881	2.463659E-5
-110.583252	2.304713E-5
-110.562624	2.312660E-5
-110.541995	2.066294E-5
-110.521366	1.700719E-5
-110.500737	1.414617E-5
-110.480108	1.064936E-5
-110.459480	8.185705E-6
-110.438851	5.801519E-6
-110.418222	3.178914E-6
-110.397593	8.742015E-7
-110.376964	-8.742015E-7
-110.356335	-1.589457E-6
-110.335707	-2.225240E-6
-110.315078	-1.907349E-6
-110.294449	-7.152557E-7
-110.273820	3.973643E-7
-110.253191	2.225240E-6
-110.232563	4.688899E-6
-110.211934	7.390976E-6
-110.191305	1.009305E-5
-110.170676	1.231829E-5
-110.150047	1.319249E-5
-110.129418	1.382828E-5
-110.108790	1.398722E-5
-110.088161	1.287460E-5
-110.067532	1.160304E-5
-110.046903	9.775162E-6
-110.026274	6.039937E-6
-110.005645	2.066294E-6
-109.985017	-1.271566E-6
-109.964388	-5.086263E-6
-109.943759	-8.583069E-6
-109.923130	-1.160304E-5
-109.902501	-1.557668E-5
-109.881873	-1.883507E-5
-109.861244	-2.177556E-5
-109.840615	-2.431870E-5
-109.819986	-2.630552E-5
-109.799357	-2.757708E-5
-109.778728	-2.892812E-5
-109.758100	-2.789497E-5
-109.737471	-2.781550E-5
-109.716842	-2.717972E-5
-109.696213	-2.535184E-5
-109.675584	-2.400080E-5
-109.654956	-2.352397E-5
-109.634327	-2.153714E-5
-109.613698	-1.970927E-5
-109.593069	-1.843770E-5
-109.572440	-1.748403E-5
-109.551811	-1.613299E-5
-109.531183	-1.549721E-5
-109.510554	-1.502037E-5
-109.489925	-1.478195E-5
-109.469296	-1.533826E-5
-109.448667	-1.573563E-5
-109.428038	-1.668930E-5
-109.407410	-1.827876E-5
-109.386781	-1.923243E-5
-109.366152	-2.074242E-5
-109.345523	-2.225240E-5
-109.324894	-2.352397E-5
-109.304266	-2.439817E-5
-109.283637	-2.471606E-5
-109.263008	-2.535184E-5
-109.242379	-2.582868E-5
-109.221750	-2.574921E-5
-109.201121	-2.590815E-5
-109.180493	-2.527237E-5
-109.159864	-2.360344E-5
-109.139235	-2.264977E-5
-109.118606	-2.113978E-5
-109.097977	-1.819928E-5
-109.077349	-1.549721E-5
-109.056720	-1.303355E-5
-109.036091	-1.088778E-5
-109.015462	-7.867813E-6
-108.994833	-5.563100E-6
-108.974204	-3.099442E-6
-108.953576	-5.563100E-7
-108.932947	9.536743E-7
-108.912318	1.192093E-6
-108.891689	4.768372E-7
-108.871060	-1.907349E-6
-108.850431	-4.768372E-6
-108.829803	-7.629395E-6
-108.809174	-1.096725E-5
-108.788545	-1.525879E-5
-108.767916	-1.955032E-5
-108.747287	-2.304713E-5
-108.726659	-2.630552E-5
-108.706030	-2.876918E-5
-108.685401	-2.964338E-5
-108.664772	-3.035863E-5
-108.644143	-3.012021E-5
-108.623514	-2.876918E-5
-108.602886	-2.725919E-5
-108.582257	-2.495448E-5
-108.561628	-2.058347E-5
-108.540999	-1.509984E-5
-108.520370	-9.377797E-6
-108.499742	-2.940496E-6
-108.479113	2.622604E-6
-108.458484	9.457270E-6
-108.437855	1.700719E-5
-108.417226	2.392133E-5
-108.396597	2.972285E-5
-108.375969	3.488859E-5
-108.355340	3.878276E-5
-108.334711	4.172325E-5
-108.314082	4.394849E-5
-108.293453	4.585584E-5
-108.272824	4.633268E-5
-108.252196	4.537900E-5
-108.231567	4.386902E-5
-108.210938	4.140536E-5
-108.190309	3.798803E-5
-108.169680	3.449122E-5
-108.149052	2.964338E-5
-108.128423	2.439817E-5
-108.107794	2.058347E-5
-108.087165	1.589457E-5
-108.066536	1.160304E-5
-108.045907	8.185705E-6
-108.025279	4.291534E-6
-108.004650	3.973643E-7
-107.984021	-8.742015E-7
-107.963392	-1.351039E-6
-107.942763	-7.947286E-7
-107.922135	1.112620E-6
-107.901506	4.529953E-6
-107.880877	7.232030E-6
-107.860248	9.934107E-6
-107.839619	1.358986E-5
-107.818990	1.716614E-5
-107.798362	2.137820E-5
-107.777733	2.535184E-5
-107.757104	2.948443E-5
-107.736475	3.274282E-5
-107.715846	3.655752E-5
-107.695217	3.981590E-5
-107.674589	4.156431E-5
-107.653960	4.291534E-5
-107.633331	4.458427E-5
-107.612702	4.498164E-5
-107.592073	4.569689E-5
-107.571445	4.569689E-5
-107.550816	4.641215E-5
-107.530187	4.593531E-5
-107.509558	4.474322E-5
-107.488929	4.402796E-5
-107.468300	4.299482E-5
-107.447672	4.259745E-5
-107.427043	4.212062E-5
-107.406414	4.132589E-5
-107.385785	4.204114E-5
-107.365156	4.259745E-5
-107.344528	4.371007E-5
-107.323899	4.402796E-5
-107.303270	4.490217E-5
-107.282641	4.696846E-5
-107.262012	4.935265E-5
-107.241383	5.110105E-5
-107.220755	5.284945E-5
-107.200126	5.547206E-5
-107.179497	5.801519E-5
-107.158868	6.127357E-5
-107.138239	6.326040E-5
-107.117610	6.461143E-5
-107.096982	6.556511E-5
-107.076353	6.580353E-5
-107.055724	6.604195E-5
-107.035095	6.604195E-5
-107.014466	6.373723E-5
-106.993838	6.087621E-5
-106.973209	5.888939E-5
-106.952580	5.634626E-5
-106.931951	5.404154E-5
-106.911322	5.062421E-5
-106.890693	4.768372E-5
-106.870065	4.482269E-5
-106.849436	4.235903E-5
-106.828807	3.941854E-5
-106.808178	3.774961E-5
-106.787549	3.830592E-5
-106.766921	3.933907E-5
-106.746292	4.037221E-5
-106.725663	4.267693E-5
-106.705034	4.458427E-5
-106.684405	4.641215E-5
-106.663776	4.776319E-5
-106.643148	4.935265E-5
-106.622519	5.094210E-5
-106.601890	5.237261E-5
-106.581261	5.284945E-5
-106.560632	5.276998E-5
-106.540003	5.062421E-5
-106.519375	4.649162E-5
-106.498746	4.212062E-5
-106.478117	3.465017E-5
-106.457488	2.622604E-5
-106.436859	1.827876E-5
-106.416231	8.662542E-6
-106.395602	-1.827876E-6
-106.374973	-1.271566E-5
-106.354344	-2.257029E-5
-106.333715	-3.250440E-5
-106.313086	-4.164378E-5
-106.292458	-5.149841E-5
-106.271829	-6.024043E-5
-106.251200	-6.858508E-5
-106.230571	-7.748604E-5
-106.209942	-8.583069E-5
-106.189314	-9.131432E-5
-106.168685	-9.417534E-5
-106.148056	-9.568532E-5
-106.127427	-9.870529E-5
-106.106798	-0.000101
-106.086169	-0.000104
-106.065541	-0.000107
-106.044912	-0.000112
-106.024283	-0.000116
-106.003654	-0.000121
-105.983025	-0.000125
-105.962396	-0.000128
-105.941768	-0.000130
-105.921139	-0.000133
-105.900510	-0.000136
-105.879881	-0.000137
-105.859252	-0.000139
-105.838624	-0.000139
-105.817995	-0.000138
-105.797366	-0.000137
-105.776737	-0.000135
-105.756108	-0.000133
-105.735479	-0.000130
-105.714851	-0.000129
-105.694222	-0.000129
-105.673593	-0.000128
-105.652964	-0.000128
-105.632335	-0.000127
-105.611707	-0.000127
-105.591078	-0.000128
-105.570449	-0.000130
-105.549820	-0.000133
-105.529191	-0.000138
-105.508562	-0.000143
-105.487934	-0.000149
-105.467305	-0.000157
-105.446676	-0.000166
-105.426047	-0.000177
-105.405418	-0.000187
-105.384789	-0.000198
-105.364161	-0.000209
-105.343532	-0.000218
-105.322903	-0.000224
-105.302274	-0.000224
-105.281645	-0.000220
-105.261017	-0.000211
-105.240388	-0.000198
-105.219759	-0.000181
-105.199130	-0.000162
-105.178501	-0.000146
-105.157872	-0.000133
-105.137244	-0.000130
-105.116615	-0.000140
-105.095986	-0.000162
-105.075357	-0.000208
-105.054728	-0.000274
-105.034100	-0.000365
-105.013471	-0.000477
-104.992842	-0.000606
-104.972213	-0.000760
-104.951584	-0.000931
-104.930955	-0.001114
-104.910327	-0.001304
-104.889698	-0.001485
-104.869069	-0.001645
-104.848440	-0.001778
-104.827811	-0.001885
-104.807182	-0.001941
-104.786554	-0.001946
-104.765925	-0.001907
-104.745296	-0.001826
-104.724667	-0.001692
-104.704038	-0.001499
-104.683410	-0.001243
-104.662781	-0.000937
-104.642152	-0.000598
-104.621523	-0.000208
-104.600894	0.000201
-104.580265	0.000597
-104.559637	0.000984
-104.539008	0.001344
-104.518379	0.001673
-104.497750	0.001975
-104.477121	0.002238
-104.456493	0.002458
-104.435864	0.002632
-104.415235	0.002748
-104.394606	0.002808
-104.373977	0.002806
-104.353348	0.002777
-104.332720	0.002692
-104.312091	0.002553
-104.291462	0.002386
-104.270833	0.002209
-104.250204	0.002019
-104.229576	0.001809
-104.208947	0.001585
-104.188318	0.001383
-104.167689	0.001182
-104.147060	0.000987
-104.126431	0.000801
-104.105803	0.000621
-104.085174	0.000456
-104.064545	0.000305
-104.043916	0.000168
-104.023287	5.141894E-5
-104.002658	-5.173683E-5
-103.982030	-0.000141
-103.961401	-0.000215
-103.940772	-0.000283
-103.920143	-0.000339
-103.899514	-0.000382
-103.878886	-0.000413
-103.858257	-0.000437
-103.837628	-0.000455
-103.816999	-0.000467
-103.796370	-0.000476
-103.775741	-0.000477
-103.755113	-0.000474
-103.734484	-0.000468
-103.713855	-0.000459
-103.693226	-0.000448
-103.672597	-0.000434
-103.651969	-0.000419
-103.631340	-0.000408
-103.610711	-0.000398
-103.590082	-0.000382
-103.569453	-0.000362
-103.548824	-0.000340
-103.528196	-0.000322
-103.507567	-0.000307
-103.486938	-0.000293
-103.466309	-0.000280
-103.445680	-0.000265
-103.425051	-0.000251
-103.404423	-0.000238
-103.383794	-0.000225
-103.363165	-0.000214
-103.342536	-0.000204
-103.321907	-0.000194
-103.301279	-0.000183
-103.280650	-0.000174
-103.260021	-0.000166
-103.239392	-0.000159
-103.218763	-0.000150
-103.198134	-0.000144
-103.177506	-0.000138
-103.156877	-0.000130
-103.136248	-0.000124
-103.115619	-0.000119
-103.094990	-0.000114
-103.074362	-0.000109
-103.053733	-0.000103
-103.033104	-9.910266E-5
-103.012475	-9.552638E-5
-102.991846	-9.282430E-5
-102.971217	-9.012222E-5
-102.950589	-8.710225E-5
-102.929960	-8.352598E-5
-102.909331	-7.955233E-5
-102.888702	-7.637342E-5
-102.868073	-7.390976E-5
-102.847444	-7.104874E-5
-102.826816	-6.802877E-5
-102.806187	-6.564458E-5
-102.785558	-6.326040E-5
-102.764929	-6.135305E-5
-102.744300	-5.857150E-5
-102.723672	-5.602837E-5
-102.703043	-5.443891E-5
-102.682414	-5.300840E-5
-102.661785	-5.165736E-5
-102.641156	-5.014737E-5
-102.620527	-4.895528E-5
-102.599899	-4.680951E-5
-102.579270	-4.402796E-5
-102.558641	-4.267693E-5
-102.538012	-4.140536E-5
-102.517383	-4.029274E-5
-102.496755	-3.870328E-5
-102.476126	-3.767014E-5
-102.455497	-3.592173E-5
-102.434868	-3.504753E-5
-102.414239	-3.306071E-5
-102.393610	-3.290176E-5
-102.372982	-3.234545E-5
-102.352353	-3.035863E-5
-102.331724	-2.940496E-5
-102.311095	-2.837181E-5
-102.290466	-2.694130E-5
-102.269837	-2.606710E-5
-102.249209	-2.487501E-5
-102.228580	-2.336502E-5
-102.207951	-2.257029E-5
-102.187322	-2.209345E-5
-102.166693	-2.233187E-5
-102.146065	-2.034505E-5
-102.125436	-1.867612E-5
-102.104807	-1.764297E-5
-102.084178	-1.653035E-5
-102.063549	-1.509984E-5
-102.042920	-1.398722E-5
-102.022292	-1.454353E-5
-102.001663	-1.422564E-5
-101.981034	-1.311302E-5
-101.960405	-1.168251E-5
-101.939776	-1.223882E-5
-101.919148	-1.136462E-5
-101.898519	-1.080831E-5
-101.877890	-9.536743E-6
-101.857261	-9.059906E-6
-101.836632	-8.821487E-6
-101.816003	-7.708867E-6
-101.795375	-7.232030E-6
-101.774746	-7.152557E-6
-101.754117	-7.073085E-6
-101.733488	-6.278356E-6
-101.712859	-6.198883E-6
-101.692230	-5.801519E-6
-101.671602	-4.768372E-6
-101.650973	-4.371007E-6
-101.630344	-4.609426E-6
-101.609715	-4.053116E-6
-101.589086	-2.861023E-6
-101.568458	-2.702077E-6
-101.547829	-2.622604E-6
-101.527200	-2.622604E-6
-101.506571	-1.827876E-6
-101.485942	-1.033147E-6
-101.465313	-1.192093E-6
-101.444685	-9.536743E-7
-101.424056	-4.768372E-7
-101.403427	-1.033147E-6
-101.382798	-2.384186E-7
-101.362169	1.589457E-7
-101.341541	3.178914E-7
-101.320912	7.152557E-7
-101.300283	3.178914E-7
-101.279654	3.973643E-7
-101.259025	1.112620E-6
-101.238396	2.384186E-6
-101.217768	1.748403E-6
-101.197139	1.271566E-6
-101.176510	1.112620E-6
-101.155881	1.192093E-6
-101.135252	3.973643E-7
-101.114623	8.742015E-7
-101.093995	8.742015E-7
-101.073366	7.947286E-7
-101.052737	1.430511E-6
-101.032108	1.430511E-6
-101.011479	1.033147E-6
-100.990851	1.907349E-6
-100.970222	1.509984E-6
-100.949593	8.742015E-7
-100.928964	1.192093E-6
-100.908335	2.304713E-6
-100.887706	1.668930E-6
-100.867078	1.827876E-6
-100.846449	1.351039E-6
-100.825820	1.271566E-6
-100.805191	1.907349E-6
-100.784562	2.861023E-6
-100.763934	2.861023E-6
-100.743305	2.622604E-6
-100.722676	2.145767E-6
-100.702047	1.430511E-6
-100.681418	9.536743E-7
-100.660789	1.668930E-6
-100.640161	1.986821E-6
-100.619532	2.145767E-6
-100.598903	2.225240E-6
-100.578274	2.384186E-6
-100.557645	2.304713E-6
-100.537016	2.145767E-6
-100.516388	1.827876E-6
-100.495759	1.589457E-6
-100.475130	2.066294E-6
-100.454501	1.827876E-6
-100.433872	1.986821E-6
-100.413244	1.748403E-6
-100.392615	1.668930E-6
-100.371986	1.827876E-6
-100.351357	1.271566E-6
-100.330728	7.152557E-7
-100.310099	1.112620E-6
-100.289471	1.192093E-6
-100.268842	1.509984E-6
-100.248213	7.152557E-7
-100.227584	7.947286E-7
-100.206955	1.430511E-6
-100.186327	1.986821E-6
-100.165698	2.304713E-6
-100.145069	1.986821E-6
-100.124440	1.668930E-6
-100.103811	1.033147E-6
-100.083182	1.351039E-6
-100.062554	8.742015E-7
-100.041925	1.033147E-6
-100.021296	1.351039E-6
