-142.000947	5.960464E-6
-141.980319	5.563100E-6
-141.959690	5.483627E-6
-141.939061	4.291534E-6
-141.918432	4.053116E-6
-141.897803	3.417333E-6
-141.877174	1.748403E-6
-141.856546	0.000000
-141.835917	-1.192093E-6
-141.815288	-2.622604E-6
-141.794659	-3.019969E-6
-141.774030	-3.655752E-6
-141.753401	-4.450480E-6
-141.732773	-4.927317E-6
-141.712144	-5.324682E-6
-141.691515	-6.357829E-6
-141.670886	-5.722046E-6
-141.650257	-5.086263E-6
-141.629629	-5.563100E-6
-141.609000	-6.039937E-6
-141.588371	-6.119410E-6
-141.567742	-6.039937E-6
-141.547113	-4.688899E-6
-141.526484	-4.371007E-6
-141.505856	-3.735224E-6
-141.485227	-4.529953E-6
-141.464598	-4.768372E-6
-141.443969	-3.814697E-6
-141.423340	-3.337860E-6
-141.402712	-3.417333E-6
-141.382083	-3.735224E-6
-141.361454	-3.337860E-6
-141.340825	-3.894170E-6
-141.320196	-4.371007E-6
-141.299567	-3.655752E-6
-141.278939	-3.973643E-6
-141.258310	-4.291534E-6
-141.237681	-4.688899E-6
-141.217052	-5.245209E-6
-141.196423	-5.642573E-6
-141.175794	-5.642573E-6
-141.155166	-4.927317E-6
-141.134537	-5.880992E-6
-141.113908	-6.675720E-6
-141.093279	-6.993612E-6
-141.072650	-7.390976E-6
-141.052022	-7.152557E-6
-141.031393	-6.755193E-6
-141.010764	-6.278356E-6
-140.990135	-6.516774E-6
-140.969506	-5.483627E-6
-140.948877	-4.132589E-6
-140.928249	-4.609426E-6
-140.907620	-3.655752E-6
-140.886991	-2.622604E-6
-140.866362	-1.192093E-6
-140.845733	-5.563100E-7
-140.825105	-6.357829E-7
-140.804476	-3.178914E-7
-140.783847	1.589457E-7
-140.763218	-2.384186E-7
-140.742589	-1.907349E-6
-140.721960	-2.702077E-6
-140.701332	-3.099442E-6
-140.680703	-4.927317E-6
-140.660074	-6.993612E-6
-140.639445	-9.139379E-6
-140.618816	-1.056989E-5
-140.598187	-1.168251E-5
-140.577559	-1.295408E-5
-140.556930	-1.414617E-5
-140.536301	-1.470248E-5
-140.515672	-1.525879E-5
-140.495043	-1.525879E-5
-140.474415	-1.470248E-5
-140.453786	-1.351039E-5
-140.433157	-1.239777E-5
-140.412528	-1.120567E-5
-140.391899	-9.377797E-6
-140.371270	-7.788340E-6
-140.350642	-6.119410E-6
-140.330013	-4.847844E-6
-140.309384	-3.814697E-6
-140.288755	-1.827876E-6
-140.268126	2.384186E-7
-140.247498	1.907349E-6
-140.226869	2.861023E-6
-140.206240	3.496806E-6
-140.185611	3.496806E-6
-140.164982	3.258387E-6
-140.144353	3.337860E-6
-140.123725	2.861023E-6
-140.103096	2.622604E-6
-140.082467	1.430511E-6
-140.061838	4.768372E-7
-140.041209	-5.563100E-7
-140.020580	-1.668930E-6
-139.999952	-2.384186E-6
-139.979323	-4.291534E-6
-139.958694	-5.404154E-6
-139.938065	-6.675720E-6
-139.917436	-7.867813E-6
-139.896808	-8.344650E-6
-139.876179	-7.947286E-6
-139.855550	-7.947286E-6
-139.834921	-8.106232E-6
-139.814292	-7.629395E-6
-139.793663	-6.039937E-6
-139.773035	-5.245209E-6
-139.752406	-3.973643E-6
-139.731777	-2.066294E-6
-139.711148	-1.192093E-6
-139.690519	-4.768372E-7
-139.669891	7.152557E-7
-139.649262	2.781550E-6
-139.628633	4.688899E-6
-139.608004	6.278356E-6
-139.587375	7.708867E-6
-139.566746	8.026759E-6
-139.546118	7.788340E-6
-139.525489	7.629395E-6
-139.504860	8.424123E-6
-139.484231	8.583069E-6
-139.463602	8.662542E-6
-139.442973	8.662542E-6
-139.422345	8.185705E-6
-139.401716	7.947286E-6
-139.381087	6.834666E-6
-139.360458	6.357829E-6
-139.339829	5.563100E-6
-139.319201	4.927317E-6
-139.298572	3.973643E-6
-139.277943	3.337860E-6
-139.257314	3.496806E-6
-139.236685	2.622604E-6
-139.216056	1.748403E-6
-139.195428	2.225240E-6
-139.174799	3.019969E-6
-139.154170	3.019969E-6
-139.133541	2.861023E-6
-139.112912	3.417333E-6
-139.092284	3.894170E-6
-139.071655	3.894170E-6
-139.051026	4.371007E-6
-139.030397	4.927317E-6
-139.009768	5.483627E-6
-138.989139	5.880992E-6
-138.968511	5.086263E-6
-138.947882	5.245209E-6
-138.927253	4.371007E-6
-138.906624	2.463659E-6
-138.885995	1.351039E-6
-138.865366	3.973643E-7
-138.844738	-7.947286E-7
-138.824109	-2.384186E-6
-138.803480	-3.973643E-6
-138.782851	-5.165736E-6
-138.762222	-5.483627E-6
-138.741594	-5.483627E-6
-138.720965	-5.960464E-6
-138.700336	-5.006790E-6
-138.679707	-5.086263E-6
-138.659078	-4.212062E-6
-138.638449	-2.543132E-6
-138.617821	-3.973643E-7
-138.597192	1.509984E-6
-138.576563	1.748403E-6
-138.555934	2.940496E-6
-138.535305	5.642573E-6
-138.514677	7.232030E-6
-138.494048	8.821487E-6
-138.473419	9.934107E-6
-138.452790	9.695689E-6
-138.432161	1.033147E-5
-138.411532	1.049042E-5
-138.390904	9.854635E-6
-138.370275	9.298325E-6
-138.349646	8.265177E-6
-138.329017	6.993612E-6
-138.308388	6.039937E-6
-138.287759	5.722046E-6
-138.267131	4.768372E-6
-138.246502	3.258387E-6
-138.225873	1.430511E-6
-138.205244	4.768372E-7
-138.184615	-7.947286E-8
-138.163987	0.000000
-138.143358	9.536743E-7
-138.122729	1.668930E-6
-138.102100	1.668930E-6
-138.081471	2.463659E-6
-138.060842	2.781550E-6
-138.040214	2.463659E-6
-138.019585	3.019969E-6
-137.998956	3.178914E-6
-137.978327	3.417333E-6
-137.957698	2.304713E-6
-137.937070	1.430511E-6
-137.916441	1.271566E-6
-137.895812	1.033147E-6
-137.875183	7.947286E-7
-137.854554	5.563100E-7
-137.833925	-9.536743E-7
-137.813297	-1.668930E-6
-137.792668	-2.543132E-6
-137.772039	-2.702077E-6
-137.751410	-3.496806E-6
-137.730781	-3.258387E-6
-137.710152	-3.019969E-6
-137.689524	-2.622604E-6
-137.668895	-2.781550E-6
-137.648266	-1.907349E-6
-137.627637	-1.668930E-6
-137.607008	-1.033147E-6
-137.586380	7.947286E-8
-137.565751	7.152557E-7
-137.545122	1.668930E-6
-137.524493	2.066294E-6
-137.503864	1.827876E-6
-137.483235	2.304713E-6
-137.462607	2.622604E-6
-137.441978	2.702077E-6
-137.421349	3.019969E-6
-137.400720	2.622604E-6
-137.380091	1.668930E-6
-137.359463	2.225240E-6
-137.338834	2.066294E-6
-137.318205	1.589457E-6
-137.297576	7.947286E-7
-137.276947	-6.357829E-7
-137.256318	-1.907349E-6
-137.235690	-2.463659E-6
-137.215061	-3.337860E-6
-137.194432	-4.371007E-6
-137.173803	-4.609426E-6
-137.153174	-5.722046E-6
-137.132545	-6.357829E-6
-137.111917	-6.834666E-6
-137.091288	-8.026759E-6
-137.070659	-8.185705E-6
-137.050030	-9.536743E-6
-137.029401	-9.934107E-6
-137.008773	-1.033147E-5
-136.988144	-1.096725E-5
-136.967515	-1.072884E-5
-136.946886	-1.112620E-5
-136.926257	-1.009305E-5
-136.905628	-9.298325E-6
-136.885000	-9.298325E-6
-136.864371	-8.265177E-6
-136.843742	-7.232030E-6
-136.823113	-6.278356E-6
-136.802484	-5.006790E-6
-136.781856	-3.417333E-6
-136.761227	-2.225240E-6
-136.740598	-1.112620E-6
-136.719969	5.563100E-7
-136.699340	2.145767E-6
-136.678711	3.655752E-6
-136.658083	5.880992E-6
-136.637454	7.311503E-6
-136.616825	8.742015E-6
-136.596196	8.900960E-6
-136.575567	8.742015E-6
-136.554939	8.900960E-6
-136.534310	7.867813E-6
-136.513681	6.039937E-6
-136.493052	4.529953E-6
-136.472423	2.861023E-6
-136.451794	1.033147E-6
-136.431166	-9.536743E-7
-136.410537	-3.735224E-6
-136.389908	-5.960464E-6
-136.369279	-7.629395E-6
-136.348650	-9.536743E-6
-136.328021	-1.120567E-5
-136.307393	-1.374880E-5
-136.286764	-1.605352E-5
-136.266135	-1.581510E-5
-136.245506	-1.581510E-5
-136.224877	-1.541773E-5
-136.204249	-1.438459E-5
-136.183620	-1.335144E-5
-136.162991	-1.168251E-5
-136.142362	-1.017253E-5
-136.121733	-8.503596E-6
-136.101104	-7.867813E-6
-136.080476	-5.801519E-6
-136.059847	-4.529953E-6
-136.039218	-3.576279E-6
-136.018589	-2.304713E-6
-135.997960	-9.536743E-7
-135.977332	7.947286E-8
-135.956703	9.536743E-7
-135.936074	1.430511E-6
-135.915445	2.543132E-6
-135.894816	2.940496E-6
-135.874187	3.655752E-6
-135.853559	4.053116E-6
-135.832930	4.529953E-6
-135.812301	5.483627E-6
-135.791672	5.165736E-6
-135.771043	4.529953E-6
-135.750414	4.212062E-6
-135.729786	4.688899E-6
-135.709157	3.655752E-6
-135.688528	3.337860E-6
-135.667899	2.463659E-6
-135.647270	1.986821E-6
-135.626642	1.509984E-6
-135.606013	2.384186E-7
-135.585384	-1.033147E-6
-135.564755	-1.192093E-6
-135.544126	-1.430511E-6
-135.523497	-2.066294E-6
-135.502869	-3.417333E-6
-135.482240	-3.337860E-6
-135.461611	-2.861023E-6
-135.440982	-3.178914E-6
-135.420353	-3.496806E-6
-135.399725	-4.053116E-6
-135.379096	-2.622604E-6
-135.358467	-1.748403E-6
-135.337838	-7.947286E-7
-135.317209	-6.357829E-7
-135.296580	-7.152557E-7
-135.275952	5.563100E-7
-135.255323	7.947286E-7
-135.234694	3.973643E-7
-135.214065	1.033147E-6
-135.193436	7.152557E-7
-135.172807	-3.973643E-7
-135.152179	-2.384186E-7
-135.131550	-8.742015E-7
-135.110921	-7.947286E-7
-135.090292	-2.066294E-6
-135.069663	-2.145767E-6
-135.049035	-2.622604E-6
-135.028406	-3.178914E-6
-135.007777	-3.655752E-6
-134.987148	-2.702077E-6
-134.966519	-1.430511E-6
-134.945890	-4.768372E-7
-134.925262	-7.152557E-7
-134.904633	-3.973643E-7
-134.884004	7.947286E-7
-134.863375	1.827876E-6
-134.842746	2.304713E-6
-134.822118	3.258387E-6
-134.801489	3.099442E-6
-134.780860	2.702077E-6
-134.760231	2.622604E-6
-134.739602	3.019969E-6
-134.718973	2.781550E-6
-134.698345	1.827876E-6
-134.677716	3.973643E-7
-134.657087	-1.351039E-6
-134.636458	-2.781550E-6
-134.615829	-2.861023E-6
-134.595200	-4.609426E-6
-134.574572	-6.437302E-6
-134.553943	-7.470449E-6
-134.533314	-8.742015E-6
-134.512685	-1.064936E-5
-134.492056	-1.096725E-5
-134.471428	-1.041094E-5
-134.450799	-1.080831E-5
-134.430170	-1.025200E-5
-134.409541	-9.536743E-6
-134.388912	-9.059906E-6
-134.368283	-8.344650E-6
-134.347655	-7.470449E-6
-134.327026	-7.708867E-6
-134.306397	-6.755193E-6
-134.285768	-5.642573E-6
-134.265139	-5.006790E-6
-134.244511	-3.894170E-6
-134.223882	-3.099442E-6
-134.203253	-2.304713E-6
-134.182624	-2.622604E-6
-134.161995	-1.589457E-6
-134.141366	6.357829E-7
-134.120738	2.066294E-6
-134.100109	2.861023E-6
-134.079480	3.894170E-6
-134.058851	5.245209E-6
-134.038222	6.914139E-6
-134.017593	8.662542E-6
-133.996965	9.536743E-6
-133.976336	9.775162E-6
-133.955707	1.025200E-5
-133.935078	1.064936E-5
-133.914449	1.017253E-5
-133.893821	9.298325E-6
-133.873192	8.583069E-6
-133.852563	7.629395E-6
-133.831934	5.722046E-6
-133.811305	3.973643E-6
-133.790676	2.145767E-6
-133.770048	-4.768372E-7
-133.749419	-1.748403E-6
-133.728790	-2.622604E-6
-133.708161	-4.688899E-6
-133.687532	-6.516774E-6
-133.666904	-7.549922E-6
-133.646275	-8.185705E-6
-133.625646	-7.629395E-6
-133.605017	-8.503596E-6
-133.584388	-8.503596E-6
-133.563759	-8.026759E-6
-133.543131	-8.265177E-6
-133.522502	-8.106232E-6
-133.501873	-7.947286E-6
-133.481244	-8.424123E-6
-133.460615	-8.424123E-6
-133.439986	-8.265177E-6
-133.419358	-7.708867E-6
-133.398729	-6.834666E-6
-133.378100	-5.722046E-6
-133.357471	-3.496806E-6
-133.336842	-2.304713E-6
-133.316214	-1.986821E-6
-133.295585	-1.271566E-6
-133.274956	-3.178914E-7
-133.254327	6.357829E-7
-133.233698	2.463659E-6
-133.213069	4.927317E-6
-133.192441	5.722046E-6
-133.171812	6.914139E-6
-133.151183	8.583069E-6
-133.130554	9.695689E-6
-133.109925	1.025200E-5
-133.089297	1.017253E-5
-133.068668	9.616216E-6
-133.048039	9.059906E-6
-133.027410	8.742015E-6
-133.006781	8.026759E-6
-132.986152	7.867813E-6
-132.965524	5.960464E-6
-132.944895	4.927317E-6
-132.924266	4.609426E-6
-132.903637	3.337860E-6
-132.883008	2.463659E-6
-132.862379	1.589457E-7
-132.841751	-1.827876E-6
-132.821122	-2.861023E-6
-132.800493	-2.304713E-6
-132.779864	-3.973643E-6
-132.759235	-5.722046E-6
-132.738607	-6.596247E-6
-132.717978	-7.390976E-6
-132.697349	-7.629395E-6
-132.676720	-7.947286E-6
-132.656091	-8.185705E-6
-132.635462	-7.708867E-6
-132.614834	-7.232030E-6
-132.594205	-7.390976E-6
-132.573576	-6.516774E-6
-132.552947	-5.642573E-6
-132.532318	-3.973643E-6
-132.511690	-2.940496E-6
-132.491061	-1.827876E-6
-132.470432	-7.947286E-7
-132.449803	9.536743E-7
-132.429174	3.258387E-6
-132.408545	4.371007E-6
-132.387917	5.324682E-6
-132.367288	6.119410E-6
-132.346659	7.232030E-6
-132.326030	8.662542E-6
-132.305401	9.775162E-6
-132.284772	1.056989E-5
-132.264144	1.160304E-5
-132.243515	1.080831E-5
-132.222886	1.041094E-5
-132.202257	1.001358E-5
-132.181628	8.821487E-6
-132.161000	9.298325E-6
-132.140371	8.900960E-6
-132.119742	8.106232E-6
-132.099113	7.867813E-6
-132.078484	6.437302E-6
-132.057855	3.576279E-6
-132.037227	4.768372E-7
-132.016598	-1.033147E-6
-131.995969	-2.702077E-6
-131.975340	-3.894170E-6
-131.954711	-6.278356E-6
-131.934083	-7.788340E-6
-131.913454	-8.344650E-6
-131.892825	-1.017253E-5
-131.872196	-1.247724E-5
-131.851567	-1.343091E-5
-131.830938	-1.263618E-5
-131.810310	-1.064936E-5
-131.789681	-9.695689E-6
-131.769052	-8.662542E-6
-131.748423	-5.722046E-6
-131.727794	-3.417333E-6
-131.707165	-7.152557E-7
-131.686537	9.536743E-7
-131.665908	2.702077E-6
-131.645279	5.801519E-6
-131.624650	7.788340E-6
-131.604021	8.900960E-6
-131.583393	9.457270E-6
-131.562764	9.695689E-6
-131.542135	9.536743E-6
-131.521506	7.788340E-6
-131.500877	6.516774E-6
-131.480248	5.165736E-6
-131.459620	3.496806E-6
-131.438991	1.589457E-6
-131.418362	-1.192093E-6
-131.397733	-1.907349E-6
-131.377104	-2.781550E-6
-131.356476	-5.245209E-6
-131.335847	-5.642573E-6
-131.315218	-5.086263E-6
-131.294589	-5.324682E-6
-131.273960	-6.039937E-6
-131.253331	-5.086263E-6
-131.232703	-4.609426E-6
-131.212074	-2.861023E-6
-131.191445	-1.827876E-6
-131.170816	-1.589457E-6
-131.150187	-7.947286E-7
-131.129558	-7.152557E-7
-131.108930	-2.384186E-7
-131.088301	5.563100E-7
-131.067672	1.589457E-7
-131.047043	7.152557E-7
-131.026414	5.563100E-7
-131.005786	9.536743E-7
-130.985157	6.357829E-7
-130.964528	-9.536743E-7
-130.943899	-1.986821E-6
-130.923270	-3.417333E-6
-130.902641	-4.212062E-6
-130.882013	-4.847844E-6
-130.861384	-5.324682E-6
-130.840755	-6.357829E-6
-130.820126	-7.470449E-6
-130.799497	-8.265177E-6
-130.778869	-8.185705E-6
-130.758240	-8.583069E-6
-130.737611	-9.059906E-6
-130.716982	-9.457270E-6
-130.696353	-9.775162E-6
-130.675724	-9.218852E-6
-130.655096	-7.708867E-6
-130.634467	-6.993612E-6
-130.613838	-5.960464E-6
-130.593209	-4.927317E-6
-130.572580	-3.019969E-6
-130.551952	-1.033147E-6
-130.531323	1.509984E-6
-130.510694	3.735224E-6
-130.490065	5.722046E-6
-130.469436	7.390976E-6
-130.448807	8.583069E-6
-130.428179	9.457270E-6
-130.407550	1.096725E-5
-130.386921	1.168251E-5
-130.366292	1.215935E-5
-130.345663	1.255671E-5
-130.325034	1.160304E-5
-130.304406	1.064936E-5
-130.283777	9.059906E-6
-130.263148	6.755193E-6
-130.242519	3.973643E-6
-130.221890	5.563100E-7
-130.201262	-2.384186E-6
-130.180633	-6.039937E-6
-130.160004	-8.344650E-6
-130.139375	-1.041094E-5
-130.118746	-1.215935E-5
-130.098117	-1.335144E-5
-130.077489	-1.565615E-5
-130.056860	-1.581510E-5
-130.036231	-1.398722E-5
-130.015602	-1.184146E-5
-129.994973	-9.775162E-6
-129.974345	-8.185705E-6
-129.953716	-5.404154E-6
-129.933087	-2.225240E-6
-129.912458	3.178914E-7
-129.891829	1.748403E-6
-129.871200	3.894170E-6
-129.850572	4.927317E-6
-129.829943	6.437302E-6
-129.809314	6.596247E-6
-129.788685	6.516774E-6
-129.768056	5.960464E-6
-129.747427	5.722046E-6
-129.726799	4.053116E-6
-129.706170	2.384186E-6
-129.685541	3.178914E-7
-129.664912	-2.781550E-6
-129.644283	-6.119410E-6
-129.623655	-8.106232E-6
-129.603026	-1.001358E-5
-129.582397	-1.184146E-5
-129.561768	-1.215935E-5
-129.541139	-1.271566E-5
-129.520510	-1.462301E-5
-129.499882	-1.454353E-5
-129.479253	-1.351039E-5
-129.458624	-1.136462E-5
-129.437995	-9.536743E-6
-129.417366	-7.867813E-6
-129.396738	-6.357829E-6
-129.376109	-4.927317E-6
-129.355480	-2.622604E-6
-129.334851	-1.112620E-6
-129.314222	-8.742015E-7
-129.293593	-1.589457E-7
-129.272965	1.589457E-7
-129.252336	-7.152557E-7
-129.231707	-4.768372E-7
-129.211078	-3.973643E-7
-129.190449	-1.509984E-6
-129.169820	-3.178914E-6
-129.149192	-3.337860E-6
-129.128563	-4.688899E-6
-129.107934	-6.039937E-6
-129.087305	-7.311503E-6
-129.066676	-8.265177E-6
-129.046048	-8.424123E-6
-129.025419	-8.742015E-6
-129.004790	-8.424123E-6
-128.984161	-8.980433E-6
-128.963532	-8.900960E-6
-128.942903	-8.026759E-6
-128.922275	-6.516774E-6
-128.901646	-6.039937E-6
-128.881017	-4.291534E-6
-128.860388	-1.509984E-6
-128.839759	4.768372E-7
-128.819131	2.384186E-6
-128.798502	5.483627E-6
-128.777873	7.947286E-6
-128.757244	1.112620E-5
-128.736615	1.271566E-5
-128.715986	1.454353E-5
-128.695358	1.525879E-5
-128.674729	1.462301E-5
-128.654100	1.295408E-5
-128.633471	1.160304E-5
-128.612842	9.536743E-6
-128.592213	6.437302E-6
-128.571585	3.019969E-6
-128.550956	-2.384186E-7
-128.530327	-4.927317E-6
-128.509698	-9.139379E-6
-128.489069	-1.303355E-5
-128.468441	-1.589457E-5
-128.447812	-1.796087E-5
-128.427183	-1.931190E-5
-128.406554	-2.010663E-5
-128.385925	-1.891454E-5
-128.365296	-1.716614E-5
-128.344668	-1.541773E-5
-128.324039	-1.271566E-5
-128.303410	-8.503596E-6
-128.282781	-4.927317E-6
-128.262152	-1.112620E-6
-128.241524	2.225240E-6
-128.220895	5.404154E-6
-128.200266	8.265177E-6
-128.179637	1.168251E-5
-128.159008	1.335144E-5
-128.138379	1.351039E-5
-128.117751	1.398722E-5
-128.097122	1.382828E-5
-128.076493	1.279513E-5
-128.055864	1.136462E-5
-128.035235	1.049042E-5
-128.014606	8.821487E-6
-127.993978	6.596247E-6
-127.973349	4.291534E-6
-127.952720	1.509984E-6
-127.932091	-1.271566E-6
-127.911462	-2.861023E-6
-127.890834	-5.245209E-6
-127.870205	-7.232030E-6
-127.849576	-8.742015E-6
-127.828947	-1.041094E-5
-127.808318	-1.176198E-5
-127.787689	-1.271566E-5
-127.767061	-1.327197E-5
-127.746432	-1.319249E-5
-127.725803	-1.319249E-5
-127.705174	-1.152356E-5
-127.684545	-1.041094E-5
-127.663917	-8.900960E-6
-127.643288	-6.914139E-6
-127.622659	-5.086263E-6
-127.602030	-2.066294E-6
-127.581401	3.178914E-7
-127.560772	2.702077E-6
-127.540144	5.324682E-6
-127.519515	8.026759E-6
-127.498886	1.033147E-5
-127.478257	1.215935E-5
-127.457628	1.239777E-5
-127.436999	1.184146E-5
-127.416371	1.136462E-5
-127.395742	1.104673E-5
-127.375113	9.377797E-6
-127.354484	8.503596E-6
-127.333855	7.311503E-6
-127.313227	5.086263E-6
-127.292598	2.702077E-6
-127.271969	-1.589457E-7
-127.251340	-2.940496E-6
-127.230711	-5.404154E-6
-127.210082	-6.596247E-6
-127.189454	-8.106232E-6
-127.168825	-8.265177E-6
-127.148196	-8.662542E-6
-127.127567	-9.059906E-6
-127.106938	-8.424123E-6
-127.086310	-7.311503E-6
-127.065681	-5.245209E-6
-127.045052	-3.258387E-6
-127.024423	-2.145767E-6
-127.003794	-7.152557E-7
-126.983165	1.509984E-6
-126.962537	3.496806E-6
-126.941908	5.642573E-6
-126.921279	8.185705E-6
-126.900650	8.742015E-6
-126.880021	9.059906E-6
-126.859392	9.536743E-6
-126.838764	9.139379E-6
-126.818135	9.139379E-6
-126.797506	8.583069E-6
-126.776877	7.390976E-6
-126.756248	5.404154E-6
-126.735620	3.337860E-6
-126.714991	2.384186E-7
-126.694362	-1.986821E-6
-126.673733	-3.496806E-6
-126.653104	-6.039937E-6
-126.632475	-6.596247E-6
-126.611847	-6.596247E-6
-126.591218	-7.152557E-6
-126.570589	-7.390976E-6
-126.549960	-6.437302E-6
-126.529331	-4.768372E-6
-126.508703	-1.509984E-6
-126.488074	1.351039E-6
-126.467445	3.099442E-6
-126.446816	4.768372E-6
-126.426187	7.311503E-6
-126.405558	9.457270E-6
-126.384930	1.184146E-5
-126.364301	1.438459E-5
-126.343672	1.621246E-5
-126.323043	1.645088E-5
-126.302414	1.565615E-5
-126.281785	1.494090E-5
-126.261157	1.295408E-5
-126.240528	1.120567E-5
-126.219899	8.900960E-6
-126.199270	7.152557E-6
-126.178641	5.086263E-6
-126.158013	2.622604E-6
-126.137384	-1.589457E-7
-126.116755	-2.702077E-6
-126.096126	-5.245209E-6
-126.075497	-7.549922E-6
-126.054868	-8.185705E-6
-126.034240	-8.980433E-6
-126.013611	-9.695689E-6
-125.992982	-1.056989E-5
-125.972353	-1.080831E-5
-125.951724	-1.128515E-5
-125.931096	-1.072884E-5
-125.910467	-1.033147E-5
-125.889838	-9.775162E-6
-125.869209	-8.265177E-6
-125.848580	-6.993612E-6
-125.827951	-5.880992E-6
-125.807323	-4.371007E-6
-125.786694	-3.019969E-6
-125.766065	-3.973643E-7
-125.745436	2.384186E-7
-125.724807	1.271566E-6
-125.704178	1.668930E-6
-125.683550	2.781550E-6
-125.662921	4.132589E-6
-125.642292	4.371007E-6
-125.621663	4.529953E-6
-125.601034	3.973643E-6
-125.580406	2.622604E-6
-125.559777	8.742015E-7
-125.539148	-7.152557E-7
-125.518519	-1.271566E-6
-125.497890	-3.576279E-6
-125.477261	-5.722046E-6
-125.456633	-7.311503E-6
-125.436004	-8.742015E-6
-125.415375	-8.900960E-6
-125.394746	-8.980433E-6
-125.374117	-7.708867E-6
-125.353489	-7.073085E-6
-125.332860	-6.198883E-6
-125.312231	-5.245209E-6
-125.291602	-3.576279E-6
-125.270973	-1.748403E-6
-125.250344	-1.668930E-6
-125.229716	-1.271566E-6
-125.209087	-3.973643E-7
-125.188458	1.271566E-6
-125.167829	2.702077E-6
-125.147200	3.099442E-6
-125.126571	3.576279E-6
-125.105943	3.258387E-6
-125.085314	2.463659E-6
-125.064685	1.907349E-6
-125.044056	1.192093E-6
-125.023427	-7.947286E-8
-125.002799	-6.357829E-7
-124.982170	-1.430511E-6
-124.961541	-2.225240E-6
-124.940912	-2.225240E-6
-124.920283	-2.861023E-6
-124.899654	-5.165736E-6
-124.879026	-8.026759E-6
-124.858397	-1.072884E-5
-124.837768	-1.255671E-5
-124.817139	-1.470248E-5
-124.796510	-1.859665E-5
-124.775882	-2.312660E-5
-124.755253	-2.749761E-5
-124.734624	-3.314018E-5
-124.713995	-3.910065E-5
-124.693366	-4.482269E-5
-124.672737	-5.078316E-5
-124.652109	-5.571047E-5
-124.631480	-6.016095E-5
-124.610851	-6.373723E-5
-124.590222	-6.572405E-5
-124.569593	-6.667773E-5
-124.548964	-6.596247E-5
-124.528336	-6.373723E-5
-124.507707	-6.055832E-5
-124.487078	-5.539258E-5
-124.466449	-4.855792E-5
-124.445820	-4.132589E-5
-124.425192	-3.258387E-5
-124.404563	-2.225240E-5
-124.383934	-1.112620E-5
-124.363305	2.384186E-7
-124.342676	1.136462E-5
-124.322047	2.376239E-5
-124.301419	3.417333E-5
-124.280790	4.355113E-5
-124.260161	5.269051E-5
-124.239532	6.206830E-5
-124.218903	6.850561E-5
-124.198275	7.390976E-5
-124.177646	7.843971E-5
-124.157017	8.265177E-5
-124.136388	8.487701E-5
-124.115759	8.559227E-5
-124.095130	8.463860E-5
-124.074502	8.344650E-5
-124.053873	8.138021E-5
-124.033244	7.883708E-5
-124.012615	7.470449E-5
-123.991986	6.977717E-5
-123.971358	6.516774E-5
-123.950729	5.976359E-5
-123.930100	5.396207E-5
-123.909471	4.831950E-5
-123.888842	4.124641E-5
-123.868213	3.353755E-5
-123.847585	2.710025E-5
-123.826956	2.082189E-5
-123.806327	1.509984E-5
-123.785698	9.377797E-6
-123.765069	3.655752E-6
-123.744440	-2.384186E-6
-123.723812	-7.390976E-6
-123.703183	-1.168251E-5
-123.682554	-1.581510E-5
-123.661925	-1.923243E-5
-123.641296	-2.209345E-5
-123.620668	-2.344449E-5
-123.600039	-2.408028E-5
-123.579410	-2.511342E-5
-123.558781	-2.439817E-5
-123.538152	-2.320608E-5
-123.517523	-2.249082E-5
-123.496895	-2.090136E-5
-123.476266	-1.923243E-5
-123.455637	-1.684825E-5
-123.435008	-1.470248E-5
-123.414379	-1.327197E-5
-123.393751	-1.207987E-5
-123.373122	-9.695689E-6
-123.352493	-8.265177E-6
-123.331864	-6.596247E-6
-123.311235	-7.152557E-6
-123.290606	-8.424123E-6
-123.269978	-8.424123E-6
-123.249349	-8.662542E-6
-123.228720	-9.218852E-6
-123.208091	-9.775162E-6
-123.187462	-1.025200E-5
-123.166833	-1.152356E-5
-123.146205	-1.223882E-5
-123.125576	-1.271566E-5
-123.104947	-1.335144E-5
-123.084318	-1.279513E-5
-123.063689	-1.200040E-5
-123.043061	-1.056989E-5
-123.022432	-7.708867E-6
-123.001803	-5.801519E-6
-122.981174	-3.655752E-6
-122.960545	-8.742015E-7
-122.939916	1.430511E-6
-122.919288	3.814697E-6
-122.898659	7.232030E-6
-122.878030	1.033147E-5
-122.857401	1.215935E-5
-122.836772	1.247724E-5
-122.816144	1.247724E-5
-122.795515	1.247724E-5
-122.774886	1.088778E-5
-122.754257	9.298325E-6
-122.733628	7.073085E-6
-122.712999	4.609426E-6
-122.692371	1.907349E-6
-122.671742	-9.536743E-7
-122.651113	-4.688899E-6
-122.630484	-8.662542E-6
-122.609855	-1.192093E-5
-122.589226	-1.494090E-5
-122.568598	-1.780192E-5
-122.547969	-2.145767E-5
-122.527340	-2.439817E-5
-122.506711	-2.582868E-5
-122.486082	-2.662341E-5
-122.465454	-2.606710E-5
-122.444825	-2.590815E-5
-122.424196	-2.598763E-5
-122.403567	-2.463659E-5
-122.382938	-2.153714E-5
-122.362309	-1.772245E-5
-122.341681	-1.446406E-5
-122.321052	-9.934107E-6
-122.300423	-6.198883E-6
-122.279794	-2.463659E-6
-122.259165	1.271566E-6
-122.238537	4.291534E-6
-122.217908	6.993612E-6
-122.197279	9.934107E-6
-122.176650	1.231829E-5
-122.156021	1.319249E-5
-122.135392	1.446406E-5
-122.114764	1.541773E-5
-122.094135	1.573563E-5
-122.073506	1.478195E-5
-122.052877	1.295408E-5
-122.032248	1.176198E-5
-122.011619	1.064936E-5
-121.990991	8.821487E-6
-121.970362	6.198883E-6
-121.949733	5.086263E-6
-121.929104	3.894170E-6
-121.908475	1.430511E-6
-121.887847	-6.357829E-7
-121.867218	-2.304713E-6
-121.846589	-4.132589E-6
-121.825960	-5.245209E-6
-121.805331	-6.834666E-6
-121.784702	-8.026759E-6
-121.764074	-9.775162E-6
-121.743445	-1.056989E-5
-121.722816	-1.184146E-5
-121.702187	-1.184146E-5
-121.681558	-1.072884E-5
-121.660930	-1.033147E-5
-121.640301	-1.009305E-5
-121.619672	-9.139379E-6
-121.599043	-8.503596E-6
-121.578414	-7.152557E-6
-121.557785	-6.119410E-6
-121.537157	-4.291534E-6
-121.516528	-3.258387E-6
-121.495899	-1.827876E-6
-121.475270	-7.152557E-7
-121.454641	-8.742015E-7
-121.434012	-7.947286E-7
-121.413384	-8.742015E-7
-121.392755	-1.430511E-6
-121.372126	-2.384186E-6
-121.351497	-3.178914E-6
-121.330868	-3.973643E-6
-121.310240	-3.337860E-6
-121.289611	-2.702077E-6
-121.268982	-2.622604E-6
-121.248353	-1.271566E-6
-121.227724	7.947286E-7
-121.207095	2.622604E-6
-121.186467	5.563100E-6
-121.165838	8.900960E-6
-121.145209	1.096725E-5
-121.124580	1.335144E-5
-121.103951	1.613299E-5
-121.083323	1.915296E-5
-121.062694	2.153714E-5
-121.042065	2.328555E-5
-121.021436	2.479553E-5
-121.000807	2.455711E-5
-120.980178	2.312660E-5
-120.959550	2.193451E-5
-120.938921	1.962980E-5
-120.918292	1.621246E-5
-120.897663	1.327197E-5
-120.877034	8.583069E-6
-120.856405	2.463659E-6
-120.835777	-3.258387E-6
-120.815148	-8.344650E-6
-120.794519	-1.327197E-5
-120.773890	-1.716614E-5
-120.753261	-2.106031E-5
-120.732633	-2.360344E-5
-120.712004	-2.678235E-5
-120.691375	-2.884865E-5
-120.670746	-2.956390E-5
-120.650117	-2.956390E-5
-120.629488	-2.972285E-5
-120.608860	-2.837181E-5
-120.588231	-2.566973E-5
-120.567602	-2.296766E-5
-120.546973	-1.923243E-5
-120.526344	-1.470248E-5
-120.505716	-1.009305E-5
-120.485087	-4.371007E-6
-120.464458	9.536743E-7
-120.443829	6.437302E-6
-120.423200	1.120567E-5
-120.402571	1.549721E-5
-120.381943	2.010663E-5
-120.361314	2.384186E-5
-120.340685	2.638499E-5
-120.320056	2.821287E-5
-120.299427	2.789497E-5
-120.278798	2.702077E-5
-120.258170	2.439817E-5
-120.237541	2.169609E-5
-120.216912	1.653035E-5
-120.196283	1.136462E-5
-120.175654	5.722046E-6
-120.155026	-1.509984E-6
-120.134397	-8.344650E-6
-120.113768	-1.406670E-5
-120.093139	-1.883507E-5
-120.072510	-2.336502E-5
-120.051881	-2.733866E-5
-120.031253	-3.123283E-5
-120.010624	-3.393491E-5
-119.989995	-3.552437E-5
-119.969366	-3.600121E-5
-119.948737	-3.552437E-5
-119.928109	-3.425280E-5
-119.907480	-3.250440E-5
-119.886851	-2.932549E-5
-119.866222	-2.527237E-5
-119.845593	-2.082189E-5
-119.824964	-1.748403E-5
-119.804336	-1.414617E-5
-119.783707	-1.049042E-5
-119.763078	-6.516774E-6
-119.742449	-4.768372E-6
-119.721820	-1.509984E-6
-119.701191	1.112620E-6
-119.680563	1.907349E-6
-119.659934	3.178914E-6
-119.639305	4.768372E-6
-119.618676	5.165736E-6
-119.598047	5.006790E-6
-119.577419	5.245209E-6
-119.556790	4.688899E-6
-119.536161	5.880992E-6
-119.515532	6.198883E-6
-119.494903	6.437302E-6
-119.474274	6.993612E-6
-119.453646	7.867813E-6
-119.433017	8.821487E-6
-119.412388	1.025200E-5
-119.391759	1.176198E-5
-119.371130	1.192093E-5
-119.350502	1.398722E-5
-119.329873	1.581510E-5
-119.309244	1.668930E-5
-119.288615	1.716614E-5
-119.267986	1.724561E-5
-119.247357	1.764297E-5
-119.226729	1.780192E-5
-119.206100	1.621246E-5
-119.185471	1.446406E-5
-119.164842	1.287460E-5
-119.144213	1.001358E-5
-119.123584	6.675720E-6
-119.102956	2.702077E-6
-119.082327	-1.907349E-6
-119.061698	-5.404154E-6
-119.041069	-9.616216E-6
-119.020440	-1.295408E-5
-118.999812	-1.573563E-5
-118.979183	-1.867612E-5
-118.958554	-2.090136E-5
-118.937925	-2.201398E-5
-118.917296	-2.320608E-5
-118.896667	-2.280871E-5
-118.876039	-2.249082E-5
-118.855410	-2.098083E-5
-118.834781	-1.891454E-5
-118.814152	-1.653035E-5
-118.793523	-1.295408E-5
-118.772895	-1.001358E-5
-118.752266	-7.311503E-6
-118.731637	-3.973643E-6
-118.711008	-1.192093E-6
-118.690379	2.384186E-6
-118.669750	4.768372E-6
-118.649122	6.198883E-6
-118.628493	7.390976E-6
-118.607864	8.980433E-6
-118.587235	1.049042E-5
-118.566606	1.176198E-5
-118.545977	1.200040E-5
-118.525349	1.144409E-5
-118.504720	1.056989E-5
-118.484091	1.009305E-5
-118.463462	8.026759E-6
-118.442833	6.437302E-6
-118.422205	5.006790E-6
-118.401576	3.019969E-6
-118.380947	1.589457E-7
-118.360318	-3.178914E-6
-118.339689	-4.927317E-6
-118.319060	-6.357829E-6
-118.298432	-7.152557E-6
-118.277803	-8.265177E-6
-118.257174	-8.821487E-6
-118.236545	-8.662542E-6
-118.215916	-8.185705E-6
-118.195288	-7.232030E-6
-118.174659	-5.563100E-6
-118.154030	-4.768372E-6
-118.133401	-3.576279E-6
-118.112772	-2.702077E-6
-118.092143	-1.509984E-6
-118.071515	4.768372E-7
-118.050886	1.589457E-6
-118.030257	1.668930E-6
-118.009628	1.033147E-6
-117.988999	7.947286E-7
-117.968370	2.384186E-7
-117.947742	-6.357829E-7
-117.927113	-1.668930E-6
-117.906484	-2.384186E-6
-117.885855	-2.940496E-6
-117.865226	-2.304713E-6
-117.844598	-2.543132E-6
-117.823969	-1.986821E-6
-117.803340	-1.986821E-6
-117.782711	-3.178914E-7
-117.762082	8.742015E-7
-117.741453	2.463659E-6
-117.720825	3.814697E-6
-117.700196	5.245209E-6
-117.679567	6.198883E-6
-117.658938	6.914139E-6
-117.638309	8.344650E-6
-117.617681	8.821487E-6
-117.597052	9.775162E-6
-117.576423	9.298325E-6
-117.555794	9.218852E-6
-117.535165	9.854635E-6
-117.514536	1.009305E-5
-117.493908	1.064936E-5
-117.473279	1.080831E-5
-117.452650	9.775162E-6
-117.432021	8.026759E-6
-117.411392	5.801519E-6
-117.390764	3.576279E-6
-117.370135	2.622604E-6
-117.349506	8.742015E-7
-117.328877	-7.947286E-7
-117.308248	-3.337860E-6
-117.287619	-5.483627E-6
-117.266991	-7.708867E-6
-117.246362	-9.457270E-6
-117.225733	-1.064936E-5
-117.205104	-1.263618E-5
-117.184475	-1.462301E-5
-117.163846	-1.573563E-5
-117.143218	-1.589457E-5
-117.122589	-1.653035E-5
-117.101960	-1.509984E-5
-117.081331	-1.382828E-5
-117.060702	-1.200040E-5
-117.040074	-1.056989E-5
-117.019445	-8.662542E-6
-116.998816	-5.722046E-6
-116.978187	-2.622604E-6
-116.957558	5.563100E-7
-116.936929	3.576279E-6
-116.916301	6.516774E-6
-116.895672	8.821487E-6
-116.875043	9.854635E-6
-116.854414	1.080831E-5
-116.833785	1.215935E-5
-116.813157	1.223882E-5
-116.792528	1.366933E-5
-116.771899	1.430511E-5
-116.751270	1.390775E-5
-116.730641	1.327197E-5
-116.710012	1.207987E-5
-116.689384	1.001358E-5
-116.668755	8.185705E-6
-116.648126	6.834666E-6
-116.627497	4.688899E-6
-116.606868	2.225240E-6
-116.586239	-5.563100E-7
-116.565611	-3.019969E-6
-116.544982	-6.357829E-6
-116.524353	-8.742015E-6
-116.503724	-9.775162E-6
-116.483095	-1.247724E-5
-116.462467	-1.454353E-5
-116.441838	-1.517932E-5
-116.421209	-1.557668E-5
-116.400580	-1.605352E-5
-116.379951	-1.581510E-5
-116.359322	-1.494090E-5
-116.338694	-1.525879E-5
-116.318065	-1.422564E-5
-116.297436	-1.160304E-5
-116.276807	-9.457270E-6
-116.256178	-6.993612E-6
-116.235550	-5.324682E-6
-116.214921	-3.814697E-6
-116.194292	-1.668930E-6
-116.173663	7.947286E-8
-116.153034	2.066294E-6
-116.132405	4.132589E-6
-116.111777	6.039937E-6
-116.091148	6.278356E-6
-116.070519	6.198883E-6
-116.049890	7.311503E-6
-116.029261	7.470449E-6
-116.008632	6.993612E-6
-115.988004	6.198883E-6
-115.967375	5.245209E-6
-115.946746	5.324682E-6
-115.926117	5.483627E-6
-115.905488	4.291534E-6
-115.884860	3.814697E-6
-115.864231	2.781550E-6
-115.843602	2.384186E-6
-115.822973	2.225240E-6
-115.802344	2.304713E-6
-115.781715	1.271566E-6
-115.761087	1.033147E-6
-115.740458	1.430511E-6
-115.719829	2.225240E-6
-115.699200	1.668930E-6
-115.678571	1.351039E-6
-115.657943	1.033147E-6
-115.637314	1.192093E-6
-115.616685	4.768372E-7
-115.596056	7.947286E-7
-115.575427	1.589457E-6
-115.554798	2.066294E-6
-115.534170	1.668930E-6
-115.513541	7.947286E-7
-115.492912	-2.384186E-7
-115.472283	-7.947286E-8
-115.451654	-1.589457E-7
-115.431025	3.178914E-7
-115.410397	5.563100E-7
-115.389768	4.768372E-7
-115.369139	1.589457E-7
-115.348510	-1.271566E-6
-115.327881	-2.622604E-6
-115.307253	-4.053116E-6
-115.286624	-4.847844E-6
-115.265995	-5.722046E-6
-115.245366	-6.993612E-6
-115.224737	-8.503596E-6
-115.204108	-9.695689E-6
-115.183480	-1.144409E-5
-115.162851	-1.279513E-5
-115.142222	-1.319249E-5
-115.121593	-1.422564E-5
-115.100964	-1.303355E-5
-115.080336	-1.088778E-5
-115.059707	-8.900960E-6
-115.039078	-7.390976E-6
-115.018449	-6.278356E-6
-114.997820	-3.417333E-6
-114.977191	-1.827876E-6
-114.956563	-7.947286E-8
-114.935934	1.589457E-6
-114.915305	2.066294E-6
-114.894676	3.019969E-6
-114.874047	3.894170E-6
-114.853418	5.086263E-6
-114.832790	4.847844E-6
-114.812161	4.688899E-6
-114.791532	3.973643E-6
-114.770903	2.702077E-6
-114.750274	1.907349E-6
-114.729646	1.033147E-6
-114.709017	-6.357829E-7
-114.688388	-2.622604E-6
-114.667759	-4.053116E-6
-114.647130	-4.371007E-6
-114.626501	-4.529953E-6
-114.605873	-5.165736E-6
-114.585244	-5.642573E-6
-114.564615	-6.516774E-6
-114.543986	-6.278356E-6
-114.523357	-6.834666E-6
-114.502729	-6.596247E-6
-114.482100	-5.801519E-6
-114.461471	-6.437302E-6
-114.440842	-6.198883E-6
-114.420213	-6.516774E-6
-114.399584	-6.039937E-6
-114.378956	-6.198883E-6
-114.358327	-5.086263E-6
-114.337698	-3.894170E-6
-114.317069	-3.099442E-6
-114.296440	-1.271566E-6
-114.275811	-1.589457E-7
-114.255183	2.384186E-7
-114.234554	8.742015E-7
-114.213925	1.986821E-6
-114.193296	3.178914E-6
-114.172667	3.973643E-6
-114.152039	4.371007E-6
-114.131410	4.847844E-6
-114.110781	5.880992E-6
-114.090152	6.198883E-6
-114.069523	6.596247E-6
-114.048894	7.073085E-6
-114.028266	6.516774E-6
-114.007637	7.629395E-6
-113.987008	8.662542E-6
-113.966379	9.536743E-6
-113.945750	9.298325E-6
-113.925122	9.377797E-6
-113.904493	8.583069E-6
-113.883864	8.026759E-6
-113.863235	6.675720E-6
-113.842606	6.834666E-6
-113.821977	6.755193E-6
-113.801349	6.119410E-6
-113.780720	4.768372E-6
-113.760091	4.053116E-6
-113.739462	3.258387E-6
-113.718833	2.225240E-6
-113.698204	3.973643E-7
-113.677576	7.947286E-8
-113.656947	-7.947286E-7
-113.636318	-3.099442E-6
-113.615689	-4.132589E-6
-113.595060	-4.212062E-6
-113.574432	-5.722046E-6
-113.553803	-6.437302E-6
-113.533174	-7.947286E-6
-113.512545	-7.549922E-6
-113.491916	-8.503596E-6
-113.471287	-8.583069E-6
-113.450659	-9.457270E-6
-113.430030	-1.017253E-5
-113.409401	-1.064936E-5
-113.388772	-1.072884E-5
-113.368143	-1.080831E-5
-113.347515	-9.775162E-6
-113.326886	-8.900960E-6
-113.306257	-6.198883E-6
-113.285628	-4.053116E-6
-113.264999	-1.589457E-6
-113.244370	-7.947286E-8
-113.223742	2.304713E-6
-113.203113	4.688899E-6
-113.182484	5.801519E-6
-113.161855	8.106232E-6
-113.141226	1.041094E-5
-113.120597	1.207987E-5
-113.099969	1.271566E-5
-113.079340	1.271566E-5
-113.058711	1.255671E-5
-113.038082	1.128515E-5
-113.017453	1.017253E-5
-112.996825	8.185705E-6
-112.976196	5.880992E-6
-112.955567	3.337860E-6
-112.934938	1.430511E-6
-112.914309	-6.357829E-7
-112.893680	-2.304713E-6
-112.873052	-4.927317E-6
-112.852423	-6.755193E-6
-112.831794	-7.867813E-6
-112.811165	-8.742015E-6
-112.790536	-8.583069E-6
-112.769908	-8.344650E-6
-112.749279	-7.549922E-6
-112.728650	-6.675720E-6
-112.708021	-5.801519E-6
-112.687392	-5.245209E-6
-112.666763	-4.688899E-6
-112.646135	-3.973643E-6
-112.625506	-3.496806E-6
-112.604877	-1.827876E-6
-112.584248	-6.357829E-7
-112.563619	-7.947286E-8
-112.542990	1.112620E-6
-112.522362	8.742015E-7
-112.501733	2.225240E-6
-112.481104	2.463659E-6
-112.460475	1.192093E-6
-112.439846	7.947286E-8
-112.419218	-7.947286E-7
-112.398589	-1.589457E-6
-112.377960	-2.543132E-6
-112.357331	-3.417333E-6
-112.336702	-4.927317E-6
-112.316073	-6.914139E-6
-112.295445	-8.344650E-6
-112.274816	-8.900960E-6
-112.254187	-1.033147E-5
-112.233558	-1.136462E-5
-112.212929	-1.136462E-5
-112.192301	-1.160304E-5
-112.171672	-1.136462E-5
-112.151043	-9.854635E-6
-112.130414	-7.867813E-6
-112.109785	-5.960464E-6
-112.089156	-3.814697E-6
-112.068528	-1.986821E-6
-112.047899	1.430511E-6
-112.027270	4.212062E-6
-112.006641	6.596247E-6
-111.986012	9.218852E-6
-111.965383	1.120567E-5
-111.944755	1.247724E-5
-111.924126	1.279513E-5
-111.903497	1.287460E-5
-111.882868	1.374880E-5
-111.862239	1.327197E-5
-111.841611	1.247724E-5
-111.820982	1.255671E-5
-111.800353	1.231829E-5
-111.779724	1.144409E-5
-111.759095	1.049042E-5
-111.738466	9.139379E-6
-111.717838	7.549922E-6
-111.697209	5.960464E-6
-111.676580	5.165736E-6
-111.655951	4.847844E-6
-111.635322	4.212062E-6
-111.614694	1.509984E-6
-111.594065	3.178914E-7
-111.573436	-9.536743E-7
-111.552807	-1.748403E-6
-111.532178	-2.384186E-6
-111.511549	-2.225240E-6
-111.490921	-2.384186E-6
-111.470292	-1.827876E-6
-111.449663	-9.536743E-7
-111.429034	-7.947286E-8
-111.408405	1.192093E-6
-111.387776	2.781550E-6
-111.367148	3.814697E-6
-111.346519	5.483627E-6
-111.325890	9.059906E-6
-111.305261	1.200040E-5
-111.284632	1.462301E-5
-111.264004	1.700719E-5
-111.243375	1.947085E-5
-111.222746	2.042452E-5
-111.202117	2.074242E-5
-111.181488	2.121925E-5
-111.160859	2.042452E-5
-111.140231	1.955032E-5
-111.119602	1.796087E-5
-111.098973	1.645088E-5
-111.078344	1.525879E-5
-111.057715	1.287460E-5
-111.037087	1.144409E-5
-111.016458	1.033147E-5
-110.995829	8.344650E-6
-110.975200	6.755193E-6
-110.954571	6.755193E-6
-110.933942	7.232030E-6
-110.913314	7.073085E-6
-110.892685	7.311503E-6
-110.872056	8.821487E-6
-110.851427	9.616216E-6
-110.830798	1.056989E-5
-110.810170	1.231829E-5
-110.789541	1.390775E-5
-110.768912	1.557668E-5
-110.748283	1.772245E-5
-110.727654	2.034505E-5
-110.707025	2.169609E-5
-110.686397	2.209345E-5
-110.665768	2.264977E-5
-110.645139	2.360344E-5
-110.624510	2.304713E-5
-110.603881	2.169609E-5
-110.583252	2.034505E-5
-110.562624	2.034505E-5
-110.541995	1.867612E-5
-110.521366	1.621246E-5
-110.500737	1.390775E-5
-110.480108	1.255671E-5
-110.459480	9.377797E-6
-110.438851	6.914139E-6
-110.418222	4.529953E-6
-110.397593	3.178914E-6
-110.376964	1.351039E-6
-110.356335	7.152557E-7
-110.335707	-6.357829E-7
-110.315078	-7.947286E-7
-110.294449	-1.589457E-7
-110.273820	1.271566E-6
-110.253191	2.861023E-6
-110.232563	4.053116E-6
-110.211934	5.880992E-6
-110.191305	7.549922E-6
-110.170676	9.536743E-6
-110.150047	1.001358E-5
-110.129418	9.934107E-6
-110.108790	9.695689E-6
-110.088161	9.377797E-6
-110.067532	8.662542E-6
-110.046903	6.198883E-6
-110.026274	3.655752E-6
-110.005645	9.536743E-7
-109.985017	-1.986821E-6
-109.964388	-4.688899E-6
-109.943759	-8.424123E-6
-109.923130	-1.239777E-5
-109.902501	-1.692772E-5
-109.881873	-1.875559E-5
-109.861244	-2.066294E-5
-109.840615	-2.257029E-5
-109.819986	-2.344449E-5
-109.799357	-2.415975E-5
-109.778728	-2.471606E-5
-109.758100	-2.519290E-5
-109.737471	-2.495448E-5
-109.716842	-2.423922E-5
-109.696213	-2.304713E-5
-109.675584	-2.264977E-5
-109.654956	-2.185504E-5
-109.634327	-2.121925E-5
-109.613698	-2.002716E-5
-109.593069	-1.931190E-5
-109.572440	-1.804034E-5
-109.551811	-1.700719E-5
-109.531183	-1.732508E-5
-109.510554	-1.700719E-5
-109.489925	-1.660983E-5
-109.469296	-1.573563E-5
-109.448667	-1.700719E-5
-109.428038	-1.637141E-5
-109.407410	-1.756350E-5
-109.386781	-1.764297E-5
-109.366152	-1.978874E-5
-109.345523	-2.161662E-5
-109.324894	-2.217293E-5
-109.304266	-2.344449E-5
-109.283637	-2.527237E-5
-109.263008	-2.574921E-5
-109.242379	-2.630552E-5
-109.221750	-2.606710E-5
-109.201121	-2.590815E-5
-109.180493	-2.455711E-5
-109.159864	-2.376239E-5
-109.139235	-2.264977E-5
-109.118606	-2.082189E-5
-109.097977	-1.891454E-5
-109.077349	-1.557668E-5
-109.056720	-1.176198E-5
-109.036091	-8.662542E-6
-109.015462	-6.516774E-6
-108.994833	-3.099442E-6
-108.974204	-1.589457E-7
-108.953576	1.986821E-6
-108.932947	3.655752E-6
-108.912318	3.576279E-6
-108.891689	2.940496E-6
-108.871060	1.033147E-6
-108.850431	-2.304713E-6
-108.829803	-5.801519E-6
-108.809174	-9.695689E-6
-108.788545	-1.366933E-5
-108.767916	-1.867612E-5
-108.747287	-2.336502E-5
-108.726659	-2.781550E-5
-108.706030	-3.035863E-5
-108.685401	-3.242493E-5
-108.664772	-3.361702E-5
-108.644143	-3.385544E-5
-108.623514	-3.131231E-5
-108.602886	-2.900759E-5
-108.582257	-2.646446E-5
-108.561628	-2.304713E-5
-108.540999	-1.772245E-5
-108.520370	-1.072884E-5
-108.499742	-4.132589E-6
-108.479113	2.304713E-6
-108.458484	9.377797E-6
-108.437855	1.692772E-5
-108.417226	2.392133E-5
-108.396597	3.035863E-5
-108.375969	3.600121E-5
-108.355340	4.053116E-5
-108.334711	4.410744E-5
-108.314082	4.617373E-5
-108.293453	4.720688E-5
-108.272824	4.673004E-5
-108.252196	4.545848E-5
-108.231567	4.307429E-5
-108.210938	3.973643E-5
-108.190309	3.663699E-5
-108.169680	3.449122E-5
-108.149052	3.147125E-5
-108.128423	2.670288E-5
-108.107794	2.217293E-5
-108.087165	1.772245E-5
-108.066536	1.398722E-5
-108.045907	1.056989E-5
-108.025279	7.549922E-6
-108.004650	4.132589E-6
-107.984021	1.033147E-6
-107.963392	6.357829E-7
-107.942763	1.271566E-6
-107.922135	2.463659E-6
-107.901506	3.814697E-6
-107.880877	6.675720E-6
-107.860248	1.056989E-5
-107.839619	1.454353E-5
-107.818990	1.748403E-5
-107.798362	2.034505E-5
-107.777733	2.439817E-5
-107.757104	2.821287E-5
-107.736475	3.242493E-5
-107.715846	3.560384E-5
-107.695217	3.782908E-5
-107.674589	3.870328E-5
-107.653960	3.957748E-5
-107.633331	4.084905E-5
-107.612702	4.196167E-5
-107.592073	4.227956E-5
-107.571445	4.339218E-5
-107.550816	4.418691E-5
-107.530187	4.347165E-5
-107.509558	4.212062E-5
-107.488929	4.061063E-5
-107.468300	4.045169E-5
-107.447672	4.053116E-5
-107.427043	4.100800E-5
-107.406414	4.124641E-5
-107.385785	4.076958E-5
-107.365156	4.124641E-5
-107.344528	4.220009E-5
-107.323899	4.355113E-5
-107.303270	4.466375E-5
-107.282641	4.633268E-5
-107.262012	4.879634E-5
-107.241383	5.149841E-5
-107.220755	5.292892E-5
-107.200126	5.539258E-5
-107.179497	5.833308E-5
-107.158868	5.976359E-5
-107.138239	6.246567E-5
-107.117610	6.469091E-5
-107.096982	6.588300E-5
-107.076353	6.612142E-5
-107.055724	6.572405E-5
-107.035095	6.508827E-5
-107.014466	6.381671E-5
-106.993838	6.206830E-5
-106.973209	5.873044E-5
-106.952580	5.555153E-5
-106.931951	5.229314E-5
-106.911322	4.824003E-5
-106.890693	4.609426E-5
-106.870065	4.371007E-5
-106.849436	4.196167E-5
-106.828807	4.021327E-5
-106.808178	3.838539E-5
-106.787549	3.743172E-5
-106.766921	3.830592E-5
-106.746292	3.965696E-5
-106.725663	4.164378E-5
-106.705034	4.386902E-5
-106.684405	4.633268E-5
-106.663776	4.847844E-5
-106.643148	5.086263E-5
-106.622519	5.292892E-5
-106.601890	5.412102E-5
-106.581261	5.380313E-5
-106.560632	5.332629E-5
-106.540003	5.102158E-5
-106.519375	4.617373E-5
-106.498746	3.997485E-5
-106.478117	3.425280E-5
-106.457488	2.678235E-5
-106.436859	1.891454E-5
-106.416231	1.033147E-5
-106.395602	2.384186E-7
-106.374973	-1.017253E-5
-106.354344	-2.026558E-5
-106.333715	-3.083547E-5
-106.313086	-4.164378E-5
-106.292458	-5.118052E-5
-106.271829	-5.944570E-5
-106.251200	-6.715457E-5
-106.230571	-7.454554E-5
-106.209942	-8.138021E-5
-106.189314	-8.853277E-5
-106.168685	-9.520849E-5
-106.148056	-0.000101
-106.127427	-0.000104
-106.106798	-0.000108
-106.086169	-0.000111
-106.065541	-0.000113
-106.044912	-0.000116
-106.024283	-0.000119
-106.003654	-0.000123
-105.983025	-0.000125
-105.962396	-0.000126
-105.941768	-0.000127
-105.921139	-0.000129
-105.900510	-0.000131
-105.879881	-0.000132
-105.859252	-0.000134
-105.838624	-0.000135
-105.817995	-0.000136
-105.797366	-0.000135
-105.776737	-0.000134
-105.756108	-0.000132
-105.735479	-0.000131
-105.714851	-0.000130
-105.694222	-0.000128
-105.673593	-0.000127
-105.652964	-0.000128
-105.632335	-0.000128
-105.611707	-0.000129
-105.591078	-0.000129
-105.570449	-0.000131
-105.549820	-0.000134
-105.529191	-0.000137
-105.508562	-0.000141
-105.487934	-0.000147
-105.467305	-0.000155
-105.446676	-0.000165
-105.426047	-0.000176
-105.405418	-0.000187
-105.384789	-0.000197
-105.364161	-0.000208
-105.343532	-0.000217
-105.322903	-0.000222
-105.302274	-0.000221
-105.281645	-0.000219
-105.261017	-0.000212
-105.240388	-0.000200
-105.219759	-0.000185
-105.199130	-0.000169
-105.178501	-0.000155
-105.157872	-0.000142
-105.137244	-0.000137
-105.116615	-0.000145
-105.095986	-0.000168
-105.075357	-0.000211
-105.054728	-0.000273
-105.034100	-0.000361
-105.013471	-0.000467
-104.992842	-0.000601
-104.972213	-0.000755
-104.951584	-0.000929
-104.930955	-0.001111
-104.910327	-0.001299
-104.889698	-0.001481
-104.869069	-0.001645
-104.848440	-0.001781
-104.827811	-0.001878
-104.807182	-0.001946
-104.786554	-0.001962
-104.765925	-0.001932
-104.745296	-0.001847
-104.724667	-0.001697
-104.704038	-0.001491
-104.683410	-0.001228
-104.662781	-0.000921
-104.642152	-0.000570
-104.621523	-0.000192
-104.600894	0.000205
-104.580265	0.000603
-104.559637	0.000984
-104.539008	0.001352
-104.518379	0.001690
-104.497750	0.001993
-104.477121	0.002248
-104.456493	0.002456
-104.435864	0.002612
-104.415235	0.002717
-104.394606	0.002773
-104.373977	0.002784
-104.353348	0.002749
-104.332720	0.002667
-104.312091	0.002541
-104.291462	0.002389
-104.270833	0.002221
-104.250204	0.002027
-104.229576	0.001814
-104.208947	0.001597
-104.188318	0.001406
-104.167689	0.001208
-104.147060	0.001014
-104.126431	0.000822
-104.105803	0.000634
-104.085174	0.000467
-104.064545	0.000311
-104.043916	0.000175
-104.023287	5.714099E-5
-104.002658	-4.863739E-5
-103.982030	-0.000138
-103.961401	-0.000214
-103.940772	-0.000281
-103.920143	-0.000338
-103.899514	-0.000381
-103.878886	-0.000415
-103.858257	-0.000438
-103.837628	-0.000455
-103.816999	-0.000468
-103.796370	-0.000477
-103.775741	-0.000478
-103.755113	-0.000475
-103.734484	-0.000469
-103.713855	-0.000461
-103.693226	-0.000449
-103.672597	-0.000436
-103.651969	-0.000424
-103.631340	-0.000410
-103.610711	-0.000396
-103.590082	-0.000379
-103.569453	-0.000362
-103.548824	-0.000341
-103.528196	-0.000323
-103.507567	-0.000308
-103.486938	-0.000293
-103.466309	-0.000278
-103.445680	-0.000265
-103.425051	-0.000252
-103.404423	-0.000239
-103.383794	-0.000227
-103.363165	-0.000214
-103.342536	-0.000204
-103.321907	-0.000195
-103.301279	-0.000185
-103.280650	-0.000176
-103.260021	-0.000167
-103.239392	-0.000159
-103.218763	-0.000151
-103.198134	-0.000144
-103.177506	-0.000137
-103.156877	-0.000131
-103.136248	-0.000124
-103.115619	-0.000119
-103.094990	-0.000113
-103.074362	-0.000108
-103.053733	-0.000104
-103.033104	-9.942055E-5
-103.012475	-9.457270E-5
-102.991846	-9.107590E-5
-102.971217	-8.749962E-5
-102.950589	-8.312861E-5
-102.929960	-7.963181E-5
-102.909331	-7.677078E-5
-102.888702	-7.462502E-5
-102.868073	-7.239978E-5
-102.847444	-7.073085E-5
-102.826816	-6.842613E-5
-102.806187	-6.548564E-5
-102.785558	-6.230672E-5
-102.764929	-5.976359E-5
-102.744300	-5.769730E-5
-102.723672	-5.658468E-5
-102.703043	-5.515416E-5
-102.682414	-5.332629E-5
-102.661785	-5.110105E-5
-102.641156	-4.990896E-5
-102.620527	-4.760424E-5
-102.599899	-4.537900E-5
-102.579270	-4.450480E-5
-102.558641	-4.410744E-5
-102.538012	-4.196167E-5
-102.517383	-4.037221E-5
-102.496755	-3.941854E-5
-102.476126	-3.767014E-5
-102.455497	-3.584226E-5
-102.434868	-3.449122E-5
-102.414239	-3.290176E-5
-102.393610	-3.210704E-5
-102.372982	-3.043811E-5
-102.352353	-2.924601E-5
-102.331724	-2.821287E-5
-102.311095	-2.686183E-5
-102.290466	-2.606710E-5
-102.269837	-2.535184E-5
-102.249209	-2.408028E-5
-102.228580	-2.288818E-5
-102.207951	-2.137820E-5
-102.187322	-2.098083E-5
-102.166693	-2.058347E-5
-102.146065	-1.962980E-5
-102.125436	-1.788139E-5
-102.104807	-1.708666E-5
-102.084178	-1.676877E-5
-102.063549	-1.676877E-5
-102.042920	-1.541773E-5
-102.022292	-1.374880E-5
-102.001663	-1.263618E-5
-101.981034	-1.358986E-5
-101.960405	-1.255671E-5
-101.939776	-1.144409E-5
-101.919148	-1.088778E-5
-101.898519	-9.695689E-6
-101.877890	-9.457270E-6
-101.857261	-9.139379E-6
-101.836632	-8.662542E-6
-101.816003	-8.344650E-6
-101.795375	-8.424123E-6
-101.774746	-7.073085E-6
-101.754117	-6.119410E-6
-101.733488	-6.357829E-6
-101.712859	-5.245209E-6
-101.692230	-3.814697E-6
-101.671602	-3.894170E-6
-101.650973	-4.212062E-6
-101.630344	-3.099442E-6
-101.609715	-2.622604E-6
-101.589086	-2.702077E-6
-101.568458	-2.622604E-6
-101.547829	-2.304713E-6
-101.527200	-1.112620E-6
-101.506571	-1.351039E-6
-101.485942	-1.668930E-6
-101.465313	-2.066294E-6
-101.444685	-1.827876E-6
-101.424056	-1.351039E-6
-101.403427	-1.192093E-6
-101.382798	-4.768372E-7
-101.362169	-7.947286E-8
-101.341541	-1.589457E-7
-101.320912	6.357829E-7
-101.300283	1.112620E-6
-101.279654	7.152557E-7
-101.259025	4.768372E-7
-101.238396	-7.152557E-7
-101.217768	-1.033147E-6
-101.197139	-2.384186E-7
-101.176510	8.742015E-7
-101.155881	9.536743E-7
-101.135252	7.152557E-7
-101.114623	6.357829E-7
-101.093995	4.768372E-7
-101.073366	8.742015E-7
-101.052737	1.192093E-6
-101.032108	1.192093E-6
-101.011479	1.907349E-6
-100.990851	1.986821E-6
-100.970222	1.430511E-6
-100.949593	7.947286E-7
-100.928964	7.152557E-7
-100.908335	1.192093E-6
-100.887706	2.145767E-6
-100.867078	1.827876E-6
-100.846449	2.463659E-6
-100.825820	1.748403E-6
-100.805191	1.192093E-6
-100.784562	2.145767E-6
-100.763934	1.907349E-6
-100.743305	2.384186E-6
-100.722676	1.589457E-6
-100.702047	1.668930E-6
-100.681418	2.225240E-6
-100.660789	2.304713E-6
-100.640161	2.066294E-6
-100.619532	1.986821E-6
-100.598903	1.907349E-6
-100.578274	1.907349E-6
-100.557645	2.622604E-6
-100.537016	2.304713E-6
-100.516388	2.225240E-6
-100.495759	1.589457E-6
-100.475130	1.430511E-6
-100.454501	1.271566E-6
-100.433872	1.509984E-6
-100.413244	1.351039E-6
-100.392615	1.827876E-6
-100.371986	1.668930E-6
-100.351357	1.430511E-6
-100.330728	7.947286E-7
-100.310099	1.668930E-6
-100.289471	2.304713E-6
-100.268842	1.430511E-6
-100.248213	7.947286E-7
-100.227584	1.509984E-6
-100.206955	2.463659E-6
-100.186327	2.940496E-6
-100.165698	1.430511E-6
-100.145069	1.112620E-6
-100.124440	5.563100E-7
-100.103811	7.152557E-7
-100.083182	7.152557E-7
-100.062554	8.742015E-7
-100.041925	1.033147E-6
-100.021296	1.351039E-6
