-142.000947	4.927317E-6
-141.980319	5.642573E-6
-141.959690	6.198883E-6
-141.939061	5.165736E-6
-141.918432	4.291534E-6
-141.897803	3.258387E-6
-141.877174	2.225240E-6
-141.856546	7.947286E-7
-141.835917	1.589457E-7
-141.815288	0.000000
-141.794659	-1.509984E-6
-141.774030	-2.622604E-6
-141.753401	-2.861023E-6
-141.732773	-3.814697E-6
-141.712144	-4.291534E-6
-141.691515	-5.006790E-6
-141.670886	-4.847844E-6
-141.650257	-4.847844E-6
-141.629629	-5.642573E-6
-141.609000	-5.245209E-6
-141.588371	-5.006790E-6
-141.567742	-4.529953E-6
-141.547113	-4.053116E-6
-141.526484	-4.688899E-6
-141.505856	-4.371007E-6
-141.485227	-4.291534E-6
-141.464598	-4.609426E-6
-141.443969	-5.165736E-6
-141.423340	-5.801519E-6
-141.402712	-4.212062E-6
-141.382083	-3.894170E-6
-141.361454	-4.132589E-6
-141.340825	-4.529953E-6
-141.320196	-5.086263E-6
-141.299567	-5.642573E-6
-141.278939	-5.086263E-6
-141.258310	-4.927317E-6
-141.237681	-5.006790E-6
-141.217052	-4.688899E-6
-141.196423	-5.880992E-6
-141.175794	-6.278356E-6
-141.155166	-6.755193E-6
-141.134537	-7.152557E-6
-141.113908	-6.834666E-6
-141.093279	-7.152557E-6
-141.072650	-7.073085E-6
-141.052022	-6.516774E-6
-141.031393	-5.960464E-6
-141.010764	-7.152557E-6
-140.990135	-6.357829E-6
-140.969506	-6.357829E-6
-140.948877	-5.563100E-6
-140.928249	-5.324682E-6
-140.907620	-4.371007E-6
-140.886991	-2.622604E-6
-140.866362	-8.742015E-7
-140.845733	0.000000
-140.825105	3.973643E-7
-140.804476	1.192093E-6
-140.783847	7.947286E-7
-140.763218	-7.947286E-8
-140.742589	-1.033147E-6
-140.721960	-1.668930E-6
-140.701332	-3.019969E-6
-140.680703	-4.529953E-6
-140.660074	-6.357829E-6
-140.639445	-8.185705E-6
-140.618816	-8.662542E-6
-140.598187	-9.934107E-6
-140.577559	-1.247724E-5
-140.556930	-1.430511E-5
-140.536301	-1.517932E-5
-140.515672	-1.533826E-5
-140.495043	-1.565615E-5
-140.474415	-1.549721E-5
-140.453786	-1.541773E-5
-140.433157	-1.430511E-5
-140.412528	-1.207987E-5
-140.391899	-1.072884E-5
-140.371270	-9.536743E-6
-140.350642	-8.026759E-6
-140.330013	-6.039937E-6
-140.309384	-3.814697E-6
-140.288755	-1.827876E-6
-140.268126	-8.742015E-7
-140.247498	1.112620E-6
-140.226869	2.622604E-6
-140.206240	2.940496E-6
-140.185611	3.894170E-6
-140.164982	4.847844E-6
-140.144353	4.450480E-6
-140.123725	4.609426E-6
-140.103096	3.655752E-6
-140.082467	3.258387E-6
-140.061838	2.622604E-6
-140.041209	7.152557E-7
-140.020580	-9.536743E-7
-139.999952	-2.225240E-6
-139.979323	-3.337860E-6
-139.958694	-4.768372E-6
-139.938065	-6.119410E-6
-139.917436	-7.232030E-6
-139.896808	-7.311503E-6
-139.876179	-7.867813E-6
-139.855550	-8.900960E-6
-139.834921	-8.821487E-6
-139.814292	-7.947286E-6
-139.793663	-6.993612E-6
-139.773035	-6.039937E-6
-139.752406	-5.642573E-6
-139.731777	-3.576279E-6
-139.711148	-2.861023E-6
-139.690519	-1.351039E-6
-139.669891	7.947286E-7
-139.649262	2.066294E-6
-139.628633	3.337860E-6
-139.608004	3.814697E-6
-139.587375	5.483627E-6
-139.566746	6.755193E-6
-139.546118	8.265177E-6
-139.525489	8.821487E-6
-139.504860	9.298325E-6
-139.484231	9.218852E-6
-139.463602	9.934107E-6
-139.442973	9.139379E-6
-139.422345	7.708867E-6
-139.401716	7.073085E-6
-139.381087	7.629395E-6
-139.360458	7.311503E-6
-139.339829	6.437302E-6
-139.319201	5.563100E-6
-139.298572	5.006790E-6
-139.277943	3.973643E-6
-139.257314	3.417333E-6
-139.236685	2.940496E-6
-139.216056	2.145767E-6
-139.195428	2.463659E-6
-139.174799	2.940496E-6
-139.154170	3.735224E-6
-139.133541	3.496806E-6
-139.112912	3.258387E-6
-139.092284	4.212062E-6
-139.071655	4.132589E-6
-139.051026	4.927317E-6
-139.030397	4.688899E-6
-139.009768	4.927317E-6
-138.989139	5.404154E-6
-138.968511	5.006790E-6
-138.947882	3.735224E-6
-138.927253	3.099442E-6
-138.906624	2.940496E-6
-138.885995	2.066294E-6
-138.865366	7.152557E-7
-138.844738	-4.768372E-7
-138.824109	-1.192093E-6
-138.803480	-2.463659E-6
-138.782851	-3.655752E-6
-138.762222	-4.927317E-6
-138.741594	-5.483627E-6
-138.720965	-5.880992E-6
-138.700336	-5.404154E-6
-138.679707	-5.165736E-6
-138.659078	-4.927317E-6
-138.638449	-3.576279E-6
-138.617821	-1.271566E-6
-138.597192	7.152557E-7
-138.576563	2.622604E-6
-138.555934	3.894170E-6
-138.535305	5.483627E-6
-138.514677	7.629395E-6
-138.494048	9.377797E-6
-138.473419	1.064936E-5
-138.452790	1.112620E-5
-138.432161	1.136462E-5
-138.411532	1.041094E-5
-138.390904	1.025200E-5
-138.370275	1.009305E-5
-138.349646	1.001358E-5
-138.329017	8.742015E-6
-138.308388	7.788340E-6
-138.287759	6.357829E-6
-138.267131	5.245209E-6
-138.246502	4.609426E-6
-138.225873	3.099442E-6
-138.205244	1.827876E-6
-138.184615	1.509984E-6
-138.163987	1.192093E-6
-138.143358	1.986821E-6
-138.122729	2.225240E-6
-138.102100	1.033147E-6
-138.081471	2.304713E-6
-138.060842	3.178914E-6
-138.040214	3.258387E-6
-138.019585	4.053116E-6
-137.998956	3.496806E-6
-137.978327	3.178914E-6
-137.957698	2.861023E-6
-137.937070	3.019969E-6
-137.916441	2.861023E-6
-137.895812	1.748403E-6
-137.875183	8.742015E-7
-137.854554	3.178914E-7
-137.833925	-9.536743E-7
-137.813297	-1.827876E-6
-137.792668	-2.702077E-6
-137.772039	-3.973643E-6
-137.751410	-4.768372E-6
-137.730781	-4.847844E-6
-137.710152	-4.291534E-6
-137.689524	-4.053116E-6
-137.668895	-3.178914E-6
-137.648266	-2.781550E-6
-137.627637	-1.430511E-6
-137.607008	-8.742015E-7
-137.586380	0.000000
-137.565751	1.271566E-6
-137.545122	9.536743E-7
-137.524493	2.145767E-6
-137.503864	2.145767E-6
-137.483235	2.225240E-6
-137.462607	2.225240E-6
-137.441978	2.702077E-6
-137.421349	2.940496E-6
-137.400720	3.099442E-6
-137.380091	2.304713E-6
-137.359463	1.589457E-6
-137.338834	1.430511E-6
-137.318205	8.742015E-7
-137.297576	3.973643E-7
-137.276947	-2.384186E-7
-137.256318	-1.668930E-6
-137.235690	-2.304713E-6
-137.215061	-3.576279E-6
-137.194432	-3.655752E-6
-137.173803	-4.132589E-6
-137.153174	-4.688899E-6
-137.132545	-6.039937E-6
-137.111917	-6.993612E-6
-137.091288	-7.549922E-6
-137.070659	-7.232030E-6
-137.050030	-8.344650E-6
-137.029401	-9.854635E-6
-137.008773	-1.064936E-5
-136.988144	-1.049042E-5
-136.967515	-1.120567E-5
-136.946886	-1.128515E-5
-136.926257	-1.104673E-5
-136.905628	-1.096725E-5
-136.885000	-1.064936E-5
-136.864371	-9.695689E-6
-136.843742	-7.867813E-6
-136.823113	-6.993612E-6
-136.802484	-5.880992E-6
-136.781856	-4.768372E-6
-136.761227	-2.543132E-6
-136.740598	-1.430511E-6
-136.719969	7.152557E-7
-136.699340	2.304713E-6
-136.678711	3.337860E-6
-136.658083	4.768372E-6
-136.637454	6.914139E-6
-136.616825	8.503596E-6
-136.596196	9.139379E-6
-136.575567	9.377797E-6
-136.554939	9.457270E-6
-136.534310	8.265177E-6
-136.513681	7.073085E-6
-136.493052	5.880992E-6
-136.472423	4.609426E-6
-136.451794	2.066294E-6
-136.431166	-2.384186E-7
-136.410537	-3.019969E-6
-136.389908	-5.245209E-6
-136.369279	-7.788340E-6
-136.348650	-8.980433E-6
-136.328021	-1.096725E-5
-136.307393	-1.231829E-5
-136.286764	-1.374880E-5
-136.266135	-1.406670E-5
-136.245506	-1.502037E-5
-136.224877	-1.541773E-5
-136.204249	-1.517932E-5
-136.183620	-1.358986E-5
-136.162991	-1.295408E-5
-136.142362	-1.104673E-5
-136.121733	-8.821487E-6
-136.101104	-7.470449E-6
-136.080476	-6.755193E-6
-136.059847	-5.483627E-6
-136.039218	-5.086263E-6
-136.018589	-2.622604E-6
-135.997960	-1.430511E-6
-135.977332	-5.563100E-7
-135.956703	2.384186E-7
-135.936074	1.589457E-6
-135.915445	2.384186E-6
-135.894816	3.178914E-6
-135.874187	3.735224E-6
-135.853559	3.894170E-6
-135.832930	4.529953E-6
-135.812301	5.324682E-6
-135.791672	5.722046E-6
-135.771043	6.278356E-6
-135.750414	7.311503E-6
-135.729786	6.993612E-6
-135.709157	6.119410E-6
-135.688528	5.642573E-6
-135.667899	5.245209E-6
-135.647270	4.132589E-6
-135.626642	2.940496E-6
-135.606013	1.748403E-6
-135.585384	1.033147E-6
-135.564755	-6.357829E-7
-135.544126	-2.225240E-6
-135.523497	-3.973643E-6
-135.502869	-4.768372E-6
-135.482240	-3.735224E-6
-135.461611	-3.973643E-6
-135.440982	-4.529953E-6
-135.420353	-4.529953E-6
-135.399725	-4.053116E-6
-135.379096	-2.940496E-6
-135.358467	-2.861023E-6
-135.337838	-1.986821E-6
-135.317209	-1.112620E-6
-135.296580	-1.430511E-6
-135.275952	-6.357829E-7
-135.255323	3.973643E-7
-135.234694	1.271566E-6
-135.214065	9.536743E-7
-135.193436	2.384186E-7
-135.172807	-4.768372E-7
-135.152179	-4.768372E-7
-135.131550	-7.152557E-7
-135.110921	-1.271566E-6
-135.090292	-1.509984E-6
-135.069663	-2.145767E-6
-135.049035	-2.622604E-6
-135.028406	-3.019969E-6
-135.007777	-3.814697E-6
-134.987148	-3.337860E-6
-134.966519	-3.019969E-6
-134.945890	-2.145767E-6
-134.925262	-1.351039E-6
-134.904633	-1.112620E-6
-134.884004	-1.589457E-6
-134.863375	-2.384186E-7
-134.842746	1.271566E-6
-134.822118	3.019969E-6
-134.801489	3.337860E-6
-134.780860	4.132589E-6
-134.760231	3.973643E-6
-134.739602	3.814697E-6
-134.718973	3.735224E-6
-134.698345	2.781550E-6
-134.677716	1.907349E-6
-134.657087	6.357829E-7
-134.636458	-1.509984E-6
-134.615829	-3.099442E-6
-134.595200	-4.609426E-6
-134.574572	-6.198883E-6
-134.553943	-7.311503E-6
-134.533314	-8.026759E-6
-134.512685	-8.503596E-6
-134.492056	-9.695689E-6
-134.471428	-1.096725E-5
-134.450799	-1.176198E-5
-134.430170	-1.144409E-5
-134.409541	-1.104673E-5
-134.388912	-1.088778E-5
-134.368283	-1.064936E-5
-134.347655	-9.139379E-6
-134.327026	-8.742015E-6
-134.306397	-7.073085E-6
-134.285768	-6.278356E-6
-134.265139	-6.039937E-6
-134.244511	-4.688899E-6
-134.223882	-3.973643E-6
-134.203253	-3.178914E-6
-134.182624	-2.940496E-6
-134.161995	-2.384186E-6
-134.141366	-1.112620E-6
-134.120738	7.152557E-7
-134.100109	2.702077E-6
-134.079480	4.132589E-6
-134.058851	6.119410E-6
-134.038222	7.232030E-6
-134.017593	7.788340E-6
-133.996965	8.026759E-6
-133.976336	9.139379E-6
-133.955707	1.001358E-5
-133.935078	1.017253E-5
-133.914449	9.775162E-6
-133.893821	9.536743E-6
-133.873192	8.026759E-6
-133.852563	6.675720E-6
-133.831934	5.483627E-6
-133.811305	4.529953E-6
-133.790676	3.417333E-6
-133.770048	1.509984E-6
-133.749419	-1.192093E-6
-133.728790	-2.543132E-6
-133.708161	-3.735224E-6
-133.687532	-4.768372E-6
-133.666904	-5.642573E-6
-133.646275	-6.993612E-6
-133.625646	-8.424123E-6
-133.605017	-8.106232E-6
-133.584388	-8.662542E-6
-133.563759	-9.139379E-6
-133.543131	-8.662542E-6
-133.522502	-8.106232E-6
-133.501873	-8.265177E-6
-133.481244	-8.026759E-6
-133.460615	-7.708867E-6
-133.439986	-6.675720E-6
-133.419358	-6.039937E-6
-133.398729	-6.198883E-6
-133.378100	-5.086263E-6
-133.357471	-4.688899E-6
-133.336842	-4.212062E-6
-133.316214	-3.576279E-6
-133.295585	-1.192093E-6
-133.274956	-3.178914E-7
-133.254327	9.536743E-7
-133.233698	1.907349E-6
-133.213069	2.781550E-6
-133.192441	4.688899E-6
-133.171812	6.993612E-6
-133.151183	8.106232E-6
-133.130554	8.662542E-6
-133.109925	8.503596E-6
-133.089297	8.821487E-6
-133.068668	9.377797E-6
-133.048039	9.457270E-6
-133.027410	8.821487E-6
-133.006781	8.424123E-6
-132.986152	8.106232E-6
-132.965524	7.311503E-6
-132.944895	5.880992E-6
-132.924266	5.006790E-6
-132.903637	3.973643E-6
-132.883008	2.463659E-6
-132.862379	1.589457E-6
-132.841751	9.536743E-7
-132.821122	-1.112620E-6
-132.800493	-3.019969E-6
-132.779864	-4.450480E-6
-132.759235	-5.086263E-6
-132.738607	-5.722046E-6
-132.717978	-6.834666E-6
-132.697349	-7.232030E-6
-132.676720	-7.947286E-6
-132.656091	-8.265177E-6
-132.635462	-9.139379E-6
-132.614834	-9.457270E-6
-132.594205	-9.139379E-6
-132.573576	-7.708867E-6
-132.552947	-6.119410E-6
-132.532318	-5.165736E-6
-132.511690	-3.894170E-6
-132.491061	-2.304713E-6
-132.470432	-8.742015E-7
-132.449803	1.112620E-6
-132.429174	3.099442E-6
-132.408545	5.006790E-6
-132.387917	6.119410E-6
-132.367288	7.390976E-6
-132.346659	9.775162E-6
-132.326030	1.096725E-5
-132.305401	1.184146E-5
-132.284772	1.263618E-5
-132.264144	1.303355E-5
-132.243515	1.287460E-5
-132.222886	1.287460E-5
-132.202257	1.255671E-5
-132.181628	1.239777E-5
-132.161000	1.160304E-5
-132.140371	1.112620E-5
-132.119742	9.775162E-6
-132.099113	8.344650E-6
-132.078484	6.437302E-6
-132.057855	5.006790E-6
-132.037227	3.099442E-6
-132.016598	7.152557E-7
-131.995969	-1.589457E-6
-131.975340	-4.371007E-6
-131.954711	-6.278356E-6
-131.934083	-6.993612E-6
-131.913454	-8.742015E-6
-131.892825	-1.033147E-5
-131.872196	-1.144409E-5
-131.851567	-1.255671E-5
-131.830938	-1.255671E-5
-131.810310	-1.215935E-5
-131.789681	-1.080831E-5
-131.769052	-8.900960E-6
-131.748423	-6.834666E-6
-131.727794	-4.212062E-6
-131.707165	-1.271566E-6
-131.686537	7.947286E-7
-131.665908	2.622604E-6
-131.645279	4.053116E-6
-131.624650	5.642573E-6
-131.604021	7.390976E-6
-131.583393	7.947286E-6
-131.562764	8.026759E-6
-131.542135	8.344650E-6
-131.521506	8.185705E-6
-131.500877	7.629395E-6
-131.480248	6.198883E-6
-131.459620	4.291534E-6
-131.438991	3.178914E-6
-131.418362	2.304713E-6
-131.397733	3.973643E-7
-131.377104	-2.463659E-6
-131.356476	-4.291534E-6
-131.335847	-5.324682E-6
-131.315218	-5.563100E-6
-131.294589	-5.880992E-6
-131.273960	-5.880992E-6
-131.253331	-6.119410E-6
-131.232703	-5.642573E-6
-131.212074	-4.529953E-6
-131.191445	-4.371007E-6
-131.170816	-3.655752E-6
-131.150187	-2.225240E-6
-131.129558	-1.748403E-6
-131.108930	-4.768372E-7
-131.088301	-3.178914E-7
-131.067672	-2.384186E-7
-131.047043	8.742015E-7
-131.026414	1.192093E-6
-131.005786	3.973643E-7
-130.985157	-7.947286E-8
-130.964528	5.563100E-7
-130.943899	-8.742015E-7
-130.923270	-2.384186E-6
-130.902641	-2.781550E-6
-130.882013	-3.576279E-6
-130.861384	-4.132589E-6
-130.840755	-4.847844E-6
-130.820126	-6.516774E-6
-130.799497	-7.629395E-6
-130.778869	-9.536743E-6
-130.758240	-1.072884E-5
-130.737611	-1.072884E-5
-130.716982	-1.152356E-5
-130.696353	-1.136462E-5
-130.675724	-1.049042E-5
-130.655096	-9.854635E-6
-130.634467	-9.775162E-6
-130.613838	-8.662542E-6
-130.593209	-6.993612E-6
-130.572580	-4.847844E-6
-130.551952	-2.702077E-6
-130.531323	-7.947286E-7
-130.510694	1.192093E-6
-130.490065	3.258387E-6
-130.469436	5.404154E-6
-130.448807	6.039937E-6
-130.428179	6.755193E-6
-130.407550	8.344650E-6
-130.386921	9.298325E-6
-130.366292	9.616216E-6
-130.345663	9.616216E-6
-130.325034	9.775162E-6
-130.304406	8.503596E-6
-130.283777	7.152557E-6
-130.263148	6.357829E-6
-130.242519	4.212062E-6
-130.221890	1.907349E-6
-130.201262	-9.536743E-7
-130.180633	-3.576279E-6
-130.160004	-6.119410E-6
-130.139375	-8.424123E-6
-130.118746	-1.080831E-5
-130.098117	-1.152356E-5
-130.077489	-1.231829E-5
-130.056860	-1.295408E-5
-130.036231	-1.287460E-5
-130.015602	-1.231829E-5
-129.994973	-1.064936E-5
-129.974345	-8.821487E-6
-129.953716	-6.119410E-6
-129.933087	-3.973643E-6
-129.912458	-1.668930E-6
-129.891829	3.973643E-7
-129.871200	2.861023E-6
-129.850572	4.847844E-6
-129.829943	6.278356E-6
-129.809314	7.390976E-6
-129.788685	6.596247E-6
-129.768056	6.357829E-6
-129.747427	4.847844E-6
-129.726799	3.735224E-6
-129.706170	2.225240E-6
-129.685541	-3.178914E-7
-129.664912	-2.384186E-6
-129.644283	-4.609426E-6
-129.623655	-7.232030E-6
-129.603026	-9.059906E-6
-129.582397	-1.152356E-5
-129.561768	-1.319249E-5
-129.541139	-1.319249E-5
-129.520510	-1.247724E-5
-129.499882	-1.279513E-5
-129.479253	-1.295408E-5
-129.458624	-1.168251E-5
-129.437995	-1.017253E-5
-129.417366	-8.503596E-6
-129.396738	-7.073085E-6
-129.376109	-5.722046E-6
-129.355480	-4.450480E-6
-129.334851	-3.337860E-6
-129.314222	-1.986821E-6
-129.293593	-4.768372E-7
-129.272965	7.947286E-8
-129.252336	-7.947286E-7
-129.231707	-1.112620E-6
-129.211078	-1.351039E-6
-129.190449	-1.827876E-6
-129.169820	-2.702077E-6
-129.149192	-3.178914E-6
-129.128563	-4.529953E-6
-129.107934	-6.278356E-6
-129.087305	-7.311503E-6
-129.066676	-8.185705E-6
-129.046048	-8.742015E-6
-129.025419	-9.854635E-6
-129.004790	-1.009305E-5
-128.984161	-9.377797E-6
-128.963532	-8.742015E-6
-128.942903	-9.059906E-6
-128.922275	-8.026759E-6
-128.901646	-6.675720E-6
-128.881017	-4.053116E-6
-128.860388	-2.225240E-6
-128.839759	-2.384186E-7
-128.819131	1.907349E-6
-128.798502	4.688899E-6
-128.777873	7.549922E-6
-128.757244	8.106232E-6
-128.736615	8.662542E-6
-128.715986	9.775162E-6
-128.695358	1.096725E-5
-128.674729	1.207987E-5
-128.654100	1.223882E-5
-128.633471	1.104673E-5
-128.612842	8.980433E-6
-128.592213	7.152557E-6
-128.571585	4.450480E-6
-128.550956	4.768372E-7
-128.530327	-3.178914E-6
-128.509698	-6.119410E-6
-128.489069	-9.059906E-6
-128.468441	-1.247724E-5
-128.447812	-1.414617E-5
-128.427183	-1.502037E-5
-128.406554	-1.502037E-5
-128.385925	-1.517932E-5
-128.365296	-1.382828E-5
-128.344668	-1.263618E-5
-128.324039	-1.160304E-5
-128.303410	-8.821487E-6
-128.282781	-5.801519E-6
-128.262152	-2.861023E-6
-128.241524	-3.178914E-7
-128.220895	2.543132E-6
-128.200266	5.324682E-6
-128.179637	7.708867E-6
-128.159008	9.695689E-6
-128.138379	1.144409E-5
-128.117751	1.215935E-5
-128.097122	1.422564E-5
-128.076493	1.502037E-5
-128.055864	1.366933E-5
-128.035235	1.319249E-5
-128.014606	1.207987E-5
-127.993978	9.775162E-6
-127.973349	6.596247E-6
-127.952720	3.814697E-6
-127.932091	1.748403E-6
-127.911462	-1.827876E-6
-127.890834	-4.768372E-6
-127.870205	-6.357829E-6
-127.849576	-8.662542E-6
-127.828947	-1.017253E-5
-127.808318	-1.096725E-5
-127.787689	-1.207987E-5
-127.767061	-1.303355E-5
-127.746432	-1.319249E-5
-127.725803	-1.303355E-5
-127.705174	-1.263618E-5
-127.684545	-1.104673E-5
-127.663917	-1.009305E-5
-127.643288	-8.344650E-6
-127.622659	-6.039937E-6
-127.602030	-3.258387E-6
-127.581401	-3.973643E-7
-127.560772	2.940496E-6
-127.540144	5.245209E-6
-127.519515	7.232030E-6
-127.498886	8.900960E-6
-127.478257	9.695689E-6
-127.457628	1.096725E-5
-127.436999	1.184146E-5
-127.416371	1.176198E-5
-127.395742	1.192093E-5
-127.375113	1.192093E-5
-127.354484	1.049042E-5
-127.333855	7.867813E-6
-127.313227	5.404154E-6
-127.292598	2.781550E-6
-127.271969	7.947286E-8
-127.251340	-1.192093E-6
-127.230711	-2.940496E-6
-127.210082	-4.291534E-6
-127.189454	-5.483627E-6
-127.168825	-6.278356E-6
-127.148196	-7.549922E-6
-127.127567	-7.708867E-6
-127.106938	-6.675720E-6
-127.086310	-5.960464E-6
-127.065681	-4.609426E-6
-127.045052	-2.543132E-6
-127.024423	-1.827876E-6
-127.003794	-6.357829E-7
-126.983165	1.589457E-6
-126.962537	3.417333E-6
-126.941908	3.655752E-6
-126.921279	4.847844E-6
-126.900650	5.483627E-6
-126.880021	6.516774E-6
-126.859392	7.629395E-6
-126.838764	8.424123E-6
-126.818135	8.662542E-6
-126.797506	8.185705E-6
-126.776877	7.232030E-6
-126.756248	6.357829E-6
-126.735620	3.735224E-6
-126.714991	7.947286E-7
-126.694362	-3.973643E-7
-126.673733	-1.668930E-6
-126.653104	-3.576279E-6
-126.632475	-5.165736E-6
-126.611847	-6.516774E-6
-126.591218	-6.914139E-6
-126.570589	-7.311503E-6
-126.549960	-7.390976E-6
-126.529331	-6.119410E-6
-126.508703	-3.894170E-6
-126.488074	-2.066294E-6
-126.467445	1.192093E-6
-126.446816	3.576279E-6
-126.426187	5.722046E-6
-126.405558	9.457270E-6
-126.384930	1.152356E-5
-126.364301	1.446406E-5
-126.343672	1.676877E-5
-126.323043	1.716614E-5
-126.302414	1.684825E-5
-126.281785	1.605352E-5
-126.261157	1.454353E-5
-126.240528	1.271566E-5
-126.219899	1.192093E-5
-126.199270	9.775162E-6
-126.178641	6.357829E-6
-126.158013	4.132589E-6
-126.137384	1.589457E-6
-126.116755	0.000000
-126.096126	-2.463659E-6
-126.075497	-4.371007E-6
-126.054868	-5.722046E-6
-126.034240	-8.424123E-6
-126.013611	-1.033147E-5
-125.992982	-1.120567E-5
-125.972353	-1.207987E-5
-125.951724	-1.255671E-5
-125.931096	-1.255671E-5
-125.910467	-1.080831E-5
-125.889838	-8.900960E-6
-125.869209	-8.185705E-6
-125.848580	-7.311503E-6
-125.827951	-6.357829E-6
-125.807323	-4.450480E-6
-125.786694	-2.463659E-6
-125.766065	-1.430511E-6
-125.745436	0.000000
-125.724807	1.430511E-6
-125.704178	2.384186E-6
-125.683550	2.463659E-6
-125.662921	3.894170E-6
-125.642292	3.735224E-6
-125.621663	3.496806E-6
-125.601034	3.258387E-6
-125.580406	3.417333E-6
-125.559777	2.145767E-6
-125.539148	-7.947286E-8
-125.518519	-1.509984E-6
-125.497890	-3.337860E-6
-125.477261	-4.847844E-6
-125.456633	-7.073085E-6
-125.436004	-8.106232E-6
-125.415375	-8.424123E-6
-125.394746	-8.503596E-6
-125.374117	-8.583069E-6
-125.353489	-7.788340E-6
-125.332860	-7.232030E-6
-125.312231	-6.119410E-6
-125.291602	-4.768372E-6
-125.270973	-3.258387E-6
-125.250344	-1.589457E-6
-125.229716	-1.192093E-6
-125.209087	4.768372E-7
-125.188458	2.304713E-6
-125.167829	2.861023E-6
-125.147200	3.576279E-6
-125.126571	3.735224E-6
-125.105943	3.178914E-6
-125.085314	2.463659E-6
-125.064685	2.145767E-6
-125.044056	1.986821E-6
-125.023427	1.668930E-6
-125.002799	4.768372E-7
-124.982170	-7.947286E-8
-124.961541	-1.907349E-6
-124.940912	-2.622604E-6
-124.920283	-4.053116E-6
-124.899654	-5.165736E-6
-124.879026	-7.073085E-6
-124.858397	-8.344650E-6
-124.837768	-9.616216E-6
-124.817139	-1.279513E-5
-124.796510	-1.557668E-5
-124.775882	-2.002716E-5
-124.755253	-2.384186E-5
-124.734624	-2.829234E-5
-124.713995	-3.314018E-5
-124.693366	-3.941854E-5
-124.672737	-4.458427E-5
-124.652109	-4.935265E-5
-124.631480	-5.324682E-5
-124.610851	-5.698204E-5
-124.590222	-5.944570E-5
-124.569593	-6.055832E-5
-124.548964	-6.095568E-5
-124.528336	-6.071726E-5
-124.507707	-5.920728E-5
-124.487078	-5.563100E-5
-124.466449	-5.094210E-5
-124.445820	-4.514058E-5
-124.425192	-3.751119E-5
-124.404563	-2.964338E-5
-124.383934	-2.034505E-5
-124.363305	-1.096725E-5
-124.342676	-6.357829E-7
-124.322047	9.457270E-6
-124.301419	1.859665E-5
-124.280790	2.789497E-5
-124.260161	3.711383E-5
-124.239532	4.561742E-5
-124.218903	5.284945E-5
-124.198275	5.801519E-5
-124.177646	6.484985E-5
-124.157017	7.112821E-5
-124.136388	7.581711E-5
-124.115759	7.883708E-5
-124.095130	8.050601E-5
-124.074502	8.082390E-5
-124.053873	8.138021E-5
-124.033244	8.018812E-5
-124.012615	7.708867E-5
-123.991986	7.351240E-5
-123.971358	7.009506E-5
-123.950729	6.484985E-5
-123.930100	5.865097E-5
-123.909471	5.356471E-5
-123.888842	4.831950E-5
-123.868213	4.267693E-5
-123.847585	3.592173E-5
-123.826956	2.821287E-5
-123.806327	2.090136E-5
-123.785698	1.430511E-5
-123.765069	7.867813E-6
-123.744440	1.668930E-6
-123.723812	-3.735224E-6
-123.703183	-8.583069E-6
-123.682554	-1.366933E-5
-123.661925	-1.827876E-5
-123.641296	-2.137820E-5
-123.620668	-2.408028E-5
-123.600039	-2.559026E-5
-123.579410	-2.646446E-5
-123.558781	-2.702077E-5
-123.538152	-2.710025E-5
-123.517523	-2.543132E-5
-123.496895	-2.368291E-5
-123.476266	-2.129873E-5
-123.455637	-1.931190E-5
-123.435008	-1.645088E-5
-123.414379	-1.398722E-5
-123.393751	-1.215935E-5
-123.373122	-1.104673E-5
-123.352493	-1.001358E-5
-123.331864	-9.298325E-6
-123.311235	-8.821487E-6
-123.290606	-7.867813E-6
-123.269978	-6.675720E-6
-123.249349	-7.867813E-6
-123.228720	-8.742015E-6
-123.208091	-9.377797E-6
-123.187462	-1.136462E-5
-123.166833	-1.215935E-5
-123.146205	-1.263618E-5
-123.125576	-1.319249E-5
-123.104947	-1.366933E-5
-123.084318	-1.311302E-5
-123.063689	-1.184146E-5
-123.043061	-1.033147E-5
-123.022432	-8.503596E-6
-123.001803	-7.311503E-6
-122.981174	-5.006790E-6
-122.960545	-1.509984E-6
-122.939916	1.668930E-6
-122.919288	3.814697E-6
-122.898659	6.993612E-6
-122.878030	9.775162E-6
-122.857401	1.160304E-5
-122.836772	1.287460E-5
-122.816144	1.335144E-5
-122.795515	1.247724E-5
-122.774886	1.239777E-5
-122.754257	1.239777E-5
-122.733628	1.136462E-5
-122.712999	8.980433E-6
-122.692371	5.880992E-6
-122.671742	2.781550E-6
-122.651113	-2.384186E-6
-122.630484	-5.086263E-6
-122.609855	-8.742015E-6
-122.589226	-1.311302E-5
-122.568598	-1.581510E-5
-122.547969	-1.835823E-5
-122.527340	-2.074242E-5
-122.506711	-2.257029E-5
-122.486082	-2.479553E-5
-122.465454	-2.551079E-5
-122.444825	-2.535184E-5
-122.424196	-2.479553E-5
-122.403567	-2.352397E-5
-122.382938	-2.074242E-5
-122.362309	-1.772245E-5
-122.341681	-1.398722E-5
-122.321052	-1.009305E-5
-122.300423	-6.993612E-6
-122.279794	-4.132589E-6
-122.259165	-7.947286E-7
-122.238537	2.940496E-6
-122.217908	5.880992E-6
-122.197279	8.583069E-6
-122.176650	1.184146E-5
-122.156021	1.398722E-5
-122.135392	1.533826E-5
-122.114764	1.660983E-5
-122.094135	1.668930E-5
-122.073506	1.676877E-5
-122.052877	1.629194E-5
-122.032248	1.486142E-5
-122.011619	1.351039E-5
-121.990991	1.192093E-5
-121.970362	1.041094E-5
-121.949733	8.424123E-6
-121.929104	5.563100E-6
-121.908475	3.655752E-6
-121.887847	2.463659E-6
-121.867218	3.973643E-7
-121.846589	-9.536743E-7
-121.825960	-2.940496E-6
-121.805331	-4.291534E-6
-121.784702	-5.563100E-6
-121.764074	-6.993612E-6
-121.743445	-7.390976E-6
-121.722816	-8.980433E-6
-121.702187	-1.017253E-5
-121.681558	-1.080831E-5
-121.660930	-1.056989E-5
-121.640301	-1.033147E-5
-121.619672	-9.457270E-6
-121.599043	-8.583069E-6
-121.578414	-7.708867E-6
-121.557785	-6.675720E-6
-121.537157	-5.404154E-6
-121.516528	-4.768372E-6
-121.495899	-2.622604E-6
-121.475270	-1.509984E-6
-121.454641	-1.033147E-6
-121.434012	-1.033147E-6
-121.413384	-1.192093E-6
-121.392755	-1.509984E-6
-121.372126	-2.066294E-6
-121.351497	-2.225240E-6
-121.330868	-3.496806E-6
-121.310240	-3.735224E-6
-121.289611	-3.814697E-6
-121.268982	-2.622604E-6
-121.248353	-1.509984E-6
-121.227724	-1.589457E-7
-121.207095	1.907349E-6
-121.186467	3.735224E-6
-121.165838	5.801519E-6
-121.145209	8.424123E-6
-121.124580	1.144409E-5
-121.103951	1.533826E-5
-121.083323	1.915296E-5
-121.062694	2.161662E-5
-121.042065	2.312660E-5
-121.021436	2.368291E-5
-121.000807	2.423922E-5
-120.980178	2.471606E-5
-120.959550	2.463659E-5
-120.938921	2.280871E-5
-120.918292	1.915296E-5
-120.897663	1.486142E-5
-120.877034	1.120567E-5
-120.856405	6.993612E-6
-120.835777	2.066294E-6
-120.815148	-1.827876E-6
-120.794519	-6.834666E-6
-120.773890	-1.120567E-5
-120.753261	-1.430511E-5
-120.732633	-1.796087E-5
-120.712004	-2.201398E-5
-120.691375	-2.463659E-5
-120.670746	-2.765656E-5
-120.650117	-3.051758E-5
-120.629488	-3.091494E-5
-120.608860	-2.988180E-5
-120.588231	-2.845128E-5
-120.567602	-2.527237E-5
-120.546973	-2.201398E-5
-120.526344	-1.740456E-5
-120.505716	-1.327197E-5
-120.485087	-8.503596E-6
-120.464458	-3.496806E-6
-120.443829	2.384186E-6
-120.423200	8.980433E-6
-120.402571	1.343091E-5
-120.381943	1.796087E-5
-120.361314	2.249082E-5
-120.340685	2.551079E-5
-120.320056	2.678235E-5
-120.299427	2.861023E-5
-120.278798	2.853076E-5
-120.258170	2.821287E-5
-120.237541	2.447764E-5
-120.216912	2.026558E-5
-120.196283	1.533826E-5
-120.175654	9.139379E-6
-120.155026	4.132589E-6
-120.134397	-2.543132E-6
-120.113768	-9.457270E-6
-120.093139	-1.637141E-5
-120.072510	-2.209345E-5
-120.051881	-2.725919E-5
-120.031253	-3.123283E-5
-120.010624	-3.337860E-5
-119.989995	-3.504753E-5
-119.969366	-3.568331E-5
-119.948737	-3.631910E-5
-119.928109	-3.472964E-5
-119.907480	-3.274282E-5
-119.886851	-3.019969E-5
-119.866222	-2.813339E-5
-119.845593	-2.447764E-5
-119.824964	-1.962980E-5
-119.804336	-1.613299E-5
-119.783707	-1.287460E-5
-119.763078	-9.298325E-6
-119.742449	-6.596247E-6
-119.721820	-4.291534E-6
-119.701191	-1.509984E-6
-119.680563	7.947286E-7
-119.659934	2.463659E-6
-119.639305	4.132589E-6
-119.618676	5.880992E-6
-119.598047	6.119410E-6
-119.577419	5.880992E-6
-119.556790	6.357829E-6
-119.536161	6.596247E-6
-119.515532	6.834666E-6
-119.494903	6.993612E-6
-119.474274	7.470449E-6
-119.453646	8.344650E-6
-119.433017	8.900960E-6
-119.412388	9.377797E-6
-119.391759	1.041094E-5
-119.371130	1.160304E-5
-119.350502	1.311302E-5
-119.329873	1.422564E-5
-119.309244	1.494090E-5
-119.288615	1.653035E-5
-119.267986	1.668930E-5
-119.247357	1.692772E-5
-119.226729	1.676877E-5
-119.206100	1.605352E-5
-119.185471	1.549721E-5
-119.164842	1.343091E-5
-119.144213	1.080831E-5
-119.123584	8.265177E-6
-119.102956	5.086263E-6
-119.082327	1.668930E-6
-119.061698	-1.986821E-6
-119.041069	-6.357829E-6
-119.020440	-8.900960E-6
-118.999812	-1.192093E-5
-118.979183	-1.517932E-5
-118.958554	-1.780192E-5
-118.937925	-1.970927E-5
-118.917296	-2.034505E-5
-118.896667	-2.106031E-5
-118.876039	-2.129873E-5
-118.855410	-2.137820E-5
-118.834781	-2.066294E-5
-118.814152	-1.859665E-5
-118.793523	-1.668930E-5
-118.772895	-1.311302E-5
-118.752266	-1.049042E-5
-118.731637	-7.152557E-6
-118.711008	-3.496806E-6
-118.690379	4.768372E-7
-118.669750	4.132589E-6
-118.649122	7.390976E-6
-118.628493	8.900960E-6
-118.607864	1.041094E-5
-118.587235	1.144409E-5
-118.566606	1.160304E-5
-118.545977	1.215935E-5
-118.525349	1.200040E-5
-118.504720	1.144409E-5
-118.484091	1.025200E-5
-118.463462	8.583069E-6
-118.442833	6.278356E-6
-118.422205	4.768372E-6
-118.401576	3.576279E-6
-118.380947	1.986821E-6
-118.360318	1.589457E-7
-118.339689	-2.781550E-6
-118.319060	-5.006790E-6
-118.298432	-4.847844E-6
-118.277803	-6.039937E-6
-118.257174	-6.675720E-6
-118.236545	-6.596247E-6
-118.215916	-7.390976E-6
-118.195288	-7.232030E-6
-118.174659	-5.801519E-6
-118.154030	-4.609426E-6
-118.133401	-3.099442E-6
-118.112772	-1.986821E-6
-118.092143	-1.271566E-6
-118.071515	-9.536743E-7
-118.050886	-3.178914E-7
-118.030257	7.947286E-8
-118.009628	0.000000
-117.988999	-6.357829E-7
-117.968370	-3.973643E-7
-117.947742	-4.768372E-7
-117.927113	-1.271566E-6
-117.906484	-2.066294E-6
-117.885855	-2.304713E-6
-117.865226	-1.827876E-6
-117.844598	-1.827876E-6
-117.823969	-1.271566E-6
-117.803340	-1.589457E-6
-117.782711	-1.271566E-6
-117.762082	2.384186E-7
-117.741453	1.430511E-6
-117.720825	2.622604E-6
-117.700196	3.258387E-6
-117.679567	3.814697E-6
-117.658938	5.006790E-6
-117.638309	6.198883E-6
-117.617681	7.470449E-6
-117.597052	9.059906E-6
-117.576423	9.536743E-6
-117.555794	1.056989E-5
-117.535165	1.056989E-5
-117.514536	1.056989E-5
-117.493908	1.033147E-5
-117.473279	9.377797E-6
-117.452650	9.139379E-6
-117.432021	8.185705E-6
-117.411392	6.516774E-6
-117.390764	4.927317E-6
-117.370135	3.417333E-6
-117.349506	2.145767E-6
-117.328877	2.384186E-7
-117.308248	-1.192093E-6
-117.287619	-3.814697E-6
-117.266991	-6.993612E-6
-117.246362	-9.854635E-6
-117.225733	-1.112620E-5
-117.205104	-1.255671E-5
-117.184475	-1.486142E-5
-117.163846	-1.645088E-5
-117.143218	-1.796087E-5
-117.122589	-1.827876E-5
-117.101960	-1.716614E-5
-117.081331	-1.549721E-5
-117.060702	-1.422564E-5
-117.040074	-1.287460E-5
-117.019445	-1.104673E-5
-116.998816	-8.583069E-6
-116.978187	-5.245209E-6
-116.957558	-2.145767E-6
-116.936929	3.178914E-7
-116.916301	3.258387E-6
-116.895672	6.596247E-6
-116.875043	9.059906E-6
-116.854414	9.934107E-6
-116.833785	1.120567E-5
-116.813157	1.231829E-5
-116.792528	1.335144E-5
-116.771899	1.343091E-5
-116.751270	1.271566E-5
-116.730641	1.271566E-5
-116.710012	1.207987E-5
-116.689384	1.104673E-5
-116.668755	9.854635E-6
-116.648126	8.026759E-6
-116.627497	6.119410E-6
-116.606868	3.894170E-6
-116.586239	1.192093E-6
-116.565611	-1.668930E-6
-116.544982	-4.371007E-6
-116.524353	-6.437302E-6
-116.503724	-7.311503E-6
-116.483095	-9.377797E-6
-116.462467	-1.088778E-5
-116.441838	-1.263618E-5
-116.421209	-1.303355E-5
-116.400580	-1.390775E-5
-116.379951	-1.438459E-5
-116.359322	-1.390775E-5
-116.338694	-1.319249E-5
-116.318065	-1.263618E-5
-116.297436	-1.128515E-5
-116.276807	-1.056989E-5
-116.256178	-9.298325E-6
-116.235550	-7.232030E-6
-116.214921	-4.609426E-6
-116.194292	-2.145767E-6
-116.173663	2.384186E-7
-116.153034	2.304713E-6
-116.132405	3.178914E-6
-116.111777	4.371007E-6
-116.091148	5.324682E-6
-116.070519	6.357829E-6
-116.049890	6.198883E-6
-116.029261	7.152557E-6
-116.008632	7.073085E-6
-115.988004	6.039937E-6
-115.967375	4.768372E-6
-115.946746	4.450480E-6
-115.926117	3.973643E-6
-115.905488	4.688899E-6
-115.884860	5.165736E-6
-115.864231	4.212062E-6
-115.843602	3.258387E-6
-115.822973	2.940496E-6
-115.802344	3.258387E-6
-115.781715	3.576279E-6
-115.761087	3.337860E-6
-115.740458	2.940496E-6
-115.719829	2.861023E-6
-115.699200	2.702077E-6
-115.678571	2.384186E-6
-115.657943	1.827876E-6
-115.637314	7.947286E-7
-115.616685	1.112620E-6
-115.596056	1.033147E-6
-115.575427	7.947286E-7
-115.554798	7.152557E-7
-115.534170	5.563100E-7
-115.513541	3.973643E-7
-115.492912	1.430511E-6
-115.472283	1.907349E-6
-115.451654	1.112620E-6
-115.431025	7.152557E-7
-115.410397	8.742015E-7
-115.389768	5.563100E-7
-115.369139	-6.357829E-7
-115.348510	-1.271566E-6
-115.327881	-1.986821E-6
-115.307253	-2.463659E-6
-115.286624	-3.417333E-6
-115.265995	-5.404154E-6
-115.245366	-7.073085E-6
-115.224737	-8.742015E-6
-115.204108	-9.775162E-6
-115.183480	-1.056989E-5
-115.162851	-1.049042E-5
-115.142222	-1.144409E-5
-115.121593	-1.176198E-5
-115.100964	-1.136462E-5
-115.080336	-1.096725E-5
-115.059707	-9.934107E-6
-115.039078	-9.059906E-6
-115.018449	-6.834666E-6
-114.997820	-4.529953E-6
-114.977191	-2.940496E-6
-114.956563	-1.907349E-6
-114.935934	-3.178914E-7
-114.915305	5.563100E-7
-114.894676	1.986821E-6
-114.874047	2.304713E-6
-114.853418	3.019969E-6
-114.832790	2.543132E-6
-114.812161	1.907349E-6
-114.791532	1.192093E-6
-114.770903	7.947286E-7
-114.750274	3.973643E-7
-114.729646	-2.384186E-7
-114.709017	-1.668930E-6
-114.688388	-3.258387E-6
-114.667759	-3.576279E-6
-114.647130	-3.814697E-6
-114.626501	-4.847844E-6
-114.605873	-5.483627E-6
-114.585244	-5.801519E-6
-114.564615	-5.880992E-6
-114.543986	-6.039937E-6
-114.523357	-5.801519E-6
-114.502729	-6.437302E-6
-114.482100	-6.437302E-6
-114.461471	-6.755193E-6
-114.440842	-5.801519E-6
-114.420213	-5.245209E-6
-114.399584	-5.086263E-6
-114.378956	-5.404154E-6
-114.358327	-4.529953E-6
-114.337698	-4.291534E-6
-114.317069	-4.053116E-6
-114.296440	-3.099442E-6
-114.275811	-2.145767E-6
-114.255183	-6.357829E-7
-114.234554	8.742015E-7
-114.213925	1.509984E-6
-114.193296	1.827876E-6
-114.172667	2.384186E-6
-114.152039	4.212062E-6
-114.131410	6.039937E-6
-114.110781	6.914139E-6
-114.090152	6.914139E-6
-114.069523	7.549922E-6
-114.048894	8.185705E-6
-114.028266	8.742015E-6
-114.007637	9.218852E-6
-113.987008	1.064936E-5
-113.966379	1.184146E-5
-113.945750	1.088778E-5
-113.925122	1.001358E-5
-113.904493	9.457270E-6
-113.883864	9.059906E-6
-113.863235	8.900960E-6
-113.842606	8.662542E-6
-113.821977	7.232030E-6
-113.801349	6.039937E-6
-113.780720	6.437302E-6
-113.760091	5.404154E-6
-113.739462	3.576279E-6
-113.718833	2.543132E-6
-113.698204	1.668930E-6
-113.677576	4.768372E-7
-113.656947	-1.748403E-6
-113.636318	-3.178914E-6
-113.615689	-3.973643E-6
-113.595060	-4.450480E-6
-113.574432	-5.404154E-6
-113.553803	-7.073085E-6
-113.533174	-7.708867E-6
-113.512545	-7.390976E-6
-113.491916	-8.424123E-6
-113.471287	-9.616216E-6
-113.450659	-1.041094E-5
-113.430030	-1.080831E-5
-113.409401	-1.064936E-5
-113.388772	-1.104673E-5
-113.368143	-1.120567E-5
-113.347515	-1.080831E-5
-113.326886	-9.616216E-6
-113.306257	-9.139379E-6
-113.285628	-7.073085E-6
-113.264999	-5.324682E-6
-113.244370	-3.735224E-6
-113.223742	-7.152557E-7
-113.203113	2.861023E-6
-113.182484	5.642573E-6
-113.161855	8.583069E-6
-113.141226	1.088778E-5
-113.120597	1.184146E-5
-113.099969	1.327197E-5
-113.079340	1.366933E-5
-113.058711	1.335144E-5
-113.038082	1.200040E-5
-113.017453	1.049042E-5
-112.996825	8.503596E-6
-112.976196	7.232030E-6
-112.955567	5.722046E-6
-112.934938	2.304713E-6
-112.914309	3.973643E-7
-112.893680	-1.430511E-6
-112.873052	-3.814697E-6
-112.852423	-5.086263E-6
-112.831794	-5.801519E-6
-112.811165	-6.198883E-6
-112.790536	-6.914139E-6
-112.769908	-7.549922E-6
-112.749279	-6.357829E-6
-112.728650	-6.119410E-6
-112.708021	-6.119410E-6
-112.687392	-5.960464E-6
-112.666763	-4.927317E-6
-112.646135	-4.450480E-6
-112.625506	-3.496806E-6
-112.604877	-2.702077E-6
-112.584248	-1.589457E-6
-112.563619	-1.430511E-6
-112.542990	3.973643E-7
-112.522362	8.742015E-7
-112.501733	4.768372E-7
-112.481104	1.509984E-6
-112.460475	1.351039E-6
-112.439846	6.357829E-7
-112.419218	7.152557E-7
-112.398589	-7.947286E-8
-112.377960	-1.986821E-6
-112.357331	-4.212062E-6
-112.336702	-5.483627E-6
-112.316073	-6.755193E-6
-112.295445	-8.503596E-6
-112.274816	-8.424123E-6
-112.254187	-1.017253E-5
-112.233558	-1.144409E-5
-112.212929	-1.215935E-5
-112.192301	-1.255671E-5
-112.171672	-1.120567E-5
-112.151043	-1.064936E-5
-112.130414	-9.695689E-6
-112.109785	-8.344650E-6
-112.089156	-6.198883E-6
-112.068528	-3.099442E-6
-112.047899	4.768372E-7
-112.027270	4.132589E-6
-112.006641	7.152557E-6
-111.986012	1.009305E-5
-111.965383	1.136462E-5
-111.944755	1.374880E-5
-111.924126	1.605352E-5
-111.903497	1.740456E-5
-111.882868	1.716614E-5
-111.862239	1.645088E-5
-111.841611	1.660983E-5
-111.820982	1.637141E-5
-111.800353	1.494090E-5
-111.779724	1.398722E-5
-111.759095	1.239777E-5
-111.738466	1.056989E-5
-111.717838	9.059906E-6
-111.697209	7.390976E-6
-111.676580	6.596247E-6
-111.655951	4.529953E-6
-111.635322	2.463659E-6
-111.614694	9.536743E-7
-111.594065	0.000000
-111.573436	-7.152557E-7
-111.552807	-2.543132E-6
-111.532178	-4.132589E-6
-111.511549	-4.450480E-6
-111.490921	-4.847844E-6
-111.470292	-3.576279E-6
-111.449663	-3.099442E-6
-111.429034	-2.861023E-6
-111.408405	-1.907349E-6
-111.387776	0.000000
-111.367148	2.304713E-6
-111.346519	4.847844E-6
-111.325890	8.583069E-6
-111.305261	1.231829E-5
-111.284632	1.494090E-5
-111.264004	1.621246E-5
-111.243375	1.835823E-5
-111.222746	1.978874E-5
-111.202117	2.058347E-5
-111.181488	2.042452E-5
-111.160859	2.026558E-5
-111.140231	2.042452E-5
-111.119602	1.851718E-5
-111.098973	1.756350E-5
-111.078344	1.597404E-5
-111.057715	1.398722E-5
-111.037087	1.287460E-5
-111.016458	1.064936E-5
-110.995829	9.059906E-6
-110.975200	8.185705E-6
-110.954571	6.039937E-6
-110.933942	5.324682E-6
-110.913314	5.006790E-6
-110.892685	5.642573E-6
-110.872056	6.357829E-6
-110.851427	7.629395E-6
-110.830798	8.344650E-6
-110.810170	9.457270E-6
-110.789541	1.168251E-5
-110.768912	1.406670E-5
-110.748283	1.589457E-5
-110.727654	1.859665E-5
-110.707025	2.058347E-5
-110.686397	2.201398E-5
-110.665768	2.328555E-5
-110.645139	2.479553E-5
-110.624510	2.551079E-5
-110.603881	2.447764E-5
-110.583252	2.344449E-5
-110.562624	2.264977E-5
-110.541995	2.098083E-5
-110.521366	1.851718E-5
-110.500737	1.605352E-5
-110.480108	1.374880E-5
-110.459480	1.120567E-5
-110.438851	8.424123E-6
-110.418222	6.357829E-6
-110.397593	4.291534E-6
-110.376964	2.781550E-6
-110.356335	1.589457E-6
-110.335707	1.112620E-6
-110.315078	4.768372E-7
-110.294449	5.563100E-7
-110.273820	6.357829E-7
-110.253191	2.225240E-6
-110.232563	4.291534E-6
-110.211934	6.357829E-6
-110.191305	8.344650E-6
-110.170676	1.033147E-5
-110.150047	1.088778E-5
-110.129418	1.136462E-5
-110.108790	1.200040E-5
-110.088161	1.176198E-5
-110.067532	1.064936E-5
-110.046903	9.536743E-6
-110.026274	7.390976E-6
-110.005645	4.371007E-6
-109.985017	6.357829E-7
-109.964388	-2.861023E-6
-109.943759	-7.152557E-6
-109.923130	-1.001358E-5
-109.902501	-1.287460E-5
-109.881873	-1.676877E-5
-109.861244	-2.058347E-5
-109.840615	-2.344449E-5
-109.819986	-2.447764E-5
-109.799357	-2.543132E-5
-109.778728	-2.694130E-5
-109.758100	-2.614657E-5
-109.737471	-2.598763E-5
-109.716842	-2.495448E-5
-109.696213	-2.487501E-5
-109.675584	-2.408028E-5
-109.654956	-2.328555E-5
-109.634327	-2.177556E-5
-109.613698	-2.137820E-5
-109.593069	-2.042452E-5
-109.572440	-1.843770E-5
-109.551811	-1.692772E-5
-109.531183	-1.716614E-5
-109.510554	-1.645088E-5
-109.489925	-1.565615E-5
-109.469296	-1.589457E-5
-109.448667	-1.645088E-5
-109.428038	-1.756350E-5
-109.407410	-1.764297E-5
-109.386781	-1.827876E-5
-109.366152	-1.939138E-5
-109.345523	-2.042452E-5
-109.324894	-2.225240E-5
-109.304266	-2.352397E-5
-109.283637	-2.408028E-5
-109.263008	-2.543132E-5
-109.242379	-2.654394E-5
-109.221750	-2.662341E-5
-109.201121	-2.725919E-5
-109.180493	-2.686183E-5
-109.159864	-2.606710E-5
-109.139235	-2.479553E-5
-109.118606	-2.376239E-5
-109.097977	-2.113978E-5
-109.077349	-1.859665E-5
-109.056720	-1.549721E-5
-109.036091	-1.247724E-5
-109.015462	-1.025200E-5
-108.994833	-7.390976E-6
-108.974204	-4.927317E-6
-108.953576	-2.622604E-6
-108.932947	-1.589457E-6
-108.912318	-1.033147E-6
-108.891689	-7.947286E-7
-108.871060	-2.463659E-6
-108.850431	-4.688899E-6
-108.829803	-6.675720E-6
-108.809174	-9.854635E-6
-108.788545	-1.271566E-5
-108.767916	-1.454353E-5
-108.747287	-1.740456E-5
-108.726659	-2.137820E-5
-108.706030	-2.646446E-5
-108.685401	-2.948443E-5
-108.664772	-2.948443E-5
-108.644143	-2.821287E-5
-108.623514	-2.741814E-5
-108.602886	-2.757708E-5
-108.582257	-2.598763E-5
-108.561628	-2.272924E-5
-108.540999	-1.907349E-5
-108.520370	-1.446406E-5
-108.499742	-8.026759E-6
-108.479113	-7.947286E-7
-108.458484	5.642573E-6
-108.437855	1.247724E-5
-108.417226	1.788139E-5
-108.396597	2.368291E-5
-108.375969	2.932549E-5
-108.355340	3.393491E-5
-108.334711	3.727277E-5
-108.314082	4.084905E-5
-108.293453	4.442533E-5
-108.272824	4.649162E-5
-108.252196	4.696846E-5
-108.231567	4.514058E-5
-108.210938	4.426638E-5
-108.190309	4.204114E-5
-108.169680	3.949801E-5
-108.149052	3.544490E-5
-108.128423	3.019969E-5
-108.107794	2.439817E-5
-108.087165	1.891454E-5
-108.066536	1.430511E-5
-108.045907	1.080831E-5
-108.025279	6.675720E-6
-108.004650	2.702077E-6
-107.984021	1.589457E-7
-107.963392	2.384186E-7
-107.942763	4.768372E-7
-107.922135	1.986821E-6
-107.901506	3.099442E-6
-107.880877	5.722046E-6
-107.860248	7.549922E-6
-107.839619	1.064936E-5
-107.818990	1.462301E-5
-107.798362	1.875559E-5
-107.777733	2.320608E-5
-107.757104	2.630552E-5
-107.736475	2.964338E-5
-107.715846	3.337860E-5
-107.695217	3.631910E-5
-107.674589	3.846486E-5
-107.653960	4.092852E-5
-107.633331	4.386902E-5
-107.612702	4.506111E-5
-107.592073	4.641215E-5
-107.571445	4.752477E-5
-107.550816	4.808108E-5
-107.530187	4.744530E-5
-107.509558	4.609426E-5
-107.488929	4.490217E-5
-107.468300	4.442533E-5
-107.447672	4.371007E-5
-107.427043	4.315376E-5
-107.406414	4.188220E-5
-107.385785	4.204114E-5
-107.365156	4.204114E-5
-107.344528	4.204114E-5
-107.323899	4.355113E-5
-107.303270	4.410744E-5
-107.282641	4.561742E-5
-107.262012	4.625320E-5
-107.241383	4.895528E-5
-107.220755	5.245209E-5
-107.200126	5.420049E-5
-107.179497	5.666415E-5
-107.158868	5.880992E-5
-107.138239	6.119410E-5
-107.117610	6.182988E-5
-107.096982	6.445249E-5
-107.076353	6.564458E-5
-107.055724	6.612142E-5
-107.035095	6.643931E-5
-107.014466	6.548564E-5
-106.993838	6.429354E-5
-106.973209	6.278356E-5
-106.952580	6.103516E-5
-106.931951	5.841255E-5
-106.911322	5.531311E-5
-106.890693	5.253156E-5
-106.870065	4.919370E-5
-106.849436	4.553795E-5
-106.828807	4.283587E-5
-106.808178	4.204114E-5
-106.787549	4.180272E-5
-106.766921	4.013379E-5
-106.746292	3.925959E-5
-106.725663	3.989538E-5
-106.705034	4.196167E-5
-106.684405	4.474322E-5
-106.663776	4.720688E-5
-106.643148	4.871686E-5
-106.622519	4.943212E-5
-106.601890	5.022685E-5
-106.581261	5.086263E-5
-106.560632	5.022685E-5
-106.540003	4.879634E-5
-106.519375	4.577637E-5
-106.498746	4.180272E-5
-106.478117	3.751119E-5
-106.457488	3.178914E-5
-106.436859	2.543132E-5
-106.416231	1.716614E-5
-106.395602	6.675720E-6
-106.374973	-4.847844E-6
-106.354344	-1.390775E-5
-106.333715	-2.503395E-5
-106.313086	-3.655752E-5
-106.292458	-4.839897E-5
-106.271829	-5.920728E-5
-106.251200	-6.802877E-5
-106.230571	-7.597605E-5
-106.209942	-8.281072E-5
-106.189314	-8.781751E-5
-106.168685	-9.155273E-5
-106.148056	-9.632111E-5
-106.127427	-9.973844E-5
-106.106798	-0.000102
-106.086169	-0.000105
-106.065541	-0.000109
-106.044912	-0.000113
-106.024283	-0.000117
-106.003654	-0.000121
-105.983025	-0.000124
-105.962396	-0.000126
-105.941768	-0.000129
-105.921139	-0.000132
-105.900510	-0.000134
-105.879881	-0.000135
-105.859252	-0.000136
-105.838624	-0.000138
-105.817995	-0.000137
-105.797366	-0.000136
-105.776737	-0.000135
-105.756108	-0.000134
-105.735479	-0.000132
-105.714851	-0.000132
-105.694222	-0.000132
-105.673593	-0.000131
-105.652964	-0.000130
-105.632335	-0.000130
-105.611707	-0.000129
-105.591078	-0.000130
-105.570449	-0.000130
-105.549820	-0.000131
-105.529191	-0.000133
-105.508562	-0.000137
-105.487934	-0.000143
-105.467305	-0.000151
-105.446676	-0.000159
-105.426047	-0.000168
-105.405418	-0.000181
-105.384789	-0.000191
-105.364161	-0.000201
-105.343532	-0.000209
-105.322903	-0.000216
-105.302274	-0.000219
-105.281645	-0.000219
-105.261017	-0.000214
-105.240388	-0.000205
-105.219759	-0.000190
-105.199130	-0.000175
-105.178501	-0.000159
-105.157872	-0.000146
-105.137244	-0.000137
-105.116615	-0.000138
-105.095986	-0.000154
-105.075357	-0.000187
-105.054728	-0.000240
-105.034100	-0.000316
-105.013471	-0.000409
-104.992842	-0.000521
-104.972213	-0.000661
-104.951584	-0.000821
-104.930955	-0.000993
-104.910327	-0.001179
-104.889698	-0.001360
-104.869069	-0.001530
-104.848440	-0.001679
-104.827811	-0.001803
-104.807182	-0.001890
-104.786554	-0.001939
-104.765925	-0.001935
-104.745296	-0.001887
-104.724667	-0.001780
-104.704038	-0.001614
-104.683410	-0.001401
-104.662781	-0.001121
-104.642152	-0.000799
-104.621523	-0.000442
-104.600894	-5.547206E-5
-104.580265	0.000338
-104.559637	0.000728
-104.539008	0.001111
-104.518379	0.001463
-104.497750	0.001778
-104.477121	0.002057
-104.456493	0.002300
-104.435864	0.002506
-104.415235	0.002662
-104.394606	0.002753
-104.373977	0.002791
-104.353348	0.002782
-104.332720	0.002724
-104.312091	0.002625
-104.291462	0.002488
-104.270833	0.002335
-104.250204	0.002155
-104.229576	0.001960
-104.208947	0.001750
-104.188318	0.001556
-104.167689	0.001355
-104.147060	0.001160
-104.126431	0.000966
-104.105803	0.000778
-104.085174	0.000601
-104.064545	0.000432
-104.043916	0.000283
-104.023287	0.000150
-104.002658	2.940496E-5
-103.982030	-7.025401E-5
-103.961401	-0.000157
-103.940772	-0.000234
-103.920143	-0.000296
-103.899514	-0.000346
-103.878886	-0.000387
-103.858257	-0.000418
-103.837628	-0.000440
-103.816999	-0.000454
-103.796370	-0.000464
-103.775741	-0.000470
-103.755113	-0.000471
-103.734484	-0.000465
-103.713855	-0.000457
-103.693226	-0.000449
-103.672597	-0.000439
-103.651969	-0.000427
-103.631340	-0.000414
-103.610711	-0.000400
-103.590082	-0.000384
-103.569453	-0.000366
-103.548824	-0.000348
-103.528196	-0.000334
-103.507567	-0.000319
-103.486938	-0.000304
-103.466309	-0.000290
-103.445680	-0.000275
-103.425051	-0.000263
-103.404423	-0.000250
-103.383794	-0.000236
-103.363165	-0.000223
-103.342536	-0.000212
-103.321907	-0.000201
-103.301279	-0.000190
-103.280650	-0.000181
-103.260021	-0.000172
-103.239392	-0.000165
-103.218763	-0.000158
-103.198134	-0.000151
-103.177506	-0.000144
-103.156877	-0.000136
-103.136248	-0.000129
-103.115619	-0.000124
-103.094990	-0.000118
-103.074362	-0.000113
-103.053733	-0.000108
-103.033104	-0.000103
-103.012475	-9.806951E-5
-102.991846	-9.369850E-5
-102.971217	-9.028117E-5
-102.950589	-8.670489E-5
-102.929960	-8.368492E-5
-102.909331	-8.034706E-5
-102.888702	-7.708867E-5
-102.868073	-7.454554E-5
-102.847444	-7.255872E-5
-102.826816	-6.961823E-5
-102.806187	-6.643931E-5
-102.785558	-6.405512E-5
-102.764929	-6.159147E-5
-102.744300	-5.936623E-5
-102.723672	-5.785624E-5
-102.703043	-5.658468E-5
-102.682414	-5.388260E-5
-102.661785	-5.173683E-5
-102.641156	-5.038579E-5
-102.620527	-4.887581E-5
-102.599899	-4.712741E-5
-102.579270	-4.474322E-5
-102.558641	-4.339218E-5
-102.538012	-4.299482E-5
-102.517383	-4.204114E-5
-102.496755	-4.013379E-5
-102.476126	-3.854434E-5
-102.455497	-3.655752E-5
-102.434868	-3.616015E-5
-102.414239	-3.496806E-5
-102.393610	-3.321966E-5
-102.372982	-3.170967E-5
-102.352353	-3.059705E-5
-102.331724	-2.908707E-5
-102.311095	-2.749761E-5
-102.290466	-2.614657E-5
-102.269837	-2.582868E-5
-102.249209	-2.471606E-5
-102.228580	-2.455711E-5
-102.207951	-2.320608E-5
-102.187322	-2.161662E-5
-102.166693	-2.074242E-5
-102.146065	-2.010663E-5
-102.125436	-1.939138E-5
-102.104807	-1.804034E-5
-102.084178	-1.692772E-5
-102.063549	-1.621246E-5
-102.042920	-1.557668E-5
-102.022292	-1.478195E-5
-102.001663	-1.351039E-5
-101.981034	-1.303355E-5
-101.960405	-1.247724E-5
-101.939776	-1.271566E-5
-101.919148	-1.160304E-5
-101.898519	-1.017253E-5
-101.877890	-8.821487E-6
-101.857261	-8.821487E-6
-101.836632	-8.980433E-6
-101.816003	-8.344650E-6
-101.795375	-7.788340E-6
-101.774746	-7.311503E-6
-101.754117	-7.152557E-6
-101.733488	-6.755193E-6
-101.712859	-5.086263E-6
-101.692230	-3.973643E-6
-101.671602	-4.212062E-6
-101.650973	-3.814697E-6
-101.630344	-4.450480E-6
-101.609715	-4.212062E-6
-101.589086	-3.655752E-6
-101.568458	-3.019969E-6
-101.547829	-2.861023E-6
-101.527200	-2.702077E-6
-101.506571	-2.145767E-6
-101.485942	-1.827876E-6
-101.465313	-1.668930E-6
-101.444685	-1.271566E-6
-101.424056	-1.192093E-6
-101.403427	-6.357829E-7
-101.382798	-8.742015E-7
-101.362169	-1.112620E-6
-101.341541	-1.112620E-6
-101.320912	-7.947286E-7
-101.300283	-7.152557E-7
-101.279654	5.563100E-7
-101.259025	1.351039E-6
-101.238396	8.742015E-7
-101.217768	9.536743E-7
-101.197139	1.192093E-6
-101.176510	1.271566E-6
-101.155881	1.668930E-6
-101.135252	2.066294E-6
-101.114623	1.668930E-6
-101.093995	2.145767E-6
-101.073366	1.668930E-6
-101.052737	1.271566E-6
-101.032108	1.589457E-6
-101.011479	1.351039E-6
-100.990851	1.430511E-6
-100.970222	1.748403E-6
-100.949593	1.827876E-6
-100.928964	1.668930E-6
-100.908335	1.827876E-6
-100.887706	1.509984E-6
-100.867078	1.033147E-6
-100.846449	5.563100E-7
-100.825820	9.536743E-7
-100.805191	1.509984E-6
-100.784562	2.225240E-6
-100.763934	1.827876E-6
-100.743305	1.589457E-6
-100.722676	1.907349E-6
-100.702047	2.145767E-6
-100.681418	1.827876E-6
-100.660789	2.145767E-6
-100.640161	1.430511E-6
-100.619532	7.947286E-7
-100.598903	8.742015E-7
-100.578274	1.033147E-6
-100.557645	1.748403E-6
-100.537016	2.066294E-6
-100.516388	1.033147E-6
-100.495759	9.536743E-7
-100.475130	1.271566E-6
-100.454501	1.907349E-6
-100.433872	2.304713E-6
-100.413244	1.589457E-6
-100.392615	1.430511E-6
-100.371986	1.748403E-6
-100.351357	1.986821E-6
-100.330728	2.066294E-6
-100.310099	2.543132E-6
-100.289471	2.622604E-6
-100.268842	1.907349E-6
-100.248213	1.192093E-6
-100.227584	1.668930E-6
-100.206955	1.907349E-6
-100.186327	1.748403E-6
-100.165698	1.430511E-6
-100.145069	1.192093E-6
-100.124440	9.536743E-7
-100.103811	1.668930E-6
-100.083182	8.742015E-7
-100.062554	6.357829E-7
-100.041925	9.536743E-7
-100.021296	1.430511E-6
