-142.000947	5.880992E-6
-141.980319	6.039937E-6
-141.959690	5.563100E-6
-141.939061	5.006790E-6
-141.918432	3.576279E-6
-141.897803	2.066294E-6
-141.877174	1.430511E-6
-141.856546	-3.178914E-7
-141.835917	-1.430511E-6
-141.815288	-1.509984E-6
-141.794659	-2.622604E-6
-141.774030	-3.894170E-6
-141.753401	-3.973643E-6
-141.732773	-4.132589E-6
-141.712144	-4.529953E-6
-141.691515	-5.483627E-6
-141.670886	-5.483627E-6
-141.650257	-5.801519E-6
-141.629629	-6.119410E-6
-141.609000	-4.927317E-6
-141.588371	-5.245209E-6
-141.567742	-5.245209E-6
-141.547113	-5.324682E-6
-141.526484	-4.609426E-6
-141.505856	-4.450480E-6
-141.485227	-4.053116E-6
-141.464598	-3.894170E-6
-141.443969	-3.973643E-6
-141.423340	-4.212062E-6
-141.402712	-3.576279E-6
-141.382083	-3.178914E-6
-141.361454	-3.655752E-6
-141.340825	-4.291534E-6
-141.320196	-4.847844E-6
-141.299567	-4.927317E-6
-141.278939	-5.801519E-6
-141.258310	-5.722046E-6
-141.237681	-4.927317E-6
-141.217052	-5.006790E-6
-141.196423	-5.483627E-6
-141.175794	-6.357829E-6
-141.155166	-6.198883E-6
-141.134537	-6.437302E-6
-141.113908	-6.834666E-6
-141.093279	-7.311503E-6
-141.072650	-7.073085E-6
-141.052022	-7.390976E-6
-141.031393	-7.629395E-6
-141.010764	-7.152557E-6
-140.990135	-6.516774E-6
-140.969506	-5.404154E-6
-140.948877	-4.768372E-6
-140.928249	-3.973643E-6
-140.907620	-3.496806E-6
-140.886991	-2.861023E-6
-140.866362	-2.145767E-6
-140.845733	-7.152557E-7
-140.825105	-3.973643E-7
-140.804476	-8.742015E-7
-140.783847	-1.033147E-6
-140.763218	-1.748403E-6
-140.742589	-2.066294E-6
-140.721960	-2.622604E-6
-140.701332	-3.894170E-6
-140.680703	-5.722046E-6
-140.660074	-7.788340E-6
-140.639445	-9.695689E-6
-140.618816	-1.128515E-5
-140.598187	-1.263618E-5
-140.577559	-1.358986E-5
-140.556930	-1.502037E-5
-140.536301	-1.660983E-5
-140.515672	-1.668930E-5
-140.495043	-1.517932E-5
-140.474415	-1.486142E-5
-140.453786	-1.438459E-5
-140.433157	-1.311302E-5
-140.412528	-1.144409E-5
-140.391899	-1.025200E-5
-140.371270	-8.503596E-6
-140.350642	-6.278356E-6
-140.330013	-3.576279E-6
-140.309384	-1.509984E-6
-140.288755	-1.589457E-7
-140.268126	1.271566E-6
-140.247498	2.622604E-6
-140.226869	3.258387E-6
-140.206240	4.291534E-6
-140.185611	5.006790E-6
-140.164982	4.609426E-6
-140.144353	3.973643E-6
-140.123725	2.940496E-6
-140.103096	2.861023E-6
-140.082467	2.145767E-6
-140.061838	5.563100E-7
-140.041209	-1.033147E-6
-140.020580	-2.781550E-6
-139.999952	-5.165736E-6
-139.979323	-6.755193E-6
-139.958694	-8.185705E-6
-139.938065	-9.536743E-6
-139.917436	-1.104673E-5
-139.896808	-1.192093E-5
-139.876179	-1.120567E-5
-139.855550	-1.112620E-5
-139.834921	-1.056989E-5
-139.814292	-9.377797E-6
-139.793663	-7.390976E-6
-139.773035	-5.722046E-6
-139.752406	-3.973643E-6
-139.731777	-2.384186E-6
-139.711148	-7.152557E-7
-139.690519	7.947286E-7
-139.669891	2.145767E-6
-139.649262	3.417333E-6
-139.628633	4.291534E-6
-139.608004	6.278356E-6
-139.587375	7.073085E-6
-139.566746	8.742015E-6
-139.546118	9.059906E-6
-139.525489	8.424123E-6
-139.504860	8.185705E-6
-139.484231	8.424123E-6
-139.463602	7.708867E-6
-139.442973	7.549922E-6
-139.422345	7.708867E-6
-139.401716	7.470449E-6
-139.381087	7.232030E-6
-139.360458	6.278356E-6
-139.339829	5.245209E-6
-139.319201	3.973643E-6
-139.298572	3.337860E-6
-139.277943	3.019969E-6
-139.257314	3.337860E-6
-139.236685	2.702077E-6
-139.216056	2.304713E-6
-139.195428	2.702077E-6
-139.174799	3.337860E-6
-139.154170	3.735224E-6
-139.133541	3.814697E-6
-139.112912	3.894170E-6
-139.092284	4.529953E-6
-139.071655	4.847844E-6
-139.051026	4.609426E-6
-139.030397	5.483627E-6
-139.009768	6.437302E-6
-138.989139	5.404154E-6
-138.968511	4.768372E-6
-138.947882	4.768372E-6
-138.927253	4.212062E-6
-138.906624	1.668930E-6
-138.885995	1.668930E-6
-138.865366	2.384186E-7
-138.844738	-1.112620E-6
-138.824109	-1.271566E-6
-138.803480	-3.099442E-6
-138.782851	-4.212062E-6
-138.762222	-5.086263E-6
-138.741594	-5.165736E-6
-138.720965	-5.245209E-6
-138.700336	-4.927317E-6
-138.679707	-4.212062E-6
-138.659078	-2.781550E-6
-138.638449	-1.192093E-6
-138.617821	1.033147E-6
-138.597192	1.827876E-6
-138.576563	3.099442E-6
-138.555934	5.245209E-6
-138.535305	6.834666E-6
-138.514677	7.549922E-6
-138.494048	8.424123E-6
-138.473419	9.377797E-6
-138.452790	9.298325E-6
-138.432161	9.457270E-6
-138.411532	9.616216E-6
-138.390904	9.298325E-6
-138.370275	9.854635E-6
-138.349646	8.583069E-6
-138.329017	7.152557E-6
-138.308388	6.437302E-6
-138.287759	5.483627E-6
-138.267131	4.132589E-6
-138.246502	2.622604E-6
-138.225873	1.986821E-6
-138.205244	1.907349E-6
-138.184615	1.748403E-6
-138.163987	1.509984E-6
-138.143358	2.463659E-6
-138.122729	2.940496E-6
-138.102100	2.384186E-6
-138.081471	1.748403E-6
-138.060842	2.463659E-6
-138.040214	3.178914E-6
-138.019585	3.655752E-6
-137.998956	3.894170E-6
-137.978327	3.178914E-6
-137.957698	2.304713E-6
-137.937070	1.112620E-6
-137.916441	7.152557E-7
-137.895812	1.033147E-6
-137.875183	-4.768372E-7
-137.854554	-4.768372E-7
-137.833925	-1.271566E-6
-137.813297	-1.589457E-6
-137.792668	-1.192093E-6
-137.772039	-1.748403E-6
-137.751410	-2.781550E-6
-137.730781	-2.940496E-6
-137.710152	-2.543132E-6
-137.689524	-3.258387E-6
-137.668895	-3.099442E-6
-137.648266	-2.622604E-6
-137.627637	-1.827876E-6
-137.607008	-8.742015E-7
-137.586380	-2.384186E-7
-137.565751	7.152557E-7
-137.545122	9.536743E-7
-137.524493	2.145767E-6
-137.503864	2.145767E-6
-137.483235	2.781550E-6
-137.462607	3.576279E-6
-137.441978	3.099442E-6
-137.421349	3.178914E-6
-137.400720	3.019969E-6
-137.380091	2.702077E-6
-137.359463	1.827876E-6
-137.338834	1.033147E-6
-137.318205	8.742015E-7
-137.297576	2.384186E-7
-137.276947	-8.742015E-7
-137.256318	-1.748403E-6
-137.235690	-2.304713E-6
-137.215061	-3.019969E-6
-137.194432	-4.371007E-6
-137.173803	-4.847844E-6
-137.153174	-5.324682E-6
-137.132545	-5.801519E-6
-137.111917	-6.834666E-6
-137.091288	-7.947286E-6
-137.070659	-9.377797E-6
-137.050030	-1.017253E-5
-137.029401	-1.056989E-5
-137.008773	-1.009305E-5
-136.988144	-1.033147E-5
-136.967515	-1.033147E-5
-136.946886	-1.049042E-5
-136.926257	-1.096725E-5
-136.905628	-1.112620E-5
-136.885000	-1.049042E-5
-136.864371	-9.536743E-6
-136.843742	-8.503596E-6
-136.823113	-6.437302E-6
-136.802484	-5.404154E-6
-136.781856	-4.768372E-6
-136.761227	-2.543132E-6
-136.740598	3.973643E-7
-136.719969	2.940496E-6
-136.699340	4.847844E-6
-136.678711	6.357829E-6
-136.658083	7.390976E-6
-136.637454	8.424123E-6
-136.616825	8.344650E-6
-136.596196	8.742015E-6
-136.575567	8.503596E-6
-136.554939	8.503596E-6
-136.534310	7.232030E-6
-136.513681	5.245209E-6
-136.493052	3.735224E-6
-136.472423	2.066294E-6
-136.451794	7.947286E-8
-136.431166	-3.019969E-6
-136.410537	-5.801519E-6
-136.389908	-7.311503E-6
-136.369279	-1.033147E-5
-136.348650	-1.207987E-5
-136.328021	-1.374880E-5
-136.307393	-1.517932E-5
-136.286764	-1.692772E-5
-136.266135	-1.764297E-5
-136.245506	-1.716614E-5
-136.224877	-1.565615E-5
-136.204249	-1.486142E-5
-136.183620	-1.327197E-5
-136.162991	-1.168251E-5
-136.142362	-1.017253E-5
-136.121733	-8.980433E-6
-136.101104	-8.106232E-6
-136.080476	-6.675720E-6
-136.059847	-4.927317E-6
-136.039218	-3.576279E-6
-136.018589	-2.622604E-6
-135.997960	-1.907349E-6
-135.977332	-1.271566E-6
-135.956703	-6.357829E-7
-135.936074	-2.384186E-7
-135.915445	1.430511E-6
-135.894816	3.814697E-6
-135.874187	5.801519E-6
-135.853559	6.039937E-6
-135.832930	5.880992E-6
-135.812301	5.880992E-6
-135.791672	6.357829E-6
-135.771043	6.516774E-6
-135.750414	6.357829E-6
-135.729786	5.880992E-6
-135.709157	5.165736E-6
-135.688528	4.371007E-6
-135.667899	3.019969E-6
-135.647270	2.066294E-6
-135.626642	1.986821E-6
-135.606013	1.112620E-6
-135.585384	-3.178914E-7
-135.564755	-1.351039E-6
-135.544126	-2.304713E-6
-135.523497	-3.019969E-6
-135.502869	-3.496806E-6
-135.482240	-4.688899E-6
-135.461611	-4.847844E-6
-135.440982	-5.324682E-6
-135.420353	-4.847844E-6
-135.399725	-3.576279E-6
-135.379096	-2.702077E-6
-135.358467	-2.304713E-6
-135.337838	-1.351039E-6
-135.317209	-6.357829E-7
-135.296580	-1.033147E-6
-135.275952	-7.947286E-7
-135.255323	-2.384186E-7
-135.234694	0.000000
-135.214065	4.768372E-7
-135.193436	1.589457E-7
-135.172807	7.947286E-8
-135.152179	-5.563100E-7
-135.131550	-9.536743E-7
-135.110921	-1.827876E-6
-135.090292	-1.986821E-6
-135.069663	-2.463659E-6
-135.049035	-2.861023E-6
-135.028406	-2.781550E-6
-135.007777	-3.019969E-6
-134.987148	-3.496806E-6
-134.966519	-2.940496E-6
-134.945890	-2.066294E-6
-134.925262	-1.351039E-6
-134.904633	8.742015E-7
-134.884004	1.589457E-6
-134.863375	2.463659E-6
-134.842746	3.417333E-6
-134.822118	3.735224E-6
-134.801489	5.324682E-6
-134.780860	5.960464E-6
-134.760231	5.880992E-6
-134.739602	5.006790E-6
-134.718973	3.417333E-6
-134.698345	2.702077E-6
-134.677716	1.351039E-6
-134.657087	-7.947286E-8
-134.636458	-2.145767E-6
-134.615829	-3.814697E-6
-134.595200	-5.563100E-6
-134.574572	-6.993612E-6
-134.553943	-8.503596E-6
-134.533314	-9.854635E-6
-134.512685	-1.120567E-5
-134.492056	-1.200040E-5
-134.471428	-1.112620E-5
-134.450799	-1.152356E-5
-134.430170	-1.160304E-5
-134.409541	-1.017253E-5
-134.388912	-9.536743E-6
-134.368283	-8.344650E-6
-134.347655	-7.629395E-6
-134.327026	-6.755193E-6
-134.306397	-6.675720E-6
-134.285768	-6.357829E-6
-134.265139	-5.801519E-6
-134.244511	-4.450480E-6
-134.223882	-3.417333E-6
-134.203253	-2.543132E-6
-134.182624	-1.271566E-6
-134.161995	-3.178914E-7
-134.141366	1.033147E-6
-134.120738	2.066294E-6
-134.100109	3.973643E-6
-134.079480	4.927317E-6
-134.058851	6.278356E-6
-134.038222	7.470449E-6
-134.017593	8.662542E-6
-133.996965	9.695689E-6
-133.976336	1.017253E-5
-133.955707	1.064936E-5
-133.935078	1.136462E-5
-133.914449	1.144409E-5
-133.893821	1.009305E-5
-133.873192	7.708867E-6
-133.852563	6.914139E-6
-133.831934	6.198883E-6
-133.811305	4.132589E-6
-133.790676	2.145767E-6
-133.770048	5.563100E-7
-133.749419	-1.351039E-6
-133.728790	-3.417333E-6
-133.708161	-4.688899E-6
-133.687532	-5.722046E-6
-133.666904	-7.232030E-6
-133.646275	-8.185705E-6
-133.625646	-9.218852E-6
-133.605017	-9.775162E-6
-133.584388	-9.457270E-6
-133.563759	-9.377797E-6
-133.543131	-9.377797E-6
-133.522502	-9.616216E-6
-133.501873	-8.503596E-6
-133.481244	-7.629395E-6
-133.460615	-7.549922E-6
-133.439986	-7.232030E-6
-133.419358	-6.516774E-6
-133.398729	-5.722046E-6
-133.378100	-4.768372E-6
-133.357471	-3.894170E-6
-133.336842	-3.417333E-6
-133.316214	-2.066294E-6
-133.295585	-7.152557E-7
-133.274956	8.742015E-7
-133.254327	2.622604E-6
-133.233698	3.973643E-6
-133.213069	5.165736E-6
-133.192441	6.437302E-6
-133.171812	6.516774E-6
-133.151183	7.311503E-6
-133.130554	8.742015E-6
-133.109925	9.695689E-6
-133.089297	1.025200E-5
-133.068668	1.025200E-5
-133.048039	1.056989E-5
-133.027410	9.854635E-6
-133.006781	8.265177E-6
-132.986152	7.073085E-6
-132.965524	5.324682E-6
-132.944895	5.722046E-6
-132.924266	4.450480E-6
-132.903637	2.463659E-6
-132.883008	1.271566E-6
-132.862379	7.152557E-7
-132.841751	-1.589457E-6
-132.821122	-2.463659E-6
-132.800493	-4.291534E-6
-132.779864	-6.278356E-6
-132.759235	-7.470449E-6
-132.738607	-8.106232E-6
-132.717978	-9.457270E-6
-132.697349	-9.934107E-6
-132.676720	-1.096725E-5
-132.656091	-1.080831E-5
-132.635462	-1.017253E-5
-132.614834	-8.821487E-6
-132.594205	-8.026759E-6
-132.573576	-8.503596E-6
-132.552947	-7.549922E-6
-132.532318	-5.006790E-6
-132.511690	-3.655752E-6
-132.491061	-2.066294E-6
-132.470432	-1.589457E-7
-132.449803	1.271566E-6
-132.429174	1.986821E-6
-132.408545	3.417333E-6
-132.387917	5.801519E-6
-132.367288	7.152557E-6
-132.346659	8.424123E-6
-132.326030	9.536743E-6
-132.305401	1.088778E-5
-132.284772	1.152356E-5
-132.264144	1.104673E-5
-132.243515	1.184146E-5
-132.222886	1.247724E-5
-132.202257	1.104673E-5
-132.181628	1.128515E-5
-132.161000	1.049042E-5
-132.140371	9.695689E-6
-132.119742	8.583069E-6
-132.099113	7.073085E-6
-132.078484	5.165736E-6
-132.057855	3.019969E-6
-132.037227	1.351039E-6
-132.016598	-8.742015E-7
-131.995969	-3.417333E-6
-131.975340	-6.357829E-6
-131.954711	-7.788340E-6
-131.934083	-9.139379E-6
-131.913454	-1.080831E-5
-131.892825	-1.136462E-5
-131.872196	-1.144409E-5
-131.851567	-1.128515E-5
-131.830938	-1.120567E-5
-131.810310	-1.064936E-5
-131.789681	-8.742015E-6
-131.769052	-7.311503E-6
-131.748423	-5.006790E-6
-131.727794	-2.702077E-6
-131.707165	-8.742015E-7
-131.686537	1.430511E-6
-131.665908	3.735224E-6
-131.645279	5.722046E-6
-131.624650	7.232030E-6
-131.604021	6.596247E-6
-131.583393	7.311503E-6
-131.562764	7.390976E-6
-131.542135	6.834666E-6
-131.521506	5.801519E-6
-131.500877	4.609426E-6
-131.480248	3.655752E-6
-131.459620	3.178914E-6
-131.438991	1.351039E-6
-131.418362	-1.033147E-6
-131.397733	-1.589457E-6
-131.377104	-3.576279E-6
-131.356476	-4.847844E-6
-131.335847	-4.768372E-6
-131.315218	-4.529953E-6
-131.294589	-4.927317E-6
-131.273960	-5.801519E-6
-131.253331	-5.642573E-6
-131.232703	-5.245209E-6
-131.212074	-3.655752E-6
-131.191445	-3.417333E-6
-131.170816	-2.463659E-6
-131.150187	-1.986821E-6
-131.129558	-1.827876E-6
-131.108930	-7.152557E-7
-131.088301	4.768372E-7
-131.067672	1.430511E-6
-131.047043	1.430511E-6
-131.026414	9.536743E-7
-131.005786	9.536743E-7
-130.985157	5.563100E-7
-130.964528	4.768372E-7
-130.943899	-1.430511E-6
-130.923270	-3.178914E-6
-130.902641	-4.371007E-6
-130.882013	-5.563100E-6
-130.861384	-5.563100E-6
-130.840755	-6.675720E-6
-130.820126	-7.232030E-6
-130.799497	-7.788340E-6
-130.778869	-8.662542E-6
-130.758240	-9.695689E-6
-130.737611	-1.017253E-5
-130.716982	-1.033147E-5
-130.696353	-1.009305E-5
-130.675724	-8.980433E-6
-130.655096	-8.106232E-6
-130.634467	-6.914139E-6
-130.613838	-6.198883E-6
-130.593209	-4.371007E-6
-130.572580	-2.225240E-6
-130.551952	-1.589457E-7
-130.531323	1.271566E-6
-130.510694	2.622604E-6
-130.490065	4.291534E-6
-130.469436	5.960464E-6
-130.448807	8.265177E-6
-130.428179	1.112620E-5
-130.407550	1.231829E-5
-130.386921	1.152356E-5
-130.366292	1.160304E-5
-130.345663	1.176198E-5
-130.325034	1.136462E-5
-130.304406	8.424123E-6
-130.283777	6.834666E-6
-130.263148	4.212062E-6
-130.242519	1.112620E-6
-130.221890	-1.509984E-6
-130.201262	-3.019969E-6
-130.180633	-5.165736E-6
-130.160004	-7.152557E-6
-130.139375	-9.695689E-6
-130.118746	-1.088778E-5
-130.098117	-1.207987E-5
-130.077489	-1.295408E-5
-130.056860	-1.207987E-5
-130.036231	-1.112620E-5
-130.015602	-1.025200E-5
-129.994973	-9.218852E-6
-129.974345	-7.708867E-6
-129.953716	-5.563100E-6
-129.933087	-2.940496E-6
-129.912458	-7.152557E-7
-129.891829	1.112620E-6
-129.871200	3.178914E-6
-129.850572	4.768372E-6
-129.829943	6.198883E-6
-129.809314	5.801519E-6
-129.788685	5.006790E-6
-129.768056	4.450480E-6
-129.747427	3.973643E-6
-129.726799	2.463659E-6
-129.706170	2.384186E-7
-129.685541	-1.827876E-6
-129.664912	-3.735224E-6
-129.644283	-5.801519E-6
-129.623655	-6.755193E-6
-129.603026	-8.583069E-6
-129.582397	-1.120567E-5
-129.561768	-1.247724E-5
-129.541139	-1.152356E-5
-129.520510	-1.215935E-5
-129.499882	-1.144409E-5
-129.479253	-1.104673E-5
-129.458624	-1.064936E-5
-129.437995	-9.139379E-6
-129.417366	-7.232030E-6
-129.396738	-5.165736E-6
-129.376109	-3.894170E-6
-129.355480	-2.940496E-6
-129.334851	-2.304713E-6
-129.314222	-1.271566E-6
-129.293593	-1.033147E-6
-129.272965	-1.351039E-6
-129.252336	-1.112620E-6
-129.231707	-3.178914E-7
-129.211078	-2.304713E-6
-129.190449	-2.940496E-6
-129.169820	-3.417333E-6
-129.149192	-4.609426E-6
-129.128563	-6.278356E-6
-129.107934	-7.152557E-6
-129.087305	-7.788340E-6
-129.066676	-8.900960E-6
-129.046048	-9.616216E-6
-129.025419	-1.033147E-5
-129.004790	-9.934107E-6
-128.984161	-9.139379E-6
-128.963532	-8.662542E-6
-128.942903	-7.311503E-6
-128.922275	-5.880992E-6
-128.901646	-4.212062E-6
-128.881017	-2.940496E-6
-128.860388	-1.351039E-6
-128.839759	-3.178914E-7
-128.819131	1.986821E-6
-128.798502	4.291534E-6
-128.777873	6.278356E-6
-128.757244	6.993612E-6
-128.736615	8.265177E-6
-128.715986	8.821487E-6
-128.695358	9.218852E-6
-128.674729	9.775162E-6
-128.654100	9.059906E-6
-128.633471	7.390976E-6
-128.612842	6.357829E-6
-128.592213	4.688899E-6
-128.571585	1.589457E-6
-128.550956	-1.986821E-6
-128.530327	-4.847844E-6
-128.509698	-6.755193E-6
-128.489069	-9.934107E-6
-128.468441	-1.184146E-5
-128.447812	-1.358986E-5
-128.427183	-1.613299E-5
-128.406554	-1.684825E-5
-128.385925	-1.525879E-5
-128.365296	-1.374880E-5
-128.344668	-1.223882E-5
-128.324039	-1.001358E-5
-128.303410	-6.596247E-6
-128.282781	-3.178914E-6
-128.262152	-1.033147E-6
-128.241524	1.748403E-6
-128.220895	4.847844E-6
-128.200266	7.947286E-6
-128.179637	1.136462E-5
-128.159008	1.358986E-5
-128.138379	1.494090E-5
-128.117751	1.565615E-5
-128.097122	1.597404E-5
-128.076493	1.509984E-5
-128.055864	1.327197E-5
-128.035235	1.192093E-5
-128.014606	9.536743E-6
-127.993978	7.152557E-6
-127.973349	3.814697E-6
-127.952720	1.827876E-6
-127.932091	7.947286E-8
-127.911462	-2.543132E-6
-127.890834	-5.006790E-6
-127.870205	-7.867813E-6
-127.849576	-1.072884E-5
-127.828947	-1.112620E-5
-127.808318	-1.144409E-5
-127.787689	-1.303355E-5
-127.767061	-1.358986E-5
-127.746432	-1.327197E-5
-127.725803	-1.184146E-5
-127.705174	-1.088778E-5
-127.684545	-9.298325E-6
-127.663917	-8.106232E-6
-127.643288	-6.675720E-6
-127.622659	-3.814697E-6
-127.602030	-7.947286E-7
-127.581401	1.509984E-6
-127.560772	2.622604E-6
-127.540144	4.371007E-6
-127.519515	7.311503E-6
-127.498886	9.457270E-6
-127.478257	1.009305E-5
-127.457628	1.176198E-5
-127.436999	1.160304E-5
-127.416371	1.120567E-5
-127.395742	1.064936E-5
-127.375113	9.218852E-6
-127.354484	7.708867E-6
-127.333855	6.437302E-6
-127.313227	3.814697E-6
-127.292598	1.192093E-6
-127.271969	-9.536743E-7
-127.251340	-2.861023E-6
-127.230711	-4.688899E-6
-127.210082	-5.324682E-6
-127.189454	-5.642573E-6
-127.168825	-6.119410E-6
-127.148196	-5.563100E-6
-127.127567	-5.324682E-6
-127.106938	-5.960464E-6
-127.086310	-5.642573E-6
-127.065681	-4.132589E-6
-127.045052	-2.463659E-6
-127.024423	-8.742015E-7
-127.003794	1.112620E-6
-126.983165	2.622604E-6
-126.962537	4.450480E-6
-126.941908	6.119410E-6
-126.921279	7.390976E-6
-126.900650	8.106232E-6
-126.880021	9.139379E-6
-126.859392	1.009305E-5
-126.838764	9.616216E-6
-126.818135	8.344650E-6
-126.797506	8.185705E-6
-126.776877	5.880992E-6
-126.756248	4.212062E-6
-126.735620	2.225240E-6
-126.714991	0.000000
-126.694362	-1.827876E-6
-126.673733	-3.655752E-6
-126.653104	-4.609426E-6
-126.632475	-6.039937E-6
-126.611847	-7.549922E-6
-126.591218	-7.232030E-6
-126.570589	-6.437302E-6
-126.549960	-5.324682E-6
-126.529331	-4.212062E-6
-126.508703	-1.827876E-6
-126.488074	6.357829E-7
-126.467445	2.622604E-6
-126.446816	5.165736E-6
-126.426187	7.629395E-6
-126.405558	1.025200E-5
-126.384930	1.335144E-5
-126.364301	1.502037E-5
-126.343672	1.645088E-5
-126.323043	1.668930E-5
-126.302414	1.589457E-5
-126.281785	1.478195E-5
-126.261157	1.343091E-5
-126.240528	1.271566E-5
-126.219899	1.072884E-5
-126.199270	7.629395E-6
-126.178641	4.371007E-6
-126.158013	1.509984E-6
-126.137384	-8.742015E-7
-126.116755	-3.019969E-6
-126.096126	-5.006790E-6
-126.075497	-7.152557E-6
-126.054868	-8.106232E-6
-126.034240	-9.775162E-6
-126.013611	-1.088778E-5
-125.992982	-1.096725E-5
-125.972353	-1.064936E-5
-125.951724	-9.695689E-6
-125.931096	-9.457270E-6
-125.910467	-9.457270E-6
-125.889838	-8.662542E-6
-125.869209	-7.629395E-6
-125.848580	-6.278356E-6
-125.827951	-4.291534E-6
-125.807323	-3.735224E-6
-125.786694	-2.304713E-6
-125.766065	-6.357829E-7
-125.745436	3.973643E-7
-125.724807	1.509984E-6
-125.704178	1.827876E-6
-125.683550	2.463659E-6
-125.662921	2.622604E-6
-125.642292	3.894170E-6
-125.621663	3.894170E-6
-125.601034	2.145767E-6
-125.580406	9.536743E-7
-125.559777	0.000000
-125.539148	-1.589457E-6
-125.518519	-3.735224E-6
-125.497890	-4.450480E-6
-125.477261	-4.927317E-6
-125.456633	-6.357829E-6
-125.436004	-7.549922E-6
-125.415375	-8.106232E-6
-125.394746	-8.583069E-6
-125.374117	-8.424123E-6
-125.353489	-7.708867E-6
-125.332860	-6.198883E-6
-125.312231	-4.768372E-6
-125.291602	-3.099442E-6
-125.270973	-2.066294E-6
-125.250344	-8.742015E-7
-125.229716	4.768372E-7
-125.209087	1.986821E-6
-125.188458	3.258387E-6
-125.167829	3.258387E-6
-125.147200	3.655752E-6
-125.126571	3.576279E-6
-125.105943	3.417333E-6
-125.085314	2.463659E-6
-125.064685	2.145767E-6
-125.044056	1.907349E-6
-125.023427	8.742015E-7
-125.002799	5.563100E-7
-124.982170	-1.589457E-7
-124.961541	-2.384186E-7
-124.940912	-1.907349E-6
-124.920283	-2.940496E-6
-124.899654	-5.086263E-6
-124.879026	-7.152557E-6
-124.858397	-9.854635E-6
-124.837768	-1.207987E-5
-124.817139	-1.549721E-5
-124.796510	-1.899401E-5
-124.775882	-2.328555E-5
-124.755253	-2.892812E-5
-124.734624	-3.345807E-5
-124.713995	-3.941854E-5
-124.693366	-4.474322E-5
-124.672737	-5.006790E-5
-124.652109	-5.491575E-5
-124.631480	-5.960464E-5
-124.610851	-6.302198E-5
-124.590222	-6.429354E-5
-124.569593	-6.453196E-5
-124.548964	-6.294250E-5
-124.528336	-6.127357E-5
-124.507707	-5.722046E-5
-124.487078	-5.213420E-5
-124.466449	-4.641215E-5
-124.445820	-3.910065E-5
-124.425192	-3.043811E-5
-124.404563	-2.106031E-5
-124.383934	-1.152356E-5
-124.363305	-7.947286E-7
-124.342676	1.001358E-5
-124.322047	1.978874E-5
-124.301419	2.845128E-5
-124.280790	3.647804E-5
-124.260161	4.625320E-5
-124.239532	5.515416E-5
-124.218903	6.373723E-5
-124.198275	6.993612E-5
-124.177646	7.534027E-5
-124.157017	8.002917E-5
-124.136388	8.312861E-5
-124.115759	8.487701E-5
-124.095130	8.471807E-5
-124.074502	8.312861E-5
-124.053873	8.193652E-5
-124.033244	7.891655E-5
-124.012615	7.534027E-5
-123.991986	7.152557E-5
-123.971358	6.723404E-5
-123.950729	6.000201E-5
-123.930100	5.269051E-5
-123.909471	4.704793E-5
-123.888842	4.116694E-5
-123.868213	3.417333E-5
-123.847585	2.757708E-5
-123.826956	2.082189E-5
-123.806327	1.494090E-5
-123.785698	9.695689E-6
-123.765069	3.973643E-6
-123.744440	-2.781550E-6
-123.723812	-8.503596E-6
-123.703183	-1.279513E-5
-123.682554	-1.621246E-5
-123.661925	-1.875559E-5
-123.641296	-2.129873E-5
-123.620668	-2.304713E-5
-123.600039	-2.455711E-5
-123.579410	-2.551079E-5
-123.558781	-2.439817E-5
-123.538152	-2.344449E-5
-123.517523	-2.320608E-5
-123.496895	-2.169609E-5
-123.476266	-1.962980E-5
-123.455637	-1.724561E-5
-123.435008	-1.366933E-5
-123.414379	-1.152356E-5
-123.393751	-1.041094E-5
-123.373122	-9.218852E-6
-123.352493	-8.026759E-6
-123.331864	-7.232030E-6
-123.311235	-6.993612E-6
-123.290606	-7.232030E-6
-123.269978	-8.503596E-6
-123.249349	-9.139379E-6
-123.228720	-9.218852E-6
-123.208091	-1.025200E-5
-123.187462	-1.136462E-5
-123.166833	-1.271566E-5
-123.146205	-1.390775E-5
-123.125576	-1.470248E-5
-123.104947	-1.358986E-5
-123.084318	-1.303355E-5
-123.063689	-1.160304E-5
-123.043061	-1.041094E-5
-123.022432	-8.344650E-6
-123.001803	-5.801519E-6
-122.981174	-4.053116E-6
-122.960545	-1.827876E-6
-122.939916	0.000000
-122.919288	2.066294E-6
-122.898659	5.245209E-6
-122.878030	7.152557E-6
-122.857401	1.017253E-5
-122.836772	1.128515E-5
-122.816144	1.239777E-5
-122.795515	1.160304E-5
-122.774886	1.033147E-5
-122.754257	8.742015E-6
-122.733628	6.834666E-6
-122.712999	4.132589E-6
-122.692371	1.748403E-6
-122.671742	-9.536743E-7
-122.651113	-5.006790E-6
-122.630484	-7.867813E-6
-122.609855	-1.056989E-5
-122.589226	-1.215935E-5
-122.568598	-1.509984E-5
-122.547969	-1.756350E-5
-122.527340	-1.978874E-5
-122.506711	-2.074242E-5
-122.486082	-2.106031E-5
-122.465454	-2.018611E-5
-122.444825	-2.002716E-5
-122.424196	-1.923243E-5
-122.403567	-1.827876E-5
-122.382938	-1.653035E-5
-122.362309	-1.430511E-5
-122.341681	-1.200040E-5
-122.321052	-9.536743E-6
-122.300423	-6.039937E-6
-122.279794	-2.861023E-6
-122.259165	1.112620E-6
-122.238537	4.212062E-6
-122.217908	7.073085E-6
-122.197279	8.980433E-6
-122.176650	1.080831E-5
-122.156021	1.247724E-5
-122.135392	1.319249E-5
-122.114764	1.390775E-5
-122.094135	1.470248E-5
-122.073506	1.374880E-5
-122.052877	1.303355E-5
-122.032248	1.239777E-5
-122.011619	1.200040E-5
-121.990991	1.041094E-5
-121.970362	8.106232E-6
-121.949733	5.960464E-6
-121.929104	4.609426E-6
-121.908475	2.304713E-6
-121.887847	4.768372E-7
-121.867218	-1.748403E-6
-121.846589	-4.529953E-6
-121.825960	-6.278356E-6
-121.805331	-7.390976E-6
-121.784702	-8.265177E-6
-121.764074	-8.662542E-6
-121.743445	-9.298325E-6
-121.722816	-9.775162E-6
-121.702187	-9.695689E-6
-121.681558	-1.009305E-5
-121.660930	-1.017253E-5
-121.640301	-9.298325E-6
-121.619672	-8.424123E-6
-121.599043	-6.834666E-6
-121.578414	-5.245209E-6
-121.557785	-4.212062E-6
-121.537157	-3.496806E-6
-121.516528	-2.225240E-6
-121.495899	-1.271566E-6
-121.475270	-4.768372E-7
-121.454641	-6.357829E-7
-121.434012	-1.033147E-6
-121.413384	-1.033147E-6
-121.392755	-1.192093E-6
-121.372126	-2.384186E-6
-121.351497	-3.258387E-6
-121.330868	-3.417333E-6
-121.310240	-3.019969E-6
-121.289611	-3.178914E-6
-121.268982	-2.304713E-6
-121.248353	-1.033147E-6
-121.227724	4.768372E-7
-121.207095	2.543132E-6
-121.186467	4.927317E-6
-121.165838	7.867813E-6
-121.145209	1.041094E-5
-121.124580	1.438459E-5
-121.103951	1.859665E-5
-121.083323	2.145767E-5
-121.062694	2.304713E-5
-121.042065	2.431870E-5
-121.021436	2.384186E-5
-121.000807	2.328555E-5
-120.980178	2.280871E-5
-120.959550	2.082189E-5
-120.938921	1.835823E-5
-120.918292	1.517932E-5
-120.897663	1.136462E-5
-120.877034	6.675720E-6
-120.856405	2.463659E-6
-120.835777	-3.496806E-6
-120.815148	-8.424123E-6
-120.794519	-1.311302E-5
-120.773890	-1.645088E-5
-120.753261	-1.978874E-5
-120.732633	-2.257029E-5
-120.712004	-2.519290E-5
-120.691375	-2.773603E-5
-120.670746	-2.940496E-5
-120.650117	-3.004074E-5
-120.629488	-2.900759E-5
-120.608860	-2.733866E-5
-120.588231	-2.527237E-5
-120.567602	-2.209345E-5
-120.546973	-1.827876E-5
-120.526344	-1.509984E-5
-120.505716	-1.056989E-5
-120.485087	-4.688899E-6
-120.464458	1.351039E-6
-120.443829	6.357829E-6
-120.423200	1.136462E-5
-120.402571	1.605352E-5
-120.381943	2.129873E-5
-120.361314	2.543132E-5
-120.340685	2.733866E-5
-120.320056	2.813339E-5
-120.299427	2.789497E-5
-120.278798	2.670288E-5
-120.258170	2.527237E-5
-120.237541	2.241135E-5
-120.216912	1.819928E-5
-120.196283	1.176198E-5
-120.175654	5.324682E-6
-120.155026	-1.907349E-6
-120.134397	-8.662542E-6
-120.113768	-1.509984E-5
-120.093139	-2.066294E-5
-120.072510	-2.566973E-5
-120.051881	-3.004074E-5
-120.031253	-3.274282E-5
-120.010624	-3.449122E-5
-119.989995	-3.536542E-5
-119.969366	-3.560384E-5
-119.948737	-3.536542E-5
-119.928109	-3.441175E-5
-119.907480	-3.155073E-5
-119.886851	-2.741814E-5
-119.866222	-2.392133E-5
-119.845593	-1.978874E-5
-119.824964	-1.668930E-5
-119.804336	-1.239777E-5
-119.783707	-8.265177E-6
-119.763078	-5.801519E-6
-119.742449	-3.019969E-6
-119.721820	7.152557E-7
-119.701191	2.781550E-6
-119.680563	3.655752E-6
-119.659934	4.132589E-6
-119.639305	4.688899E-6
-119.618676	5.722046E-6
-119.598047	6.198883E-6
-119.577419	6.675720E-6
-119.556790	7.629395E-6
-119.536161	7.311503E-6
-119.515532	6.278356E-6
-119.494903	6.278356E-6
-119.474274	7.232030E-6
-119.453646	8.424123E-6
-119.433017	9.854635E-6
-119.412388	9.934107E-6
-119.391759	1.072884E-5
-119.371130	1.231829E-5
-119.350502	1.398722E-5
-119.329873	1.454353E-5
-119.309244	1.462301E-5
-119.288615	1.462301E-5
-119.267986	1.613299E-5
-119.247357	1.692772E-5
-119.226729	1.653035E-5
-119.206100	1.549721E-5
-119.185471	1.366933E-5
-119.164842	1.128515E-5
-119.144213	8.503596E-6
-119.123584	5.642573E-6
-119.102956	2.384186E-6
-119.082327	-9.536743E-7
-119.061698	-4.768372E-6
-119.041069	-8.106232E-6
-119.020440	-1.064936E-5
-118.999812	-1.319249E-5
-118.979183	-1.629194E-5
-118.958554	-1.796087E-5
-118.937925	-1.899401E-5
-118.917296	-2.082189E-5
-118.896667	-2.121925E-5
-118.876039	-1.923243E-5
-118.855410	-1.827876E-5
-118.834781	-1.700719E-5
-118.814152	-1.470248E-5
-118.793523	-1.184146E-5
-118.772895	-8.900960E-6
-118.752266	-6.516774E-6
-118.731637	-3.576279E-6
-118.711008	7.947286E-8
-118.690379	2.543132E-6
-118.669750	5.801519E-6
-118.649122	8.265177E-6
-118.628493	1.001358E-5
-118.607864	1.168251E-5
-118.587235	1.279513E-5
-118.566606	1.351039E-5
-118.545977	1.414617E-5
-118.525349	1.263618E-5
-118.504720	1.271566E-5
-118.484091	1.160304E-5
-118.463462	9.934107E-6
-118.442833	7.629395E-6
-118.422205	5.324682E-6
-118.401576	2.543132E-6
-118.380947	-1.589457E-7
-118.360318	-2.463659E-6
-118.339689	-5.165736E-6
-118.319060	-6.993612E-6
-118.298432	-7.947286E-6
-118.277803	-8.742015E-6
-118.257174	-8.424123E-6
-118.236545	-7.947286E-6
-118.215916	-7.311503E-6
-118.195288	-6.198883E-6
-118.174659	-4.529953E-6
-118.154030	-3.814697E-6
-118.133401	-3.496806E-6
-118.112772	-2.225240E-6
-118.092143	-3.973643E-7
-118.071515	0.000000
-118.050886	4.768372E-7
-118.030257	1.112620E-6
-118.009628	1.192093E-6
-117.988999	1.192093E-6
-117.968370	-2.384186E-7
-117.947742	-1.033147E-6
-117.927113	-1.430511E-6
-117.906484	-1.668930E-6
-117.885855	-2.384186E-6
-117.865226	-2.463659E-6
-117.844598	-2.066294E-6
-117.823969	-1.986821E-6
-117.803340	-1.351039E-6
-117.782711	-8.742015E-7
-117.762082	7.947286E-8
-117.741453	1.668930E-6
-117.720825	3.894170E-6
-117.700196	4.768372E-6
-117.679567	7.073085E-6
-117.658938	9.457270E-6
-117.638309	1.064936E-5
-117.617681	1.056989E-5
-117.597052	1.168251E-5
-117.576423	1.207987E-5
-117.555794	1.160304E-5
-117.535165	1.160304E-5
-117.514536	1.144409E-5
-117.493908	9.616216E-6
-117.473279	9.457270E-6
-117.452650	9.139379E-6
-117.432021	7.947286E-6
-117.411392	6.993612E-6
-117.390764	5.483627E-6
-117.370135	2.940496E-6
-117.349506	3.973643E-7
-117.328877	-2.940496E-6
-117.308248	-5.642573E-6
-117.287619	-7.708867E-6
-117.266991	-9.377797E-6
-117.246362	-1.207987E-5
-117.225733	-1.414617E-5
-117.205104	-1.557668E-5
-117.184475	-1.676877E-5
-117.163846	-1.827876E-5
-117.143218	-1.978874E-5
-117.122589	-1.978874E-5
-117.101960	-1.804034E-5
-117.081331	-1.692772E-5
-117.060702	-1.430511E-5
-117.040074	-1.160304E-5
-117.019445	-9.139379E-6
-116.998816	-5.801519E-6
-116.978187	-2.543132E-6
-116.957558	-3.178914E-7
-116.936929	1.589457E-6
-116.916301	5.086263E-6
-116.895672	7.867813E-6
-116.875043	1.056989E-5
-116.854414	1.184146E-5
-116.833785	1.287460E-5
-116.813157	1.287460E-5
-116.792528	1.327197E-5
-116.771899	1.311302E-5
-116.751270	1.287460E-5
-116.730641	1.287460E-5
-116.710012	1.239777E-5
-116.689384	1.033147E-5
-116.668755	7.708867E-6
-116.648126	6.039937E-6
-116.627497	3.337860E-6
-116.606868	1.033147E-6
-116.586239	-1.192093E-6
-116.565611	-4.212062E-6
-116.544982	-6.834666E-6
-116.524353	-8.742015E-6
-116.503724	-1.088778E-5
-116.483095	-1.231829E-5
-116.462467	-1.335144E-5
-116.441838	-1.549721E-5
-116.421209	-1.660983E-5
-116.400580	-1.748403E-5
-116.379951	-1.843770E-5
-116.359322	-1.764297E-5
-116.338694	-1.637141E-5
-116.318065	-1.422564E-5
-116.297436	-1.120567E-5
-116.276807	-9.218852E-6
-116.256178	-7.311503E-6
-116.235550	-5.642573E-6
-116.214921	-3.258387E-6
-116.194292	-7.947286E-8
-116.173663	1.192093E-6
-116.153034	3.814697E-6
-116.132405	5.801519E-6
-116.111777	7.152557E-6
-116.091148	8.742015E-6
-116.070519	9.695689E-6
-116.049890	1.017253E-5
-116.029261	9.457270E-6
-116.008632	9.298325E-6
-115.988004	8.106232E-6
-115.967375	7.152557E-6
-115.946746	6.914139E-6
-115.926117	6.834666E-6
-115.905488	5.563100E-6
-115.884860	4.371007E-6
-115.864231	4.450480E-6
-115.843602	5.324682E-6
-115.822973	4.768372E-6
-115.802344	3.337860E-6
-115.781715	3.178914E-6
-115.761087	3.019969E-6
-115.740458	2.463659E-6
-115.719829	2.702077E-6
-115.699200	3.019969E-6
-115.678571	2.781550E-6
-115.657943	2.384186E-6
-115.637314	1.192093E-6
-115.616685	8.742015E-7
-115.596056	1.430511E-6
-115.575427	1.112620E-6
-115.554798	4.768372E-7
-115.534170	-1.589457E-7
-115.513541	4.768372E-7
-115.492912	2.384186E-7
-115.472283	-7.947286E-8
-115.451654	6.357829E-7
-115.431025	5.563100E-7
-115.410397	3.973643E-7
-115.389768	-3.178914E-7
-115.369139	-1.033147E-6
-115.348510	-2.463659E-6
-115.327881	-3.814697E-6
-115.307253	-4.212062E-6
-115.286624	-4.371007E-6
-115.265995	-4.847844E-6
-115.245366	-6.914139E-6
-115.224737	-8.821487E-6
-115.204108	-1.056989E-5
-115.183480	-1.223882E-5
-115.162851	-1.279513E-5
-115.142222	-1.263618E-5
-115.121593	-1.215935E-5
-115.100964	-1.247724E-5
-115.080336	-1.168251E-5
-115.059707	-1.009305E-5
-115.039078	-7.232030E-6
-115.018449	-5.245209E-6
-114.997820	-3.973643E-6
-114.977191	-2.066294E-6
-114.956563	-7.947286E-8
-114.935934	1.033147E-6
-114.915305	2.781550E-6
-114.894676	3.814697E-6
-114.874047	4.371007E-6
-114.853418	3.894170E-6
-114.832790	4.768372E-6
-114.812161	4.053116E-6
-114.791532	3.019969E-6
-114.770903	1.668930E-6
-114.750274	1.033147E-6
-114.729646	7.947286E-7
-114.709017	-1.033147E-6
-114.688388	-3.019969E-6
-114.667759	-4.053116E-6
-114.647130	-4.609426E-6
-114.626501	-5.086263E-6
-114.605873	-5.642573E-6
-114.585244	-5.563100E-6
-114.564615	-6.516774E-6
-114.543986	-6.198883E-6
-114.523357	-6.278356E-6
-114.502729	-6.914139E-6
-114.482100	-6.834666E-6
-114.461471	-6.198883E-6
-114.440842	-5.722046E-6
-114.420213	-6.357829E-6
-114.399584	-5.642573E-6
-114.378956	-4.609426E-6
-114.358327	-4.212062E-6
-114.337698	-3.337860E-6
-114.317069	-2.622604E-6
-114.296440	-1.986821E-6
-114.275811	-8.742015E-7
-114.255183	-2.384186E-7
-114.234554	1.192093E-6
-114.213925	2.781550E-6
-114.193296	3.655752E-6
-114.172667	4.291534E-6
-114.152039	4.768372E-6
-114.131410	5.563100E-6
-114.110781	6.278356E-6
-114.090152	5.722046E-6
-114.069523	6.278356E-6
-114.048894	6.675720E-6
-114.028266	7.708867E-6
-114.007637	8.503596E-6
-113.987008	9.854635E-6
-113.966379	9.377797E-6
-113.945750	9.695689E-6
-113.925122	9.298325E-6
-113.904493	8.185705E-6
-113.883864	8.185705E-6
-113.863235	7.708867E-6
-113.842606	6.834666E-6
-113.821977	6.437302E-6
-113.801349	5.483627E-6
-113.780720	4.609426E-6
-113.760091	3.576279E-6
-113.739462	3.099442E-6
-113.718833	1.430511E-6
-113.698204	-5.563100E-7
-113.677576	-2.384186E-6
-113.656947	-4.212062E-6
-113.636318	-4.053116E-6
-113.615689	-4.132589E-6
-113.595060	-4.847844E-6
-113.574432	-5.722046E-6
-113.553803	-7.152557E-6
-113.533174	-8.026759E-6
-113.512545	-9.139379E-6
-113.491916	-9.298325E-6
-113.471287	-9.934107E-6
-113.450659	-1.064936E-5
-113.430030	-1.104673E-5
-113.409401	-1.049042E-5
-113.388772	-1.088778E-5
-113.368143	-1.041094E-5
-113.347515	-9.775162E-6
-113.326886	-8.424123E-6
-113.306257	-6.834666E-6
-113.285628	-5.404154E-6
-113.264999	-3.496806E-6
-113.244370	-7.947286E-8
-113.223742	3.337860E-6
-113.203113	6.437302E-6
-113.182484	9.695689E-6
-113.161855	1.152356E-5
-113.141226	1.247724E-5
-113.120597	1.351039E-5
-113.099969	1.438459E-5
-113.079340	1.366933E-5
-113.058711	1.239777E-5
-113.038082	1.120567E-5
-113.017453	9.854635E-6
-112.996825	7.947286E-6
-112.976196	5.483627E-6
-112.955567	2.940496E-6
-112.934938	0.000000
-112.914309	-2.304713E-6
-112.893680	-5.324682E-6
-112.873052	-7.073085E-6
-112.852423	-8.583069E-6
-112.831794	-9.616216E-6
-112.811165	-9.775162E-6
-112.790536	-9.616216E-6
-112.769908	-8.424123E-6
-112.749279	-6.437302E-6
-112.728650	-5.960464E-6
-112.708021	-6.198883E-6
-112.687392	-5.006790E-6
-112.666763	-3.655752E-6
-112.646135	-2.304713E-6
-112.625506	-7.152557E-7
-112.604877	3.178914E-7
-112.584248	3.973643E-7
-112.563619	4.768372E-7
-112.542990	1.589457E-6
-112.522362	2.463659E-6
-112.501733	2.543132E-6
-112.481104	1.986821E-6
-112.460475	2.225240E-6
-112.439846	1.907349E-6
-112.419218	7.947286E-8
-112.398589	-9.536743E-7
-112.377960	-2.225240E-6
-112.357331	-3.735224E-6
-112.336702	-6.039937E-6
-112.316073	-8.344650E-6
-112.295445	-9.377797E-6
-112.274816	-1.080831E-5
-112.254187	-1.223882E-5
-112.233558	-1.207987E-5
-112.212929	-1.223882E-5
-112.192301	-1.207987E-5
-112.171672	-1.136462E-5
-112.151043	-1.001358E-5
-112.130414	-7.549922E-6
-112.109785	-5.404154E-6
-112.089156	-2.145767E-6
-112.068528	7.947286E-8
-112.047899	3.258387E-6
-112.027270	5.483627E-6
-112.006641	8.662542E-6
-111.986012	1.120567E-5
-111.965383	1.287460E-5
-111.944755	1.414617E-5
-111.924126	1.462301E-5
-111.903497	1.557668E-5
-111.882868	1.589457E-5
-111.862239	1.541773E-5
-111.841611	1.533826E-5
-111.820982	1.462301E-5
-111.800353	1.279513E-5
-111.779724	1.128515E-5
-111.759095	1.033147E-5
-111.738466	8.344650E-6
-111.717838	6.516774E-6
-111.697209	5.165736E-6
-111.676580	3.735224E-6
-111.655951	3.019969E-6
-111.635322	1.907349E-6
-111.614694	1.112620E-6
-111.594065	-6.357829E-7
-111.573436	-1.668930E-6
-111.552807	-1.986821E-6
-111.532178	-3.099442E-6
-111.511549	-3.655752E-6
-111.490921	-4.450480E-6
-111.470292	-4.053116E-6
-111.449663	-3.258387E-6
-111.429034	-1.748403E-6
-111.408405	-7.947286E-8
-111.387776	1.668930E-6
-111.367148	4.927317E-6
-111.346519	6.914139E-6
-111.325890	9.139379E-6
-111.305261	1.239777E-5
-111.284632	1.494090E-5
-111.264004	1.756350E-5
-111.243375	1.923243E-5
-111.222746	1.994769E-5
-111.202117	2.082189E-5
-111.181488	2.129873E-5
-111.160859	2.098083E-5
-111.140231	2.026558E-5
-111.119602	1.804034E-5
-111.098973	1.621246E-5
-111.078344	1.438459E-5
-111.057715	1.351039E-5
-111.037087	1.152356E-5
-111.016458	9.377797E-6
-110.995829	8.583069E-6
-110.975200	7.549922E-6
-110.954571	5.880992E-6
-110.933942	5.086263E-6
-110.913314	5.404154E-6
-110.892685	6.198883E-6
-110.872056	7.073085E-6
-110.851427	8.185705E-6
-110.830798	9.695689E-6
-110.810170	1.184146E-5
-110.789541	1.462301E-5
-110.768912	1.637141E-5
-110.748283	1.843770E-5
-110.727654	1.931190E-5
-110.707025	2.121925E-5
-110.686397	2.233187E-5
-110.665768	2.400080E-5
-110.645139	2.479553E-5
-110.624510	2.527237E-5
-110.603881	2.400080E-5
-110.583252	2.257029E-5
-110.562624	2.161662E-5
-110.541995	2.018611E-5
-110.521366	1.724561E-5
-110.500737	1.430511E-5
-110.480108	1.128515E-5
-110.459480	9.139379E-6
-110.438851	5.563100E-6
-110.418222	1.589457E-6
-110.397593	3.178914E-7
-110.376964	-3.973643E-7
-110.356335	-7.947286E-8
-110.335707	3.178914E-7
-110.315078	3.973643E-7
-110.294449	1.112620E-6
-110.273820	2.225240E-6
-110.253191	3.814697E-6
-110.232563	6.357829E-6
-110.211934	7.708867E-6
-110.191305	8.900960E-6
-110.170676	1.033147E-5
-110.150047	1.152356E-5
-110.129418	1.207987E-5
-110.108790	1.184146E-5
-110.088161	1.104673E-5
-110.067532	1.001358E-5
-110.046903	7.390976E-6
-110.026274	4.768372E-6
-110.005645	7.947286E-7
-109.985017	-2.543132E-6
-109.964388	-6.278356E-6
-109.943759	-9.854635E-6
-109.923130	-1.374880E-5
-109.902501	-1.692772E-5
-109.881873	-1.907349E-5
-109.861244	-2.129873E-5
-109.840615	-2.447764E-5
-109.819986	-2.638499E-5
-109.799357	-2.805392E-5
-109.778728	-2.884865E-5
-109.758100	-2.884865E-5
-109.737471	-2.861023E-5
-109.716842	-2.670288E-5
-109.696213	-2.487501E-5
-109.675584	-2.344449E-5
-109.654956	-2.264977E-5
-109.634327	-2.066294E-5
-109.613698	-1.931190E-5
-109.593069	-1.780192E-5
-109.572440	-1.724561E-5
-109.551811	-1.668930E-5
-109.531183	-1.613299E-5
-109.510554	-1.573563E-5
-109.489925	-1.541773E-5
-109.469296	-1.637141E-5
-109.448667	-1.756350E-5
-109.428038	-1.835823E-5
-109.407410	-1.772245E-5
-109.386781	-1.835823E-5
-109.366152	-1.978874E-5
-109.345523	-2.018611E-5
-109.324894	-2.129873E-5
-109.304266	-2.257029E-5
-109.283637	-2.495448E-5
-109.263008	-2.590815E-5
-109.242379	-2.638499E-5
-109.221750	-2.606710E-5
-109.201121	-2.590815E-5
-109.180493	-2.527237E-5
-109.159864	-2.503395E-5
-109.139235	-2.408028E-5
-109.118606	-2.129873E-5
-109.097977	-1.811981E-5
-109.077349	-1.478195E-5
-109.056720	-1.168251E-5
-109.036091	-1.009305E-5
-109.015462	-7.708867E-6
-108.994833	-5.245209E-6
-108.974204	-3.337860E-6
-108.953576	-2.225240E-6
-108.932947	-1.668930E-6
-108.912318	-1.748403E-6
-108.891689	-2.940496E-6
-108.871060	-3.655752E-6
-108.850431	-4.847844E-6
-108.829803	-8.026759E-6
-108.809174	-1.239777E-5
-108.788545	-1.629194E-5
-108.767916	-2.026558E-5
-108.747287	-2.384186E-5
-108.726659	-2.710025E-5
-108.706030	-3.035863E-5
-108.685401	-3.226598E-5
-108.664772	-3.234545E-5
-108.644143	-3.131231E-5
-108.623514	-2.948443E-5
-108.602886	-2.717972E-5
-108.582257	-2.415975E-5
-108.561628	-2.074242E-5
-108.540999	-1.637141E-5
-108.520370	-9.377797E-6
-108.499742	-1.986821E-6
-108.479113	4.688899E-6
-108.458484	1.072884E-5
-108.437855	1.724561E-5
-108.417226	2.304713E-5
-108.396597	2.853076E-5
-108.375969	3.393491E-5
-108.355340	3.751119E-5
-108.334711	4.045169E-5
-108.314082	4.251798E-5
-108.293453	4.466375E-5
-108.272824	4.601479E-5
-108.252196	4.577637E-5
-108.231567	4.466375E-5
-108.210938	4.100800E-5
-108.190309	3.790855E-5
-108.169680	3.369649E-5
-108.149052	2.853076E-5
-108.128423	2.336502E-5
-108.107794	1.796087E-5
-108.087165	1.303355E-5
-108.066536	9.377797E-6
-108.045907	6.914139E-6
-108.025279	4.768372E-6
-108.004650	3.337860E-6
-107.984021	1.986821E-6
-107.963392	4.768372E-7
-107.942763	3.973643E-7
-107.922135	1.112620E-6
-107.901506	3.735224E-6
-107.880877	8.026759E-6
-107.860248	1.192093E-5
-107.839619	1.502037E-5
-107.818990	1.851718E-5
-107.798362	2.129873E-5
-107.777733	2.471606E-5
-107.757104	2.845128E-5
-107.736475	3.163020E-5
-107.715846	3.552437E-5
-107.695217	3.790855E-5
-107.674589	4.061063E-5
-107.653960	4.188220E-5
-107.633331	4.275640E-5
-107.612702	4.418691E-5
-107.592073	4.442533E-5
-107.571445	4.386902E-5
-107.550816	4.283587E-5
-107.530187	4.323324E-5
-107.509558	4.355113E-5
-107.488929	4.235903E-5
-107.468300	4.188220E-5
-107.447672	4.140536E-5
-107.427043	4.164378E-5
-107.406414	4.212062E-5
-107.385785	4.164378E-5
-107.365156	4.124641E-5
-107.344528	4.196167E-5
-107.323899	4.259745E-5
-107.303270	4.498164E-5
-107.282641	4.712741E-5
-107.262012	4.887581E-5
-107.241383	5.165736E-5
-107.220755	5.427996E-5
-107.200126	5.666415E-5
-107.179497	5.825361E-5
-107.158868	6.103516E-5
-107.138239	6.246567E-5
-107.117610	6.421407E-5
-107.096982	6.500880E-5
-107.076353	6.484985E-5
-107.055724	6.524722E-5
-107.035095	6.453196E-5
-107.014466	6.326040E-5
-106.993838	6.135305E-5
-106.973209	5.936623E-5
-106.952580	5.690257E-5
-106.931951	5.308787E-5
-106.911322	4.927317E-5
-106.890693	4.696846E-5
-106.870065	4.490217E-5
-106.849436	4.212062E-5
-106.828807	3.973643E-5
-106.808178	3.862381E-5
-106.787549	3.782908E-5
-106.766921	3.870328E-5
-106.746292	3.965696E-5
-106.725663	4.212062E-5
-106.705034	4.402796E-5
-106.684405	4.601479E-5
-106.663776	4.839897E-5
-106.643148	5.022685E-5
-106.622519	5.269051E-5
-106.601890	5.427996E-5
-106.581261	5.427996E-5
-106.560632	5.173683E-5
-106.540003	4.728635E-5
-106.519375	4.299482E-5
-106.498746	3.735224E-5
-106.478117	3.059705E-5
-106.457488	2.257029E-5
-106.436859	1.478195E-5
-106.416231	5.722046E-6
-106.395602	-4.371007E-6
-106.374973	-1.525879E-5
-106.354344	-2.686183E-5
-106.333715	-3.663699E-5
-106.313086	-4.561742E-5
-106.292458	-5.340576E-5
-106.271829	-6.063779E-5
-106.251200	-6.802877E-5
-106.230571	-7.367134E-5
-106.209942	-7.955233E-5
-106.189314	-8.567174E-5
-106.168685	-9.250641E-5
-106.148056	-9.648005E-5
-106.127427	-0.000100
-106.106798	-0.000104
-106.086169	-0.000107
-106.065541	-0.000113
-106.044912	-0.000118
-106.024283	-0.000120
-106.003654	-0.000123
-105.983025	-0.000127
-105.962396	-0.000130
-105.941768	-0.000131
-105.921139	-0.000134
-105.900510	-0.000135
-105.879881	-0.000135
-105.859252	-0.000136
-105.838624	-0.000136
-105.817995	-0.000137
-105.797366	-0.000137
-105.776737	-0.000136
-105.756108	-0.000135
-105.735479	-0.000133
-105.714851	-0.000132
-105.694222	-0.000131
-105.673593	-0.000131
-105.652964	-0.000130
-105.632335	-0.000129
-105.611707	-0.000129
-105.591078	-0.000130
-105.570449	-0.000132
-105.549820	-0.000134
-105.529191	-0.000137
-105.508562	-0.000143
-105.487934	-0.000150
-105.467305	-0.000157
-105.446676	-0.000164
-105.426047	-0.000175
-105.405418	-0.000187
-105.384789	-0.000200
-105.364161	-0.000210
-105.343532	-0.000217
-105.322903	-0.000222
-105.302274	-0.000223
-105.281645	-0.000218
-105.261017	-0.000208
-105.240388	-0.000197
-105.219759	-0.000184
-105.199130	-0.000167
-105.178501	-0.000153
-105.157872	-0.000144
-105.137244	-0.000142
-105.116615	-0.000151
-105.095986	-0.000181
-105.075357	-0.000235
-105.054728	-0.000311
-105.034100	-0.000408
-105.013471	-0.000524
-104.992842	-0.000661
-104.972213	-0.000820
-104.951584	-0.000996
-104.930955	-0.001185
-104.910327	-0.001372
-104.889698	-0.001539
-104.869069	-0.001692
-104.848440	-0.001816
-104.827811	-0.001910
-104.807182	-0.001971
-104.786554	-0.001977
-104.765925	-0.001928
-104.745296	-0.001825
-104.724667	-0.001664
-104.704038	-0.001434
-104.683410	-0.001161
-104.662781	-0.000847
-104.642152	-0.000502
-104.621523	-0.000125
-104.600894	0.000282
-104.580265	0.000677
-104.559637	0.001050
-104.539008	0.001411
-104.518379	0.001738
-104.497750	0.002038
-104.477121	0.002308
-104.456493	0.002517
-104.435864	0.002671
-104.415235	0.002772
-104.394606	0.002818
-104.373977	0.002811
-104.353348	0.002761
-104.332720	0.002671
-104.312091	0.002541
-104.291462	0.002380
-104.270833	0.002202
-104.250204	0.002010
-104.229576	0.001796
-104.208947	0.001578
-104.188318	0.001385
-104.167689	0.001189
-104.147060	0.000992
-104.126431	0.000800
-104.105803	0.000619
-104.085174	0.000452
-104.064545	0.000293
-104.043916	0.000160
-104.023287	4.315376E-5
-104.002658	-6.159147E-5
-103.982030	-0.000151
-103.961401	-0.000228
-103.940772	-0.000294
-103.920143	-0.000348
-103.899514	-0.000388
-103.878886	-0.000418
-103.858257	-0.000444
-103.837628	-0.000461
-103.816999	-0.000471
-103.796370	-0.000477
-103.775741	-0.000479
-103.755113	-0.000474
-103.734484	-0.000466
-103.713855	-0.000456
-103.693226	-0.000446
-103.672597	-0.000435
-103.651969	-0.000424
-103.631340	-0.000408
-103.610711	-0.000391
-103.590082	-0.000374
-103.569453	-0.000357
-103.548824	-0.000340
-103.528196	-0.000321
-103.507567	-0.000305
-103.486938	-0.000291
-103.466309	-0.000279
-103.445680	-0.000267
-103.425051	-0.000256
-103.404423	-0.000244
-103.383794	-0.000231
-103.363165	-0.000218
-103.342536	-0.000207
-103.321907	-0.000196
-103.301279	-0.000185
-103.280650	-0.000176
-103.260021	-0.000167
-103.239392	-0.000159
-103.218763	-0.000151
-103.198134	-0.000142
-103.177506	-0.000134
-103.156877	-0.000128
-103.136248	-0.000123
-103.115619	-0.000118
-103.094990	-0.000113
-103.074362	-0.000108
-103.053733	-0.000102
-103.033104	-9.902318E-5
-103.012475	-9.504954E-5
-102.991846	-9.139379E-5
-102.971217	-8.765856E-5
-102.950589	-8.447965E-5
-102.929960	-8.138021E-5
-102.909331	-7.828077E-5
-102.888702	-7.454554E-5
-102.868073	-7.152557E-5
-102.847444	-6.890297E-5
-102.826816	-6.675720E-5
-102.806187	-6.508827E-5
-102.785558	-6.294250E-5
-102.764929	-6.039937E-5
-102.744300	-5.857150E-5
-102.723672	-5.602837E-5
-102.703043	-5.475680E-5
-102.682414	-5.372365E-5
-102.661785	-5.173683E-5
-102.641156	-4.919370E-5
-102.620527	-4.728635E-5
-102.599899	-4.633268E-5
-102.579270	-4.482269E-5
-102.558641	-4.307429E-5
-102.538012	-4.156431E-5
-102.517383	-3.989538E-5
-102.496755	-3.902117E-5
-102.476126	-3.782908E-5
-102.455497	-3.592173E-5
-102.434868	-3.496806E-5
-102.414239	-3.377597E-5
-102.393610	-3.258387E-5
-102.372982	-3.155073E-5
-102.352353	-3.027916E-5
-102.331724	-2.892812E-5
-102.311095	-2.789497E-5
-102.290466	-2.662341E-5
-102.269837	-2.574921E-5
-102.249209	-2.423922E-5
-102.228580	-2.296766E-5
-102.207951	-2.177556E-5
-102.187322	-2.137820E-5
-102.166693	-1.962980E-5
-102.146065	-1.875559E-5
-102.125436	-1.804034E-5
-102.104807	-1.668930E-5
-102.084178	-1.621246E-5
-102.063549	-1.613299E-5
-102.042920	-1.549721E-5
-102.022292	-1.438459E-5
-102.001663	-1.390775E-5
-101.981034	-1.200040E-5
-101.960405	-1.176198E-5
-101.939776	-1.184146E-5
-101.919148	-1.136462E-5
-101.898519	-1.009305E-5
-101.877890	-9.377797E-6
-101.857261	-8.583069E-6
-101.836632	-7.470449E-6
-101.816003	-7.629395E-6
-101.795375	-8.026759E-6
-101.774746	-6.834666E-6
-101.754117	-5.880992E-6
-101.733488	-5.801519E-6
-101.712859	-5.642573E-6
-101.692230	-5.165736E-6
-101.671602	-5.563100E-6
-101.650973	-5.642573E-6
-101.630344	-4.529953E-6
-101.609715	-3.973643E-6
-101.589086	-3.655752E-6
-101.568458	-2.702077E-6
-101.547829	-2.543132E-6
-101.527200	-2.225240E-6
-101.506571	-1.509984E-6
-101.485942	-1.430511E-6
-101.465313	-1.430511E-6
-101.444685	-1.351039E-6
-101.424056	-1.748403E-6
-101.403427	-8.742015E-7
-101.382798	-1.589457E-6
-101.362169	-9.536743E-7
-101.341541	-1.589457E-7
-101.320912	-2.384186E-7
-101.300283	7.947286E-8
-101.279654	3.973643E-7
-101.259025	1.112620E-6
-101.238396	1.509984E-6
-101.217768	1.748403E-6
-101.197139	1.907349E-6
-101.176510	1.668930E-6
-101.155881	1.351039E-6
-101.135252	9.536743E-7
-101.114623	5.563100E-7
-101.093995	7.947286E-7
-101.073366	1.589457E-6
-101.052737	1.033147E-6
-101.032108	1.827876E-6
-101.011479	1.430511E-6
-100.990851	1.668930E-6
-100.970222	1.986821E-6
-100.949593	1.430511E-6
-100.928964	1.907349E-6
-100.908335	2.066294E-6
-100.887706	1.589457E-6
-100.867078	1.668930E-6
-100.846449	1.748403E-6
-100.825820	1.907349E-6
-100.805191	1.827876E-6
-100.784562	1.668930E-6
-100.763934	1.430511E-6
-100.743305	1.112620E-6
-100.722676	1.748403E-6
-100.702047	9.536743E-7
-100.681418	1.509984E-6
-100.660789	1.827876E-6
-100.640161	1.430511E-6
-100.619532	1.827876E-6
-100.598903	1.668930E-6
-100.578274	2.145767E-6
-100.557645	1.589457E-6
-100.537016	1.033147E-6
-100.516388	7.947286E-7
-100.495759	1.907349E-6
-100.475130	2.543132E-6
-100.454501	1.509984E-6
-100.433872	1.192093E-6
-100.413244	1.430511E-6
-100.392615	6.357829E-7
-100.371986	8.742015E-7
-100.351357	1.509984E-6
-100.330728	8.742015E-7
-100.310099	3.178914E-7
-100.289471	1.351039E-6
-100.268842	1.907349E-6
-100.248213	8.742015E-7
-100.227584	1.668930E-6
-100.206955	2.384186E-6
-100.186327	1.509984E-6
-100.165698	1.986821E-6
-100.145069	1.668930E-6
-100.124440	1.271566E-6
-100.103811	1.907349E-6
-100.083182	1.271566E-6
-100.062554	1.192093E-6
-100.041925	1.112620E-6
-100.021296	7.947286E-7
