-142.000947	4.927317E-6
-141.980319	5.006790E-6
-141.959690	4.053116E-6
-141.939061	3.894170E-6
-141.918432	3.178914E-6
-141.897803	2.225240E-6
-141.877174	1.986821E-6
-141.856546	2.384186E-7
-141.835917	-4.768372E-7
-141.815288	-2.066294E-6
-141.794659	-3.337860E-6
-141.774030	-3.814697E-6
-141.753401	-3.337860E-6
-141.732773	-4.371007E-6
-141.712144	-4.927317E-6
-141.691515	-4.847844E-6
-141.670886	-5.165736E-6
-141.650257	-5.324682E-6
-141.629629	-5.006790E-6
-141.609000	-5.006790E-6
-141.588371	-4.768372E-6
-141.567742	-4.529953E-6
-141.547113	-4.212062E-6
-141.526484	-4.053116E-6
-141.505856	-3.814697E-6
-141.485227	-4.927317E-6
-141.464598	-4.450480E-6
-141.443969	-3.973643E-6
-141.423340	-3.735224E-6
-141.402712	-4.291534E-6
-141.382083	-3.894170E-6
-141.361454	-3.735224E-6
-141.340825	-4.529953E-6
-141.320196	-4.132589E-6
-141.299567	-4.529953E-6
-141.278939	-4.847844E-6
-141.258310	-4.291534E-6
-141.237681	-4.609426E-6
-141.217052	-5.324682E-6
-141.196423	-5.245209E-6
-141.175794	-5.960464E-6
-141.155166	-6.039937E-6
-141.134537	-6.357829E-6
-141.113908	-6.993612E-6
-141.093279	-6.755193E-6
-141.072650	-7.073085E-6
-141.052022	-6.834666E-6
-141.031393	-6.834666E-6
-141.010764	-7.073085E-6
-140.990135	-6.119410E-6
-140.969506	-5.563100E-6
-140.948877	-4.609426E-6
-140.928249	-3.019969E-6
-140.907620	-2.463659E-6
-140.886991	-1.986821E-6
-140.866362	-1.668930E-6
-140.845733	-7.947286E-7
-140.825105	-4.768372E-7
-140.804476	-6.357829E-7
-140.783847	-7.947286E-7
-140.763218	-9.536743E-7
-140.742589	-2.861023E-6
-140.721960	-3.417333E-6
-140.701332	-3.973643E-6
-140.680703	-5.483627E-6
-140.660074	-6.198883E-6
-140.639445	-8.503596E-6
-140.618816	-1.080831E-5
-140.598187	-1.247724E-5
-140.577559	-1.446406E-5
-140.556930	-1.541773E-5
-140.536301	-1.565615E-5
-140.515672	-1.573563E-5
-140.495043	-1.533826E-5
-140.474415	-1.366933E-5
-140.453786	-1.406670E-5
-140.433157	-1.335144E-5
-140.412528	-1.176198E-5
-140.391899	-1.041094E-5
-140.371270	-8.821487E-6
-140.350642	-6.357829E-6
-140.330013	-4.688899E-6
-140.309384	-2.781550E-6
-140.288755	-7.947286E-8
-140.268126	2.622604E-6
-140.247498	3.973643E-6
-140.226869	4.371007E-6
-140.206240	5.483627E-6
-140.185611	5.483627E-6
-140.164982	5.404154E-6
-140.144353	4.053116E-6
-140.123725	3.655752E-6
-140.103096	2.543132E-6
-140.082467	1.351039E-6
-140.061838	-4.768372E-7
-140.041209	-2.384186E-6
-140.020580	-3.258387E-6
-139.999952	-4.371007E-6
-139.979323	-5.563100E-6
-139.958694	-6.596247E-6
-139.938065	-7.947286E-6
-139.917436	-8.742015E-6
-139.896808	-9.536743E-6
-139.876179	-1.017253E-5
-139.855550	-9.775162E-6
-139.834921	-9.536743E-6
-139.814292	-8.662542E-6
-139.793663	-7.390976E-6
-139.773035	-5.801519E-6
-139.752406	-4.450480E-6
-139.731777	-3.576279E-6
-139.711148	-2.145767E-6
-139.690519	-7.152557E-7
-139.669891	1.192093E-6
-139.649262	3.337860E-6
-139.628633	5.563100E-6
-139.608004	7.073085E-6
-139.587375	8.344650E-6
-139.566746	1.001358E-5
-139.546118	1.120567E-5
-139.525489	1.041094E-5
-139.504860	1.064936E-5
-139.484231	1.064936E-5
-139.463602	1.001358E-5
-139.442973	1.025200E-5
-139.422345	9.298325E-6
-139.401716	7.788340E-6
-139.381087	7.232030E-6
-139.360458	6.516774E-6
-139.339829	6.516774E-6
-139.319201	5.086263E-6
-139.298572	3.973643E-6
-139.277943	3.496806E-6
-139.257314	2.543132E-6
-139.236685	2.066294E-6
-139.216056	2.543132E-6
-139.195428	2.463659E-6
-139.174799	1.748403E-6
-139.154170	2.702077E-6
-139.133541	3.019969E-6
-139.112912	3.735224E-6
-139.092284	4.212062E-6
-139.071655	4.609426E-6
-139.051026	5.245209E-6
-139.030397	5.006790E-6
-139.009768	5.642573E-6
-138.989139	5.165736E-6
-138.968511	5.086263E-6
-138.947882	5.324682E-6
-138.927253	4.291534E-6
-138.906624	3.814697E-6
-138.885995	2.463659E-6
-138.865366	7.152557E-7
-138.844738	-9.536743E-7
-138.824109	-2.702077E-6
-138.803480	-4.609426E-6
-138.782851	-5.404154E-6
-138.762222	-5.642573E-6
-138.741594	-6.039937E-6
-138.720965	-6.119410E-6
-138.700336	-5.880992E-6
-138.679707	-5.245209E-6
-138.659078	-3.655752E-6
-138.638449	-2.543132E-6
-138.617821	-3.973643E-7
-138.597192	1.112620E-6
-138.576563	3.655752E-6
-138.555934	4.529953E-6
-138.535305	6.119410E-6
-138.514677	7.947286E-6
-138.494048	8.424123E-6
-138.473419	9.854635E-6
-138.452790	1.144409E-5
-138.432161	1.152356E-5
-138.411532	1.120567E-5
-138.390904	1.049042E-5
-138.370275	8.980433E-6
-138.349646	7.788340E-6
-138.329017	7.311503E-6
-138.308388	6.834666E-6
-138.287759	5.563100E-6
-138.267131	4.450480E-6
-138.246502	3.655752E-6
-138.225873	2.225240E-6
-138.205244	7.947286E-7
-138.184615	7.152557E-7
-138.163987	1.112620E-6
-138.143358	7.947286E-7
-138.122729	9.536743E-7
-138.102100	1.033147E-6
-138.081471	1.668930E-6
-138.060842	1.827876E-6
-138.040214	2.940496E-6
-138.019585	3.417333E-6
-137.998956	3.973643E-6
-137.978327	4.053116E-6
-137.957698	2.940496E-6
-137.937070	2.940496E-6
-137.916441	2.304713E-6
-137.895812	1.033147E-6
-137.875183	2.384186E-7
-137.854554	-3.178914E-7
-137.833925	-1.192093E-6
-137.813297	-2.304713E-6
-137.792668	-2.940496E-6
-137.772039	-3.178914E-6
-137.751410	-3.655752E-6
-137.730781	-3.337860E-6
-137.710152	-3.178914E-6
-137.689524	-3.178914E-6
-137.668895	-2.463659E-6
-137.648266	-1.192093E-6
-137.627637	-8.742015E-7
-137.607008	-5.563100E-7
-137.586380	-3.973643E-7
-137.565751	0.000000
-137.545122	7.947286E-7
-137.524493	2.225240E-6
-137.503864	2.781550E-6
-137.483235	3.099442E-6
-137.462607	3.894170E-6
-137.441978	3.655752E-6
-137.421349	3.258387E-6
-137.400720	3.735224E-6
-137.380091	4.053116E-6
-137.359463	3.496806E-6
-137.338834	2.066294E-6
-137.318205	8.742015E-7
-137.297576	1.112620E-6
-137.276947	1.271566E-6
-137.256318	-6.357829E-7
-137.235690	-2.066294E-6
-137.215061	-2.861023E-6
-137.194432	-3.496806E-6
-137.173803	-4.529953E-6
-137.153174	-6.039937E-6
-137.132545	-6.437302E-6
-137.111917	-7.390976E-6
-137.091288	-7.470449E-6
-137.070659	-8.583069E-6
-137.050030	-9.139379E-6
-137.029401	-9.377797E-6
-137.008773	-1.025200E-5
-136.988144	-1.033147E-5
-136.967515	-9.695689E-6
-136.946886	-1.033147E-5
-136.926257	-1.017253E-5
-136.905628	-9.854635E-6
-136.885000	-9.298325E-6
-136.864371	-8.185705E-6
-136.843742	-8.026759E-6
-136.823113	-6.357829E-6
-136.802484	-5.245209E-6
-136.781856	-3.655752E-6
-136.761227	-1.907349E-6
-136.740598	-3.973643E-7
-136.719969	1.271566E-6
-136.699340	3.178914E-6
-136.678711	4.688899E-6
-136.658083	6.675720E-6
-136.637454	7.947286E-6
-136.616825	8.265177E-6
-136.596196	9.139379E-6
-136.575567	8.980433E-6
-136.554939	8.106232E-6
-136.534310	6.675720E-6
-136.513681	5.324682E-6
-136.493052	3.894170E-6
-136.472423	1.748403E-6
-136.451794	-4.768372E-7
-136.431166	-2.781550E-6
-136.410537	-6.119410E-6
-136.389908	-8.185705E-6
-136.369279	-1.001358E-5
-136.348650	-1.176198E-5
-136.328021	-1.351039E-5
-136.307393	-1.581510E-5
-136.286764	-1.692772E-5
-136.266135	-1.597404E-5
-136.245506	-1.573563E-5
-136.224877	-1.486142E-5
-136.204249	-1.414617E-5
-136.183620	-1.271566E-5
-136.162991	-1.144409E-5
-136.142362	-9.695689E-6
-136.121733	-8.583069E-6
-136.101104	-7.867813E-6
-136.080476	-6.278356E-6
-136.059847	-4.529953E-6
-136.039218	-4.609426E-6
-136.018589	-3.099442E-6
-135.997960	-9.536743E-7
-135.977332	3.178914E-7
-135.956703	6.357829E-7
-135.936074	1.986821E-6
-135.915445	2.781550E-6
-135.894816	3.019969E-6
-135.874187	4.053116E-6
-135.853559	5.006790E-6
-135.832930	5.563100E-6
-135.812301	6.119410E-6
-135.791672	5.722046E-6
-135.771043	6.278356E-6
-135.750414	7.073085E-6
-135.729786	6.357829E-6
-135.709157	5.801519E-6
-135.688528	5.563100E-6
-135.667899	5.165736E-6
-135.647270	4.132589E-6
-135.626642	1.748403E-6
-135.606013	0.000000
-135.585384	-1.192093E-6
-135.564755	-2.225240E-6
-135.544126	-3.019969E-6
-135.523497	-3.019969E-6
-135.502869	-3.496806E-6
-135.482240	-4.132589E-6
-135.461611	-4.212062E-6
-135.440982	-4.688899E-6
-135.420353	-4.212062E-6
-135.399725	-3.894170E-6
-135.379096	-3.655752E-6
-135.358467	-3.019969E-6
-135.337838	-2.304713E-6
-135.317209	-7.947286E-7
-135.296580	7.947286E-8
-135.275952	-1.589457E-7
-135.255323	2.384186E-7
-135.234694	9.536743E-7
-135.214065	1.192093E-6
-135.193436	1.430511E-6
-135.172807	3.178914E-7
-135.152179	-2.384186E-7
-135.131550	-1.112620E-6
-135.110921	-2.781550E-6
-135.090292	-3.337860E-6
-135.069663	-4.529953E-6
-135.049035	-5.165736E-6
-135.028406	-4.291534E-6
-135.007777	-3.655752E-6
-134.987148	-3.655752E-6
-134.966519	-3.417333E-6
-134.945890	-2.940496E-6
-134.925262	-1.668930E-6
-134.904633	-7.947286E-7
-134.884004	1.033147E-6
-134.863375	2.622604E-6
-134.842746	4.450480E-6
-134.822118	4.768372E-6
-134.801489	5.722046E-6
-134.780860	5.801519E-6
-134.760231	5.006790E-6
-134.739602	4.371007E-6
-134.718973	3.814697E-6
-134.698345	2.384186E-6
-134.677716	1.112620E-6
-134.657087	-1.351039E-6
-134.636458	-3.019969E-6
-134.615829	-5.086263E-6
-134.595200	-6.516774E-6
-134.574572	-8.265177E-6
-134.553943	-1.056989E-5
-134.533314	-1.160304E-5
-134.512685	-1.160304E-5
-134.492056	-1.184146E-5
-134.471428	-1.168251E-5
-134.450799	-1.184146E-5
-134.430170	-1.136462E-5
-134.409541	-1.176198E-5
-134.388912	-1.112620E-5
-134.368283	-9.377797E-6
-134.347655	-8.583069E-6
-134.327026	-7.708867E-6
-134.306397	-7.788340E-6
-134.285768	-7.311503E-6
-134.265139	-5.722046E-6
-134.244511	-4.927317E-6
-134.223882	-4.053116E-6
-134.203253	-2.622604E-6
-134.182624	-2.463659E-6
-134.161995	-1.351039E-6
-134.141366	3.973643E-7
-134.120738	1.589457E-6
-134.100109	3.576279E-6
-134.079480	6.596247E-6
-134.058851	9.059906E-6
-134.038222	1.049042E-5
-134.017593	1.255671E-5
-133.996965	1.414617E-5
-133.976336	1.422564E-5
-133.955707	1.470248E-5
-133.935078	1.478195E-5
-133.914449	1.438459E-5
-133.893821	1.311302E-5
-133.873192	1.128515E-5
-133.852563	9.695689E-6
-133.831934	8.026759E-6
-133.811305	5.642573E-6
-133.790676	3.019969E-6
-133.770048	8.742015E-7
-133.749419	-8.742015E-7
-133.728790	-3.258387E-6
-133.708161	-5.563100E-6
-133.687532	-6.039937E-6
-133.666904	-7.232030E-6
-133.646275	-8.185705E-6
-133.625646	-9.695689E-6
-133.605017	-9.934107E-6
-133.584388	-9.139379E-6
-133.563759	-9.298325E-6
-133.543131	-9.457270E-6
-133.522502	-9.139379E-6
-133.501873	-8.503596E-6
-133.481244	-8.503596E-6
-133.460615	-8.503596E-6
-133.439986	-7.867813E-6
-133.419358	-6.993612E-6
-133.398729	-5.960464E-6
-133.378100	-5.483627E-6
-133.357471	-4.609426E-6
-133.336842	-3.337860E-6
-133.316214	-2.781550E-6
-133.295585	-1.827876E-6
-133.274956	5.563100E-7
-133.254327	1.986821E-6
-133.233698	3.576279E-6
-133.213069	4.927317E-6
-133.192441	4.847844E-6
-133.171812	5.960464E-6
-133.151183	6.278356E-6
-133.130554	7.311503E-6
-133.109925	8.265177E-6
-133.089297	8.026759E-6
-133.068668	8.424123E-6
-133.048039	8.185705E-6
-133.027410	7.232030E-6
-133.006781	7.708867E-6
-132.986152	7.311503E-6
-132.965524	6.198883E-6
-132.944895	4.371007E-6
-132.924266	3.735224E-6
-132.903637	2.463659E-6
-132.883008	1.351039E-6
-132.862379	3.178914E-7
-132.841751	-6.357829E-7
-132.821122	-2.225240E-6
-132.800493	-3.417333E-6
-132.779864	-4.688899E-6
-132.759235	-5.006790E-6
-132.738607	-5.880992E-6
-132.717978	-6.516774E-6
-132.697349	-6.516774E-6
-132.676720	-6.357829E-6
-132.656091	-7.470449E-6
-132.635462	-6.993612E-6
-132.614834	-6.834666E-6
-132.594205	-6.119410E-6
-132.573576	-5.006790E-6
-132.552947	-4.212062E-6
-132.532318	-3.814697E-6
-132.511690	-3.178914E-6
-132.491061	-2.622604E-6
-132.470432	-3.178914E-7
-132.449803	1.112620E-6
-132.429174	2.225240E-6
-132.408545	4.212062E-6
-132.387917	5.404154E-6
-132.367288	6.039937E-6
-132.346659	6.993612E-6
-132.326030	7.867813E-6
-132.305401	9.854635E-6
-132.284772	1.096725E-5
-132.264144	1.200040E-5
-132.243515	1.184146E-5
-132.222886	1.263618E-5
-132.202257	1.303355E-5
-132.181628	1.335144E-5
-132.161000	1.207987E-5
-132.140371	1.017253E-5
-132.119742	9.218852E-6
-132.099113	8.185705E-6
-132.078484	5.563100E-6
-132.057855	3.973643E-6
-132.037227	2.145767E-6
-132.016598	-3.973643E-7
-131.995969	-2.622604E-6
-131.975340	-3.814697E-6
-131.954711	-5.880992E-6
-131.934083	-8.424123E-6
-131.913454	-1.017253E-5
-131.892825	-1.112620E-5
-131.872196	-1.080831E-5
-131.851567	-1.072884E-5
-131.830938	-9.934107E-6
-131.810310	-9.059906E-6
-131.789681	-7.152557E-6
-131.769052	-6.357829E-6
-131.748423	-4.371007E-6
-131.727794	-1.589457E-6
-131.707165	-2.384186E-7
-131.686537	1.112620E-6
-131.665908	2.702077E-6
-131.645279	5.165736E-6
-131.624650	6.119410E-6
-131.604021	6.834666E-6
-131.583393	7.629395E-6
-131.562764	7.470449E-6
-131.542135	7.867813E-6
-131.521506	6.278356E-6
-131.500877	5.324682E-6
-131.480248	3.576279E-6
-131.459620	1.748403E-6
-131.438991	1.192093E-6
-131.418362	-7.152557E-7
-131.397733	-2.622604E-6
-131.377104	-3.496806E-6
-131.356476	-4.053116E-6
-131.335847	-5.086263E-6
-131.315218	-5.563100E-6
-131.294589	-5.722046E-6
-131.273960	-5.642573E-6
-131.253331	-5.880992E-6
-131.232703	-5.165736E-6
-131.212074	-4.371007E-6
-131.191445	-3.258387E-6
-131.170816	-2.225240E-6
-131.150187	-5.563100E-7
-131.129558	1.589457E-7
-131.108930	2.384186E-7
-131.088301	1.192093E-6
-131.067672	1.430511E-6
-131.047043	7.152557E-7
-131.026414	1.509984E-6
-131.005786	1.271566E-6
-130.985157	3.973643E-7
-130.964528	-2.384186E-7
-130.943899	-1.589457E-6
-130.923270	-1.907349E-6
-130.902641	-2.622604E-6
-130.882013	-3.258387E-6
-130.861384	-5.483627E-6
-130.840755	-6.437302E-6
-130.820126	-7.629395E-6
-130.799497	-8.106232E-6
-130.778869	-8.424123E-6
-130.758240	-9.616216E-6
-130.737611	-1.033147E-5
-130.716982	-9.536743E-6
-130.696353	-9.536743E-6
-130.675724	-8.900960E-6
-130.655096	-9.059906E-6
-130.634467	-8.821487E-6
-130.613838	-7.311503E-6
-130.593209	-5.404154E-6
-130.572580	-3.655752E-6
-130.551952	-1.907349E-6
-130.531323	1.192093E-6
-130.510694	4.450480E-6
-130.490065	6.596247E-6
-130.469436	8.106232E-6
-130.448807	1.072884E-5
-130.428179	1.295408E-5
-130.407550	1.351039E-5
-130.386921	1.327197E-5
-130.366292	1.192093E-5
-130.345663	1.136462E-5
-130.325034	1.080831E-5
-130.304406	9.695689E-6
-130.283777	8.424123E-6
-130.263148	6.675720E-6
-130.242519	3.576279E-6
-130.221890	2.384186E-7
-130.201262	-2.543132E-6
-130.180633	-4.847844E-6
-130.160004	-7.867813E-6
-130.139375	-1.009305E-5
-130.118746	-1.168251E-5
-130.098117	-1.303355E-5
-130.077489	-1.390775E-5
-130.056860	-1.382828E-5
-130.036231	-1.255671E-5
-130.015602	-1.009305E-5
-129.994973	-8.742015E-6
-129.974345	-8.026759E-6
-129.953716	-5.642573E-6
-129.933087	-1.907349E-6
-129.912458	-2.384186E-7
-129.891829	1.509984E-6
-129.871200	3.814697E-6
-129.850572	5.086263E-6
-129.829943	5.642573E-6
-129.809314	6.596247E-6
-129.788685	5.642573E-6
-129.768056	4.768372E-6
-129.747427	4.450480E-6
-129.726799	2.622604E-6
-129.706170	7.152557E-7
-129.685541	-1.271566E-6
-129.664912	-3.258387E-6
-129.644283	-5.960464E-6
-129.623655	-8.026759E-6
-129.603026	-9.377797E-6
-129.582397	-1.192093E-5
-129.561768	-1.215935E-5
-129.541139	-1.255671E-5
-129.520510	-1.311302E-5
-129.499882	-1.422564E-5
-129.479253	-1.319249E-5
-129.458624	-1.136462E-5
-129.437995	-1.001358E-5
-129.417366	-1.009305E-5
-129.396738	-7.232030E-6
-129.376109	-4.688899E-6
-129.355480	-3.178914E-6
-129.334851	-2.145767E-6
-129.314222	-1.192093E-6
-129.293593	-6.357829E-7
-129.272965	-3.973643E-7
-129.252336	5.563100E-7
-129.231707	3.178914E-7
-129.211078	-5.563100E-7
-129.190449	-2.304713E-6
-129.169820	-3.099442E-6
-129.149192	-4.132589E-6
-129.128563	-5.642573E-6
-129.107934	-6.834666E-6
-129.087305	-7.232030E-6
-129.066676	-8.106232E-6
-129.046048	-9.298325E-6
-129.025419	-9.298325E-6
-129.004790	-1.017253E-5
-128.984161	-1.049042E-5
-128.963532	-9.775162E-6
-128.942903	-8.424123E-6
-128.922275	-6.755193E-6
-128.901646	-4.847844E-6
-128.881017	-2.622604E-6
-128.860388	0.000000
-128.839759	1.351039E-6
-128.819131	3.655752E-6
-128.798502	6.198883E-6
-128.777873	8.662542E-6
-128.757244	9.536743E-6
-128.736615	1.096725E-5
-128.715986	1.239777E-5
-128.695358	1.343091E-5
-128.674729	1.239777E-5
-128.654100	1.104673E-5
-128.633471	1.049042E-5
-128.612842	8.106232E-6
-128.592213	5.086263E-6
-128.571585	1.986821E-6
-128.550956	7.947286E-8
-128.530327	-3.019969E-6
-128.509698	-6.596247E-6
-128.489069	-1.041094E-5
-128.468441	-1.311302E-5
-128.447812	-1.374880E-5
-128.427183	-1.382828E-5
-128.406554	-1.414617E-5
-128.385925	-1.446406E-5
-128.365296	-1.398722E-5
-128.344668	-1.303355E-5
-128.324039	-1.088778E-5
-128.303410	-8.503596E-6
-128.282781	-4.847844E-6
-128.262152	-7.947286E-7
-128.241524	3.337860E-6
-128.220895	6.675720E-6
-128.200266	8.821487E-6
-128.179637	1.088778E-5
-128.159008	1.279513E-5
-128.138379	1.295408E-5
-128.117751	1.374880E-5
-128.097122	1.303355E-5
-128.076493	1.231829E-5
-128.055864	1.144409E-5
-128.035235	1.096725E-5
-128.014606	9.298325E-6
-127.993978	6.993612E-6
-127.973349	5.006790E-6
-127.952720	2.702077E-6
-127.932091	5.563100E-7
-127.911462	-2.384186E-6
-127.890834	-4.927317E-6
-127.870205	-6.675720E-6
-127.849576	-8.106232E-6
-127.828947	-9.377797E-6
-127.808318	-9.934107E-6
-127.787689	-1.136462E-5
-127.767061	-1.168251E-5
-127.746432	-1.112620E-5
-127.725803	-1.168251E-5
-127.705174	-1.112620E-5
-127.684545	-9.059906E-6
-127.663917	-8.424123E-6
-127.643288	-6.437302E-6
-127.622659	-4.768372E-6
-127.602030	-2.702077E-6
-127.581401	3.973643E-7
-127.560772	3.258387E-6
-127.540144	5.960464E-6
-127.519515	8.026759E-6
-127.498886	9.457270E-6
-127.478257	1.080831E-5
-127.457628	1.223882E-5
-127.436999	1.231829E-5
-127.416371	1.152356E-5
-127.395742	1.112620E-5
-127.375113	9.695689E-6
-127.354484	8.265177E-6
-127.333855	6.596247E-6
-127.313227	4.847844E-6
-127.292598	2.940496E-6
-127.271969	1.271566E-6
-127.251340	-1.033147E-6
-127.230711	-2.622604E-6
-127.210082	-4.688899E-6
-127.189454	-6.198883E-6
-127.168825	-6.596247E-6
-127.148196	-6.516774E-6
-127.127567	-7.311503E-6
-127.106938	-7.390976E-6
-127.086310	-5.801519E-6
-127.065681	-5.165736E-6
-127.045052	-3.417333E-6
-127.024423	-7.152557E-7
-127.003794	6.357829E-7
-126.983165	1.827876E-6
-126.962537	3.576279E-6
-126.941908	5.563100E-6
-126.921279	7.073085E-6
-126.900650	8.026759E-6
-126.880021	7.947286E-6
-126.859392	8.980433E-6
-126.838764	8.662542E-6
-126.818135	8.583069E-6
-126.797506	7.788340E-6
-126.776877	6.516774E-6
-126.756248	4.450480E-6
-126.735620	3.019969E-6
-126.714991	7.947286E-7
-126.694362	-1.589457E-6
-126.673733	-2.940496E-6
-126.653104	-4.450480E-6
-126.632475	-5.960464E-6
-126.611847	-6.993612E-6
-126.591218	-6.516774E-6
-126.570589	-6.675720E-6
-126.549960	-5.324682E-6
-126.529331	-3.973643E-6
-126.508703	-2.781550E-6
-126.488074	8.742015E-7
-126.467445	3.814697E-6
-126.446816	6.755193E-6
-126.426187	8.900960E-6
-126.405558	1.152356E-5
-126.384930	1.279513E-5
-126.364301	1.454353E-5
-126.343672	1.645088E-5
-126.323043	1.716614E-5
-126.302414	1.692772E-5
-126.281785	1.581510E-5
-126.261157	1.454353E-5
-126.240528	1.327197E-5
-126.219899	1.088778E-5
-126.199270	7.470449E-6
-126.178641	4.688899E-6
-126.158013	2.861023E-6
-126.137384	2.384186E-7
-126.116755	-1.668930E-6
-126.096126	-3.814697E-6
-126.075497	-5.404154E-6
-126.054868	-7.629395E-6
-126.034240	-1.025200E-5
-126.013611	-1.152356E-5
-125.992982	-1.239777E-5
-125.972353	-1.255671E-5
-125.951724	-1.207987E-5
-125.931096	-1.200040E-5
-125.910467	-1.104673E-5
-125.889838	-1.049042E-5
-125.869209	-9.695689E-6
-125.848580	-7.947286E-6
-125.827951	-6.755193E-6
-125.807323	-4.291534E-6
-125.786694	-2.463659E-6
-125.766065	-7.947286E-7
-125.745436	6.357829E-7
-125.724807	2.225240E-6
-125.704178	3.496806E-6
-125.683550	4.688899E-6
-125.662921	5.245209E-6
-125.642292	4.291534E-6
-125.621663	3.894170E-6
-125.601034	3.337860E-6
-125.580406	2.145767E-6
-125.559777	1.509984E-6
-125.539148	-1.509984E-6
-125.518519	-3.655752E-6
-125.497890	-4.212062E-6
-125.477261	-5.404154E-6
-125.456633	-6.675720E-6
-125.436004	-8.344650E-6
-125.415375	-9.775162E-6
-125.394746	-9.616216E-6
-125.374117	-9.377797E-6
-125.353489	-8.185705E-6
-125.332860	-7.788340E-6
-125.312231	-6.914139E-6
-125.291602	-4.132589E-6
-125.270973	-2.225240E-6
-125.250344	-2.384186E-6
-125.229716	-7.152557E-7
-125.209087	2.384186E-7
-125.188458	1.509984E-6
-125.167829	1.748403E-6
-125.147200	2.145767E-6
-125.126571	1.827876E-6
-125.105943	2.145767E-6
-125.085314	2.066294E-6
-125.064685	1.351039E-6
-125.044056	5.563100E-7
-125.023427	-7.947286E-8
-125.002799	3.973643E-7
-124.982170	-2.384186E-7
-124.961541	-9.536743E-7
-124.940912	-9.536743E-7
-124.920283	-1.351039E-6
-124.899654	-2.543132E-6
-124.879026	-5.006790E-6
-124.858397	-8.424123E-6
-124.837768	-1.176198E-5
-124.817139	-1.414617E-5
-124.796510	-1.796087E-5
-124.775882	-2.264977E-5
-124.755253	-2.845128E-5
-124.734624	-3.385544E-5
-124.713995	-3.894170E-5
-124.693366	-4.458427E-5
-124.672737	-5.014737E-5
-124.652109	-5.388260E-5
-124.631480	-5.769730E-5
-124.610851	-6.151199E-5
-124.590222	-6.484985E-5
-124.569593	-6.675720E-5
-124.548964	-6.675720E-5
-124.528336	-6.477038E-5
-124.507707	-6.087621E-5
-124.487078	-5.555153E-5
-124.466449	-4.855792E-5
-124.445820	-4.029274E-5
-124.425192	-3.115336E-5
-124.404563	-2.034505E-5
-124.383934	-1.025200E-5
-124.363305	-3.178914E-7
-124.342676	1.088778E-5
-124.322047	2.296766E-5
-124.301419	3.425280E-5
-124.280790	4.410744E-5
-124.260161	5.332629E-5
-124.239532	6.087621E-5
-124.218903	6.715457E-5
-124.198275	7.144610E-5
-124.177646	7.605553E-5
-124.157017	7.979075E-5
-124.136388	8.257230E-5
-124.115759	8.360545E-5
-124.095130	8.384387E-5
-124.074502	8.352598E-5
-124.053873	8.193652E-5
-124.033244	7.955233E-5
-124.012615	7.669131E-5
-123.991986	7.295609E-5
-123.971358	6.755193E-5
-123.950729	6.230672E-5
-123.930100	5.674362E-5
-123.909471	5.094210E-5
-123.888842	4.371007E-5
-123.868213	3.608068E-5
-123.847585	3.043811E-5
-123.826956	2.320608E-5
-123.806327	1.565615E-5
-123.785698	9.616216E-6
-123.765069	3.019969E-6
-123.744440	-2.384186E-6
-123.723812	-8.106232E-6
-123.703183	-1.358986E-5
-123.682554	-1.819928E-5
-123.661925	-2.090136E-5
-123.641296	-2.304713E-5
-123.620668	-2.455711E-5
-123.600039	-2.559026E-5
-123.579410	-2.638499E-5
-123.558781	-2.638499E-5
-123.538152	-2.463659E-5
-123.517523	-2.328555E-5
-123.496895	-2.185504E-5
-123.476266	-1.986821E-5
-123.455637	-1.724561E-5
-123.435008	-1.541773E-5
-123.414379	-1.303355E-5
-123.393751	-1.160304E-5
-123.373122	-1.033147E-5
-123.352493	-8.424123E-6
-123.331864	-7.311503E-6
-123.311235	-7.947286E-6
-123.290606	-8.185705E-6
-123.269978	-7.788340E-6
-123.249349	-7.947286E-6
-123.228720	-9.298325E-6
-123.208091	-1.064936E-5
-123.187462	-1.104673E-5
-123.166833	-1.247724E-5
-123.146205	-1.271566E-5
-123.125576	-1.223882E-5
-123.104947	-1.303355E-5
-123.084318	-1.128515E-5
-123.063689	-1.056989E-5
-123.043061	-9.536743E-6
-123.022432	-7.629395E-6
-123.001803	-4.768372E-6
-122.981174	-2.384186E-6
-122.960545	-1.112620E-6
-122.939916	6.357829E-7
-122.919288	3.099442E-6
-122.898659	6.357829E-6
-122.878030	9.218852E-6
-122.857401	1.120567E-5
-122.836772	1.358986E-5
-122.816144	1.327197E-5
-122.795515	1.271566E-5
-122.774886	1.160304E-5
-122.754257	1.064936E-5
-122.733628	8.026759E-6
-122.712999	5.165736E-6
-122.692371	2.225240E-6
-122.671742	-1.748403E-6
-122.651113	-5.245209E-6
-122.630484	-8.900960E-6
-122.609855	-1.200040E-5
-122.589226	-1.454353E-5
-122.568598	-1.740456E-5
-122.547969	-2.034505E-5
-122.527340	-2.185504E-5
-122.506711	-2.264977E-5
-122.486082	-2.288818E-5
-122.465454	-2.209345E-5
-122.444825	-2.137820E-5
-122.424196	-2.050400E-5
-122.403567	-1.859665E-5
-122.382938	-1.724561E-5
-122.362309	-1.430511E-5
-122.341681	-1.088778E-5
-122.321052	-7.788340E-6
-122.300423	-5.483627E-6
-122.279794	-3.417333E-6
-122.259165	-2.384186E-7
-122.238537	3.894170E-6
-122.217908	7.788340E-6
-122.197279	1.009305E-5
-122.176650	1.072884E-5
-122.156021	1.112620E-5
-122.135392	1.192093E-5
-122.114764	1.351039E-5
-122.094135	1.351039E-5
-122.073506	1.303355E-5
-122.052877	1.176198E-5
-122.032248	9.616216E-6
-122.011619	8.583069E-6
-121.990991	7.549922E-6
-121.970362	6.198883E-6
-121.949733	5.086263E-6
-121.929104	3.576279E-6
-121.908475	2.702077E-6
-121.887847	4.768372E-7
-121.867218	-1.748403E-6
-121.846589	-2.702077E-6
-121.825960	-4.450480E-6
-121.805331	-6.039937E-6
-121.784702	-7.867813E-6
-121.764074	-8.583069E-6
-121.743445	-8.583069E-6
-121.722816	-1.017253E-5
-121.702187	-1.025200E-5
-121.681558	-1.017253E-5
-121.660930	-9.854635E-6
-121.640301	-8.900960E-6
-121.619672	-8.742015E-6
-121.599043	-7.947286E-6
-121.578414	-6.596247E-6
-121.557785	-6.039937E-6
-121.537157	-5.324682E-6
-121.516528	-4.768372E-6
-121.495899	-4.132589E-6
-121.475270	-2.940496E-6
-121.454641	-2.384186E-6
-121.434012	-1.430511E-6
-121.413384	-1.668930E-6
-121.392755	-2.384186E-6
-121.372126	-4.132589E-6
-121.351497	-3.655752E-6
-121.330868	-3.655752E-6
-121.310240	-4.450480E-6
-121.289611	-4.053116E-6
-121.268982	-2.622604E-6
-121.248353	-1.112620E-6
-121.227724	5.563100E-7
-121.207095	2.622604E-6
-121.186467	5.563100E-6
-121.165838	8.106232E-6
-121.145209	1.041094E-5
-121.124580	1.382828E-5
-121.103951	1.692772E-5
-121.083323	1.851718E-5
-121.062694	2.058347E-5
-121.042065	2.280871E-5
-121.021436	2.344449E-5
-121.000807	2.344449E-5
-120.980178	2.257029E-5
-120.959550	2.058347E-5
-120.938921	1.819928E-5
-120.918292	1.494090E-5
-120.897663	1.152356E-5
-120.877034	8.344650E-6
-120.856405	3.496806E-6
-120.835777	-1.351039E-6
-120.815148	-5.642573E-6
-120.794519	-9.934107E-6
-120.773890	-1.406670E-5
-120.753261	-1.748403E-5
-120.732633	-2.082189E-5
-120.712004	-2.447764E-5
-120.691375	-2.717972E-5
-120.670746	-2.868970E-5
-120.650117	-2.948443E-5
-120.629488	-2.948443E-5
-120.608860	-3.019969E-5
-120.588231	-2.924601E-5
-120.567602	-2.559026E-5
-120.546973	-2.185504E-5
-120.526344	-1.684825E-5
-120.505716	-1.160304E-5
-120.485087	-5.722046E-6
-120.464458	2.384186E-7
-120.443829	6.675720E-6
-120.423200	1.239777E-5
-120.402571	1.883507E-5
-120.381943	2.320608E-5
-120.361314	2.582868E-5
-120.340685	2.702077E-5
-120.320056	2.876918E-5
-120.299427	3.027916E-5
-120.278798	2.900759E-5
-120.258170	2.598763E-5
-120.237541	2.312660E-5
-120.216912	1.851718E-5
-120.196283	1.295408E-5
-120.175654	6.834666E-6
-120.155026	3.973643E-7
-120.134397	-6.596247E-6
-120.113768	-1.263618E-5
-120.093139	-1.827876E-5
-120.072510	-2.415975E-5
-120.051881	-2.813339E-5
-120.031253	-3.234545E-5
-120.010624	-3.552437E-5
-119.989995	-3.639857E-5
-119.969366	-3.703435E-5
-119.948737	-3.608068E-5
-119.928109	-3.441175E-5
-119.907480	-3.194809E-5
-119.886851	-2.853076E-5
-119.866222	-2.495448E-5
-119.845593	-2.129873E-5
-119.824964	-1.875559E-5
-119.804336	-1.351039E-5
-119.783707	-9.775162E-6
-119.763078	-7.232030E-6
-119.742449	-3.099442E-6
-119.721820	-7.947286E-8
-119.701191	1.748403E-6
-119.680563	3.258387E-6
-119.659934	4.053116E-6
-119.639305	4.132589E-6
-119.618676	5.245209E-6
-119.598047	5.245209E-6
-119.577419	4.847844E-6
-119.556790	4.450480E-6
-119.536161	5.642573E-6
-119.515532	6.437302E-6
-119.494903	6.834666E-6
-119.474274	6.596247E-6
-119.453646	7.073085E-6
-119.433017	7.788340E-6
-119.412388	8.662542E-6
-119.391759	9.616216E-6
-119.371130	1.128515E-5
-119.350502	1.351039E-5
-119.329873	1.502037E-5
-119.309244	1.573563E-5
-119.288615	1.629194E-5
-119.267986	1.637141E-5
-119.247357	1.748403E-5
-119.226729	1.724561E-5
-119.206100	1.549721E-5
-119.185471	1.343091E-5
-119.164842	1.080831E-5
-119.144213	8.821487E-6
-119.123584	6.039937E-6
-119.102956	2.384186E-6
-119.082327	-1.907349E-6
-119.061698	-5.563100E-6
-119.041069	-1.017253E-5
-119.020440	-1.366933E-5
-118.999812	-1.772245E-5
-118.979183	-1.939138E-5
-118.958554	-1.994769E-5
-118.937925	-2.145767E-5
-118.917296	-2.241135E-5
-118.896667	-2.288818E-5
-118.876039	-2.217293E-5
-118.855410	-1.931190E-5
-118.834781	-1.637141E-5
-118.814152	-1.406670E-5
-118.793523	-1.120567E-5
-118.772895	-8.583069E-6
-118.752266	-6.914139E-6
-118.731637	-3.814697E-6
-118.711008	-7.947286E-7
-118.690379	1.748403E-6
-118.669750	3.894170E-6
-118.649122	7.073085E-6
-118.628493	8.344650E-6
-118.607864	9.059906E-6
-118.587235	1.001358E-5
-118.566606	1.056989E-5
-118.545977	1.096725E-5
-118.525349	9.934107E-6
-118.504720	9.059906E-6
-118.484091	8.821487E-6
-118.463462	6.993612E-6
-118.442833	5.165736E-6
-118.422205	3.655752E-6
-118.401576	1.589457E-6
-118.380947	-1.351039E-6
-118.360318	-2.702077E-6
-118.339689	-4.927317E-6
-118.319060	-6.834666E-6
-118.298432	-7.947286E-6
-118.277803	-8.185705E-6
-118.257174	-8.265177E-6
-118.236545	-7.549922E-6
-118.215916	-6.437302E-6
-118.195288	-5.642573E-6
-118.174659	-4.529953E-6
-118.154030	-3.735224E-6
-118.133401	-2.622604E-6
-118.112772	-1.986821E-6
-118.092143	-1.033147E-6
-118.071515	6.357829E-7
-118.050886	1.509984E-6
-118.030257	1.112620E-6
-118.009628	5.563100E-7
-117.988999	0.000000
-117.968370	-1.112620E-6
-117.947742	-5.563100E-7
-117.927113	-3.973643E-7
-117.906484	-7.152557E-7
-117.885855	-9.536743E-7
-117.865226	-1.430511E-6
-117.844598	-1.748403E-6
-117.823969	-1.827876E-6
-117.803340	-7.947286E-7
-117.782711	2.384186E-7
-117.762082	7.152557E-7
-117.741453	1.827876E-6
-117.720825	1.986821E-6
-117.700196	3.814697E-6
-117.679567	4.371007E-6
-117.658938	5.483627E-6
-117.638309	6.914139E-6
-117.617681	7.311503E-6
-117.597052	8.503596E-6
-117.576423	8.980433E-6
-117.555794	8.265177E-6
-117.535165	8.662542E-6
-117.514536	8.583069E-6
-117.493908	7.947286E-6
-117.473279	8.662542E-6
-117.452650	7.867813E-6
-117.432021	6.596247E-6
-117.411392	5.245209E-6
-117.390764	3.814697E-6
-117.370135	1.589457E-6
-117.349506	-7.947286E-8
-117.328877	-1.986821E-6
-117.308248	-4.132589E-6
-117.287619	-6.516774E-6
-117.266991	-9.377797E-6
-117.246362	-1.215935E-5
-117.225733	-1.319249E-5
-117.205104	-1.327197E-5
-117.184475	-1.486142E-5
-117.163846	-1.764297E-5
-117.143218	-1.891454E-5
-117.122589	-1.843770E-5
-117.101960	-1.692772E-5
-117.081331	-1.573563E-5
-117.060702	-1.351039E-5
-117.040074	-1.064936E-5
-117.019445	-8.026759E-6
-116.998816	-4.371007E-6
-116.978187	-1.033147E-6
-116.957558	2.225240E-6
-116.936929	4.212062E-6
-116.916301	6.993612E-6
-116.895672	8.026759E-6
-116.875043	1.064936E-5
-116.854414	1.319249E-5
-116.833785	1.422564E-5
-116.813157	1.382828E-5
-116.792528	1.406670E-5
-116.771899	1.327197E-5
-116.751270	1.152356E-5
-116.730641	1.160304E-5
-116.710012	1.001358E-5
-116.689384	8.106232E-6
-116.668755	6.834666E-6
-116.648126	4.768372E-6
-116.627497	3.417333E-6
-116.606868	1.986821E-6
-116.586239	-1.589457E-7
-116.565611	-2.622604E-6
-116.544982	-5.483627E-6
-116.524353	-8.662542E-6
-116.503724	-1.041094E-5
-116.483095	-1.231829E-5
-116.462467	-1.462301E-5
-116.441838	-1.629194E-5
-116.421209	-1.708666E-5
-116.400580	-1.811981E-5
-116.379951	-1.891454E-5
-116.359322	-1.867612E-5
-116.338694	-1.676877E-5
-116.318065	-1.351039E-5
-116.297436	-1.128515E-5
-116.276807	-9.616216E-6
-116.256178	-8.265177E-6
-116.235550	-6.437302E-6
-116.214921	-4.450480E-6
-116.194292	-1.192093E-6
-116.173663	1.589457E-6
-116.153034	3.178914E-6
-116.132405	5.165736E-6
-116.111777	6.755193E-6
-116.091148	7.073085E-6
-116.070519	7.629395E-6
-116.049890	7.947286E-6
-116.029261	7.390976E-6
-116.008632	6.516774E-6
-115.988004	6.993612E-6
-115.967375	7.073085E-6
-115.946746	6.993612E-6
-115.926117	5.801519E-6
-115.905488	5.642573E-6
-115.884860	3.973643E-6
-115.864231	3.417333E-6
-115.843602	3.258387E-6
-115.822973	3.099442E-6
-115.802344	3.178914E-6
-115.781715	2.861023E-6
-115.761087	2.940496E-6
-115.740458	3.576279E-6
-115.719829	3.258387E-6
-115.699200	2.702077E-6
-115.678571	2.622604E-6
-115.657943	2.463659E-6
-115.637314	2.066294E-6
-115.616685	1.668930E-6
-115.596056	2.066294E-6
-115.575427	1.430511E-6
-115.554798	3.973643E-7
-115.534170	-1.589457E-7
-115.513541	0.000000
-115.492912	2.384186E-7
-115.472283	1.192093E-6
-115.451654	2.145767E-6
-115.431025	1.748403E-6
-115.410397	8.742015E-7
-115.389768	-7.947286E-8
-115.369139	2.384186E-7
-115.348510	-8.742015E-7
-115.327881	-1.827876E-6
-115.307253	-2.622604E-6
-115.286624	-3.894170E-6
-115.265995	-4.847844E-6
-115.245366	-6.437302E-6
-115.224737	-8.185705E-6
-115.204108	-9.616216E-6
-115.183480	-1.096725E-5
-115.162851	-1.184146E-5
-115.142222	-1.231829E-5
-115.121593	-1.215935E-5
-115.100964	-1.184146E-5
-115.080336	-1.072884E-5
-115.059707	-8.742015E-6
-115.039078	-7.152557E-6
-115.018449	-5.324682E-6
-114.997820	-3.417333E-6
-114.977191	-9.536743E-7
-114.956563	2.384186E-7
-114.935934	1.827876E-6
-114.915305	2.702077E-6
-114.894676	2.940496E-6
-114.874047	3.496806E-6
-114.853418	4.132589E-6
-114.832790	5.324682E-6
-114.812161	5.404154E-6
-114.791532	4.291534E-6
-114.770903	2.463659E-6
-114.750274	9.536743E-7
-114.729646	-6.357829E-7
-114.709017	-2.304713E-6
-114.688388	-3.099442E-6
-114.667759	-3.814697E-6
-114.647130	-4.609426E-6
-114.626501	-5.960464E-6
-114.605873	-6.755193E-6
-114.585244	-6.039937E-6
-114.564615	-5.563100E-6
-114.543986	-5.960464E-6
-114.523357	-7.152557E-6
-114.502729	-7.311503E-6
-114.482100	-6.675720E-6
-114.461471	-6.596247E-6
-114.440842	-6.278356E-6
-114.420213	-5.801519E-6
-114.399584	-5.642573E-6
-114.378956	-5.165736E-6
-114.358327	-4.927317E-6
-114.337698	-3.814697E-6
-114.317069	-2.622604E-6
-114.296440	-2.702077E-6
-114.275811	-1.509984E-6
-114.255183	1.589457E-7
-114.234554	8.742015E-7
-114.213925	2.145767E-6
-114.193296	3.655752E-6
-114.172667	4.529953E-6
-114.152039	5.245209E-6
-114.131410	5.801519E-6
-114.110781	6.198883E-6
-114.090152	6.596247E-6
-114.069523	7.788340E-6
-114.048894	8.344650E-6
-114.028266	8.662542E-6
-114.007637	9.457270E-6
-113.987008	8.980433E-6
-113.966379	9.536743E-6
-113.945750	9.695689E-6
-113.925122	9.616216E-6
-113.904493	1.017253E-5
-113.883864	9.059906E-6
-113.863235	8.344650E-6
-113.842606	7.788340E-6
-113.821977	6.357829E-6
-113.801349	4.927317E-6
-113.780720	4.529953E-6
-113.760091	4.053116E-6
-113.739462	3.337860E-6
-113.718833	1.827876E-6
-113.698204	1.112620E-6
-113.677576	-3.178914E-7
-113.656947	-2.384186E-6
-113.636318	-2.384186E-6
-113.615689	-3.099442E-6
-113.595060	-4.609426E-6
-113.574432	-4.768372E-6
-113.553803	-5.404154E-6
-113.533174	-6.357829E-6
-113.512545	-7.947286E-6
-113.491916	-8.742015E-6
-113.471287	-8.344650E-6
-113.450659	-8.344650E-6
-113.430030	-8.583069E-6
-113.409401	-1.017253E-5
-113.388772	-9.695689E-6
-113.368143	-9.139379E-6
-113.347515	-9.536743E-6
-113.326886	-8.106232E-6
-113.306257	-6.198883E-6
-113.285628	-5.086263E-6
-113.264999	-3.099442E-6
-113.244370	-1.033147E-6
-113.223742	1.112620E-6
-113.203113	3.814697E-6
-113.182484	6.119410E-6
-113.161855	8.185705E-6
-113.141226	1.072884E-5
-113.120597	1.223882E-5
-113.099969	1.358986E-5
-113.079340	1.279513E-5
-113.058711	1.239777E-5
-113.038082	1.128515E-5
-113.017453	1.056989E-5
-112.996825	8.583069E-6
-112.976196	6.119410E-6
-112.955567	3.894170E-6
-112.934938	1.271566E-6
-112.914309	-1.589457E-6
-112.893680	-2.781550E-6
-112.873052	-4.212062E-6
-112.852423	-6.516774E-6
-112.831794	-8.106232E-6
-112.811165	-9.457270E-6
-112.790536	-8.503596E-6
-112.769908	-7.947286E-6
-112.749279	-8.106232E-6
-112.728650	-7.867813E-6
-112.708021	-7.232030E-6
-112.687392	-5.324682E-6
-112.666763	-3.894170E-6
-112.646135	-3.496806E-6
-112.625506	-2.145767E-6
-112.604877	-1.748403E-6
-112.584248	-1.271566E-6
-112.563619	-7.947286E-7
-112.542990	7.947286E-7
-112.522362	7.947286E-7
-112.501733	9.536743E-7
-112.481104	8.742015E-7
-112.460475	-1.589457E-7
-112.439846	-5.563100E-7
-112.419218	-1.907349E-6
-112.398589	-2.781550E-6
-112.377960	-3.735224E-6
-112.357331	-4.847844E-6
-112.336702	-5.324682E-6
-112.316073	-7.311503E-6
-112.295445	-8.503596E-6
-112.274816	-9.298325E-6
-112.254187	-1.001358E-5
-112.233558	-1.088778E-5
-112.212929	-1.112620E-5
-112.192301	-1.192093E-5
-112.171672	-1.112620E-5
-112.151043	-9.695689E-6
-112.130414	-8.980433E-6
-112.109785	-6.834666E-6
-112.089156	-4.450480E-6
-112.068528	-1.589457E-6
-112.047899	1.192093E-6
-112.027270	3.655752E-6
-112.006641	6.675720E-6
-111.986012	8.106232E-6
-111.965383	9.775162E-6
-111.944755	1.184146E-5
-111.924126	1.319249E-5
-111.903497	1.390775E-5
-111.882868	1.414617E-5
-111.862239	1.390775E-5
-111.841611	1.343091E-5
-111.820982	1.287460E-5
-111.800353	1.120567E-5
-111.779724	1.049042E-5
-111.759095	9.854635E-6
-111.738466	8.503596E-6
-111.717838	7.152557E-6
-111.697209	6.278356E-6
-111.676580	4.609426E-6
-111.655951	3.735224E-6
-111.635322	3.337860E-6
-111.614694	3.178914E-6
-111.594065	1.986821E-6
-111.573436	8.742015E-7
-111.552807	3.178914E-7
-111.532178	-4.768372E-7
-111.511549	-7.152557E-7
-111.490921	-1.112620E-6
-111.470292	-1.192093E-6
-111.449663	0.000000
-111.429034	1.112620E-6
-111.408405	1.589457E-6
-111.387776	3.894170E-6
-111.367148	4.927317E-6
-111.346519	7.708867E-6
-111.325890	1.025200E-5
-111.305261	1.223882E-5
-111.284632	1.438459E-5
-111.264004	1.597404E-5
-111.243375	1.684825E-5
-111.222746	1.788139E-5
-111.202117	1.978874E-5
-111.181488	1.923243E-5
-111.160859	1.915296E-5
-111.140231	1.724561E-5
-111.119602	1.621246E-5
-111.098973	1.621246E-5
-111.078344	1.438459E-5
-111.057715	1.223882E-5
-111.037087	1.056989E-5
-111.016458	9.616216E-6
-110.995829	8.265177E-6
-110.975200	6.675720E-6
-110.954571	6.119410E-6
-110.933942	7.390976E-6
-110.913314	7.867813E-6
-110.892685	7.788340E-6
-110.872056	8.265177E-6
-110.851427	9.139379E-6
-110.830798	1.152356E-5
-110.810170	1.351039E-5
-110.789541	1.430511E-5
-110.768912	1.613299E-5
-110.748283	1.748403E-5
-110.727654	1.994769E-5
-110.707025	2.137820E-5
-110.686397	2.201398E-5
-110.665768	2.264977E-5
-110.645139	2.312660E-5
-110.624510	2.312660E-5
-110.603881	2.217293E-5
-110.583252	2.106031E-5
-110.562624	1.994769E-5
-110.541995	1.859665E-5
-110.521366	1.653035E-5
-110.500737	1.422564E-5
-110.480108	1.176198E-5
-110.459480	9.695689E-6
-110.438851	6.516774E-6
-110.418222	3.735224E-6
-110.397593	1.907349E-6
-110.376964	3.178914E-7
-110.356335	-5.563100E-7
-110.335707	-9.536743E-7
-110.315078	-1.033147E-6
-110.294449	-3.178914E-7
-110.273820	7.947286E-7
-110.253191	2.225240E-6
-110.232563	3.894170E-6
-110.211934	6.278356E-6
-110.191305	7.867813E-6
-110.170676	9.298325E-6
-110.150047	1.088778E-5
-110.129418	1.176198E-5
-110.108790	1.176198E-5
-110.088161	1.176198E-5
-110.067532	1.033147E-5
-110.046903	7.232030E-6
-110.026274	4.688899E-6
-110.005645	1.589457E-6
-109.985017	-2.861023E-6
-109.964388	-6.596247E-6
-109.943759	-1.025200E-5
-109.923130	-1.327197E-5
-109.902501	-1.589457E-5
-109.881873	-1.772245E-5
-109.861244	-2.050400E-5
-109.840615	-2.288818E-5
-109.819986	-2.511342E-5
-109.799357	-2.646446E-5
-109.778728	-2.646446E-5
-109.758100	-2.702077E-5
-109.737471	-2.710025E-5
-109.716842	-2.654394E-5
-109.696213	-2.519290E-5
-109.675584	-2.312660E-5
-109.654956	-2.098083E-5
-109.634327	-2.106031E-5
-109.613698	-2.066294E-5
-109.593069	-1.883507E-5
-109.572440	-1.740456E-5
-109.551811	-1.597404E-5
-109.531183	-1.533826E-5
-109.510554	-1.581510E-5
-109.489925	-1.589457E-5
-109.469296	-1.533826E-5
-109.448667	-1.533826E-5
-109.428038	-1.613299E-5
-109.407410	-1.668930E-5
-109.386781	-1.804034E-5
-109.366152	-1.970927E-5
-109.345523	-2.153714E-5
-109.324894	-2.320608E-5
-109.304266	-2.384186E-5
-109.283637	-2.431870E-5
-109.263008	-2.519290E-5
-109.242379	-2.614657E-5
-109.221750	-2.527237E-5
-109.201121	-2.622604E-5
-109.180493	-2.543132E-5
-109.159864	-2.423922E-5
-109.139235	-2.320608E-5
-109.118606	-2.082189E-5
-109.097977	-1.827876E-5
-109.077349	-1.581510E-5
-109.056720	-1.366933E-5
-109.036091	-1.168251E-5
-109.015462	-9.695689E-6
-108.994833	-6.755193E-6
-108.974204	-4.291534E-6
-108.953576	-2.543132E-6
-108.932947	-1.907349E-6
-108.912318	-2.622604E-6
-108.891689	-3.496806E-6
-108.871060	-4.768372E-6
-108.850431	-5.801519E-6
-108.829803	-7.470449E-6
-108.809174	-9.775162E-6
-108.788545	-1.414617E-5
-108.767916	-1.811981E-5
-108.747287	-2.129873E-5
-108.726659	-2.519290E-5
-108.706030	-2.884865E-5
-108.685401	-3.099442E-5
-108.664772	-3.282229E-5
-108.644143	-3.242493E-5
-108.623514	-3.059705E-5
-108.602886	-2.765656E-5
-108.582257	-2.495448E-5
-108.561628	-2.090136E-5
-108.540999	-1.549721E-5
-108.520370	-8.900960E-6
-108.499742	-2.145767E-6
-108.479113	5.563100E-6
-108.458484	1.279513E-5
-108.437855	2.034505E-5
-108.417226	2.670288E-5
-108.396597	3.306071E-5
-108.375969	3.933907E-5
-108.355340	4.426638E-5
-108.334711	4.760424E-5
-108.314082	4.879634E-5
-108.293453	4.998843E-5
-108.272824	4.990896E-5
-108.252196	4.831950E-5
-108.231567	4.633268E-5
-108.210938	4.275640E-5
-108.190309	3.902117E-5
-108.169680	3.536542E-5
-108.149052	2.924601E-5
-108.128423	2.384186E-5
-108.107794	1.883507E-5
-108.087165	1.351039E-5
-108.066536	9.377797E-6
-108.045907	5.642573E-6
-108.025279	1.271566E-6
-108.004650	-2.225240E-6
-107.984021	-4.847844E-6
-107.963392	-5.642573E-6
-107.942763	-4.609426E-6
-107.922135	-3.178914E-6
-107.901506	-1.271566E-6
-107.880877	1.351039E-6
-107.860248	5.642573E-6
-107.839619	9.934107E-6
-107.818990	1.549721E-5
-107.798362	2.074242E-5
-107.777733	2.543132E-5
-107.757104	2.980232E-5
-107.736475	3.321966E-5
-107.715846	3.647804E-5
-107.695217	4.005432E-5
-107.674589	4.235903E-5
-107.653960	4.426638E-5
-107.633331	4.537900E-5
-107.612702	4.593531E-5
-107.592073	4.561742E-5
-107.571445	4.522006E-5
-107.550816	4.490217E-5
-107.530187	4.466375E-5
-107.509558	4.378955E-5
-107.488929	4.299482E-5
-107.468300	4.291534E-5
-107.447672	4.188220E-5
-107.427043	4.180272E-5
-107.406414	4.196167E-5
-107.385785	4.251798E-5
-107.365156	4.204114E-5
-107.344528	4.235903E-5
-107.323899	4.355113E-5
-107.303270	4.498164E-5
-107.282641	4.625320E-5
-107.262012	4.879634E-5
-107.241383	5.094210E-5
-107.220755	5.427996E-5
-107.200126	5.737940E-5
-107.179497	5.968412E-5
-107.158868	6.095568E-5
-107.138239	6.182988E-5
-107.117610	6.365776E-5
-107.096982	6.437302E-5
-107.076353	6.524722E-5
-107.055724	6.667773E-5
-107.035095	6.651878E-5
-107.014466	6.405512E-5
-106.993838	6.119410E-5
-106.973209	5.817413E-5
-106.952580	5.586942E-5
-106.931951	5.316734E-5
-106.911322	5.054474E-5
-106.890693	4.792213E-5
-106.870065	4.434586E-5
-106.849436	4.196167E-5
-106.828807	4.037221E-5
-106.808178	3.878276E-5
-106.787549	3.806750E-5
-106.766921	3.838539E-5
-106.746292	3.957748E-5
-106.725663	4.140536E-5
-106.705034	4.323324E-5
-106.684405	4.625320E-5
-106.663776	4.887581E-5
-106.643148	5.118052E-5
-106.622519	5.316734E-5
-106.601890	5.515416E-5
-106.581261	5.578995E-5
-106.560632	5.547206E-5
-106.540003	5.427996E-5
-106.519375	4.967054E-5
-106.498746	4.371007E-5
-106.478117	3.536542E-5
-106.457488	2.686183E-5
-106.436859	1.811981E-5
-106.416231	8.185705E-6
-106.395602	-1.509984E-6
-106.374973	-1.152356E-5
-106.354344	-2.225240E-5
-106.333715	-3.202756E-5
-106.313086	-4.180272E-5
-106.292458	-5.261103E-5
-106.271829	-6.326040E-5
-106.251200	-7.303556E-5
-106.230571	-7.994970E-5
-106.209942	-8.432070E-5
-106.189314	-8.869171E-5
-106.168685	-9.353956E-5
-106.148056	-9.767214E-5
-106.127427	-0.000102
-106.106798	-0.000105
-106.086169	-0.000109
-106.065541	-0.000112
-106.044912	-0.000115
-106.024283	-0.000118
-106.003654	-0.000121
-105.983025	-0.000125
-105.962396	-0.000128
-105.941768	-0.000130
-105.921139	-0.000132
-105.900510	-0.000133
-105.879881	-0.000136
-105.859252	-0.000137
-105.838624	-0.000137
-105.817995	-0.000136
-105.797366	-0.000135
-105.776737	-0.000133
-105.756108	-0.000132
-105.735479	-0.000131
-105.714851	-0.000130
-105.694222	-0.000129
-105.673593	-0.000129
-105.652964	-0.000129
-105.632335	-0.000129
-105.611707	-0.000128
-105.591078	-0.000129
-105.570449	-0.000129
-105.549820	-0.000130
-105.529191	-0.000134
-105.508562	-0.000140
-105.487934	-0.000147
-105.467305	-0.000155
-105.446676	-0.000164
-105.426047	-0.000175
-105.405418	-0.000187
-105.384789	-0.000198
-105.364161	-0.000209
-105.343532	-0.000218
-105.322903	-0.000224
-105.302274	-0.000224
-105.281645	-0.000219
-105.261017	-0.000211
-105.240388	-0.000198
-105.219759	-0.000183
-105.199130	-0.000165
-105.178501	-0.000149
-105.157872	-0.000138
-105.137244	-0.000134
-105.116615	-0.000142
-105.095986	-0.000168
-105.075357	-0.000213
-105.054728	-0.000281
-105.034100	-0.000370
-105.013471	-0.000482
-104.992842	-0.000624
-104.972213	-0.000785
-104.951584	-0.000962
-104.930955	-0.001142
-104.910327	-0.001329
-104.889698	-0.001503
-104.869069	-0.001663
-104.848440	-0.001800
-104.827811	-0.001901
-104.807182	-0.001952
-104.786554	-0.001953
-104.765925	-0.001915
-104.745296	-0.001828
-104.724667	-0.001677
-104.704038	-0.001463
-104.683410	-0.001190
-104.662781	-0.000870
-104.642152	-0.000513
-104.621523	-0.000123
-104.600894	0.000265
-104.580265	0.000651
-104.559637	0.001032
-104.539008	0.001398
-104.518379	0.001732
-104.497750	0.002028
-104.477121	0.002283
-104.456493	0.002489
-104.435864	0.002642
-104.415235	0.002732
-104.394606	0.002781
-104.373977	0.002790
-104.353348	0.002756
-104.332720	0.002670
-104.312091	0.002544
-104.291462	0.002389
-104.270833	0.002214
-104.250204	0.002019
-104.229576	0.001801
-104.208947	0.001582
-104.188318	0.001388
-104.167689	0.001191
-104.147060	0.000993
-104.126431	0.000800
-104.105803	0.000617
-104.085174	0.000448
-104.064545	0.000290
-104.043916	0.000156
-104.023287	3.687541E-5
-104.002658	-6.715457E-5
-103.982030	-0.000151
-103.961401	-0.000225
-103.940772	-0.000290
-103.920143	-0.000341
-103.899514	-0.000381
-103.878886	-0.000413
-103.858257	-0.000438
-103.837628	-0.000454
-103.816999	-0.000465
-103.796370	-0.000472
-103.775741	-0.000474
-103.755113	-0.000470
-103.734484	-0.000462
-103.713855	-0.000451
-103.693226	-0.000441
-103.672597	-0.000429
-103.651969	-0.000415
-103.631340	-0.000401
-103.610711	-0.000388
-103.590082	-0.000374
-103.569453	-0.000360
-103.548824	-0.000343
-103.528196	-0.000327
-103.507567	-0.000311
-103.486938	-0.000294
-103.466309	-0.000280
-103.445680	-0.000264
-103.425051	-0.000251
-103.404423	-0.000238
-103.383794	-0.000226
-103.363165	-0.000215
-103.342536	-0.000205
-103.321907	-0.000195
-103.301279	-0.000185
-103.280650	-0.000173
-103.260021	-0.000166
-103.239392	-0.000158
-103.218763	-0.000151
-103.198134	-0.000144
-103.177506	-0.000136
-103.156877	-0.000130
-103.136248	-0.000124
-103.115619	-0.000118
-103.094990	-0.000113
-103.074362	-0.000107
-103.053733	-0.000103
-103.033104	-9.870529E-5
-103.012475	-9.401639E-5
-102.991846	-9.171168E-5
-102.971217	-8.900960E-5
-102.950589	-8.487701E-5
-102.929960	-8.042653E-5
-102.909331	-7.692973E-5
-102.888702	-7.462502E-5
-102.868073	-7.247925E-5
-102.847444	-6.961823E-5
-102.826816	-6.620089E-5
-102.806187	-6.349881E-5
-102.785558	-6.198883E-5
-102.764929	-5.968412E-5
-102.744300	-5.737940E-5
-102.723672	-5.547206E-5
-102.703043	-5.324682E-5
-102.682414	-5.181630E-5
-102.661785	-5.022685E-5
-102.641156	-4.808108E-5
-102.620527	-4.665057E-5
-102.599899	-4.601479E-5
-102.579270	-4.458427E-5
-102.558641	-4.275640E-5
-102.538012	-4.220009E-5
-102.517383	-4.124641E-5
-102.496755	-3.941854E-5
-102.476126	-3.743172E-5
-102.455497	-3.623962E-5
-102.434868	-3.480911E-5
-102.414239	-3.314018E-5
-102.393610	-3.186862E-5
-102.372982	-3.202756E-5
-102.352353	-2.996127E-5
-102.331724	-2.853076E-5
-102.311095	-2.717972E-5
-102.290466	-2.646446E-5
-102.269837	-2.503395E-5
-102.249209	-2.360344E-5
-102.228580	-2.312660E-5
-102.207951	-2.161662E-5
-102.187322	-2.050400E-5
-102.166693	-1.978874E-5
-102.146065	-1.883507E-5
-102.125436	-1.788139E-5
-102.104807	-1.732508E-5
-102.084178	-1.716614E-5
-102.063549	-1.629194E-5
-102.042920	-1.462301E-5
-102.022292	-1.430511E-5
-102.001663	-1.374880E-5
-101.981034	-1.311302E-5
-101.960405	-1.160304E-5
-101.939776	-1.041094E-5
-101.919148	-9.616216E-6
-101.898519	-9.139379E-6
-101.877890	-9.059906E-6
-101.857261	-8.821487E-6
-101.836632	-9.377797E-6
-101.816003	-8.424123E-6
-101.795375	-8.583069E-6
-101.774746	-7.232030E-6
-101.754117	-6.437302E-6
-101.733488	-6.516774E-6
-101.712859	-5.245209E-6
-101.692230	-4.927317E-6
-101.671602	-5.006790E-6
-101.650973	-4.529953E-6
-101.630344	-4.212062E-6
-101.609715	-4.053116E-6
-101.589086	-3.814697E-6
-101.568458	-2.463659E-6
-101.547829	-2.463659E-6
-101.527200	-1.668930E-6
-101.506571	-2.066294E-6
-101.485942	-2.463659E-6
-101.465313	-1.986821E-6
-101.444685	-7.947286E-7
-101.424056	-1.589457E-7
-101.403427	-3.973643E-7
-101.382798	-7.152557E-7
-101.362169	-9.536743E-7
-101.341541	-6.357829E-7
-101.320912	3.178914E-7
-101.300283	4.768372E-7
-101.279654	1.271566E-6
-101.259025	1.112620E-6
-101.238396	7.152557E-7
-101.217768	8.742015E-7
-101.197139	8.742015E-7
-101.176510	1.589457E-6
-101.155881	1.668930E-6
-101.135252	1.351039E-6
-101.114623	1.668930E-6
-101.093995	1.589457E-6
-101.073366	1.748403E-6
-101.052737	1.112620E-6
-101.032108	1.112620E-6
-101.011479	1.589457E-6
-100.990851	1.589457E-6
-100.970222	1.192093E-6
-100.949593	1.112620E-6
-100.928964	1.668930E-6
-100.908335	8.742015E-7
-100.887706	7.152557E-7
-100.867078	1.748403E-6
-100.846449	1.509984E-6
-100.825820	1.271566E-6
-100.805191	1.907349E-6
-100.784562	1.509984E-6
-100.763934	1.668930E-6
-100.743305	1.748403E-6
-100.722676	1.033147E-6
-100.702047	1.430511E-6
-100.681418	1.192093E-6
-100.660789	1.351039E-6
-100.640161	2.304713E-6
-100.619532	1.192093E-6
-100.598903	6.357829E-7
-100.578274	1.271566E-6
-100.557645	1.668930E-6
-100.537016	1.748403E-6
-100.516388	1.668930E-6
-100.495759	1.271566E-6
-100.475130	1.192093E-6
-100.454501	7.152557E-7
-100.433872	1.033147E-6
-100.413244	1.271566E-6
-100.392615	1.351039E-6
-100.371986	1.351039E-6
-100.351357	2.066294E-6
-100.330728	1.509984E-6
-100.310099	3.178914E-7
-100.289471	0.000000
-100.268842	2.384186E-7
-100.248213	2.384186E-7
-100.227584	7.152557E-7
-100.206955	1.668930E-6
-100.186327	1.509984E-6
-100.165698	1.827876E-6
-100.145069	2.145767E-6
-100.124440	2.304713E-6
-100.103811	1.589457E-6
-100.083182	7.152557E-7
-100.062554	1.589457E-7
-100.041925	6.357829E-7
-100.021296	1.668930E-6
