-142.000947	5.245209E-6
-141.980319	5.245209E-6
-141.959690	4.768372E-6
-141.939061	3.576279E-6
-141.918432	3.178914E-6
-141.897803	2.066294E-6
-141.877174	1.430511E-6
-141.856546	3.178914E-7
-141.835917	-1.112620E-6
-141.815288	-1.351039E-6
-141.794659	-2.940496E-6
-141.774030	-3.178914E-6
-141.753401	-4.053116E-6
-141.732773	-4.132589E-6
-141.712144	-4.371007E-6
-141.691515	-5.245209E-6
-141.670886	-4.609426E-6
-141.650257	-4.688899E-6
-141.629629	-5.722046E-6
-141.609000	-5.483627E-6
-141.588371	-5.006790E-6
-141.567742	-5.086263E-6
-141.547113	-4.847844E-6
-141.526484	-5.086263E-6
-141.505856	-4.688899E-6
-141.485227	-4.450480E-6
-141.464598	-4.450480E-6
-141.443969	-4.768372E-6
-141.423340	-4.688899E-6
-141.402712	-5.165736E-6
-141.382083	-4.768372E-6
-141.361454	-3.894170E-6
-141.340825	-3.099442E-6
-141.320196	-3.735224E-6
-141.299567	-4.132589E-6
-141.278939	-5.483627E-6
-141.258310	-5.642573E-6
-141.237681	-5.086263E-6
-141.217052	-5.086263E-6
-141.196423	-5.404154E-6
-141.175794	-5.801519E-6
-141.155166	-6.675720E-6
-141.134537	-7.629395E-6
-141.113908	-7.311503E-6
-141.093279	-6.914139E-6
-141.072650	-7.390976E-6
-141.052022	-6.914139E-6
-141.031393	-6.834666E-6
-141.010764	-7.152557E-6
-140.990135	-6.357829E-6
-140.969506	-5.801519E-6
-140.948877	-5.245209E-6
-140.928249	-4.529953E-6
-140.907620	-3.099442E-6
-140.886991	-2.225240E-6
-140.866362	-1.827876E-6
-140.845733	-1.668930E-6
-140.825105	-7.152557E-7
-140.804476	-1.589457E-7
-140.783847	-1.589457E-7
-140.763218	-7.947286E-7
-140.742589	-1.192093E-6
-140.721960	-2.384186E-6
-140.701332	-3.894170E-6
-140.680703	-5.404154E-6
-140.660074	-7.708867E-6
-140.639445	-9.377797E-6
-140.618816	-1.104673E-5
-140.598187	-1.303355E-5
-140.577559	-1.454353E-5
-140.556930	-1.533826E-5
-140.536301	-1.557668E-5
-140.515672	-1.557668E-5
-140.495043	-1.573563E-5
-140.474415	-1.446406E-5
-140.453786	-1.390775E-5
-140.433157	-1.351039E-5
-140.412528	-1.176198E-5
-140.391899	-1.001358E-5
-140.371270	-9.298325E-6
-140.350642	-6.596247E-6
-140.330013	-4.212062E-6
-140.309384	-2.543132E-6
-140.288755	-1.827876E-6
-140.268126	-3.973643E-7
-140.247498	1.748403E-6
-140.226869	2.940496E-6
-140.206240	3.576279E-6
-140.185611	3.735224E-6
-140.164982	4.053116E-6
-140.144353	4.450480E-6
-140.123725	3.894170E-6
-140.103096	2.463659E-6
-140.082467	1.430511E-6
-140.061838	-3.178914E-7
-140.041209	-2.225240E-6
-140.020580	-3.735224E-6
-139.999952	-4.927317E-6
-139.979323	-6.834666E-6
-139.958694	-6.914139E-6
-139.938065	-7.867813E-6
-139.917436	-9.457270E-6
-139.896808	-9.457270E-6
-139.876179	-9.854635E-6
-139.855550	-1.017253E-5
-139.834921	-9.934107E-6
-139.814292	-8.980433E-6
-139.793663	-7.549922E-6
-139.773035	-6.119410E-6
-139.752406	-5.165736E-6
-139.731777	-3.735224E-6
-139.711148	-1.986821E-6
-139.690519	7.947286E-8
-139.669891	1.589457E-6
-139.649262	2.622604E-6
-139.628633	4.132589E-6
-139.608004	6.198883E-6
-139.587375	7.708867E-6
-139.566746	8.583069E-6
-139.546118	8.980433E-6
-139.525489	9.218852E-6
-139.504860	9.695689E-6
-139.484231	1.056989E-5
-139.463602	1.017253E-5
-139.442973	9.934107E-6
-139.422345	9.298325E-6
-139.401716	7.708867E-6
-139.381087	7.311503E-6
-139.360458	6.914139E-6
-139.339829	6.198883E-6
-139.319201	4.688899E-6
-139.298572	4.053116E-6
-139.277943	3.417333E-6
-139.257314	2.702077E-6
-139.236685	2.622604E-6
-139.216056	1.589457E-6
-139.195428	2.225240E-6
-139.174799	3.337860E-6
-139.154170	3.417333E-6
-139.133541	2.940496E-6
-139.112912	4.291534E-6
-139.092284	4.847844E-6
-139.071655	4.768372E-6
-139.051026	5.165736E-6
-139.030397	5.483627E-6
-139.009768	5.722046E-6
-138.989139	6.119410E-6
-138.968511	5.245209E-6
-138.947882	5.006790E-6
-138.927253	3.973643E-6
-138.906624	1.907349E-6
-138.885995	1.589457E-6
-138.865366	6.357829E-7
-138.844738	-1.192093E-6
-138.824109	-3.178914E-6
-138.803480	-3.655752E-6
-138.782851	-4.053116E-6
-138.762222	-4.450480E-6
-138.741594	-5.086263E-6
-138.720965	-5.404154E-6
-138.700336	-4.688899E-6
-138.679707	-4.291534E-6
-138.659078	-3.337860E-6
-138.638449	-2.702077E-6
-138.617821	-7.947286E-7
-138.597192	1.509984E-6
-138.576563	2.702077E-6
-138.555934	4.927317E-6
-138.535305	6.357829E-6
-138.514677	7.788340E-6
-138.494048	9.218852E-6
-138.473419	9.934107E-6
-138.452790	1.025200E-5
-138.432161	1.049042E-5
-138.411532	1.009305E-5
-138.390904	8.662542E-6
-138.370275	8.026759E-6
-138.349646	7.232030E-6
-138.329017	6.278356E-6
-138.308388	5.165736E-6
-138.287759	4.450480E-6
-138.267131	2.861023E-6
-138.246502	1.907349E-6
-138.225873	1.827876E-6
-138.205244	1.351039E-6
-138.184615	9.536743E-7
-138.163987	1.668930E-6
-138.143358	2.304713E-6
-138.122729	2.463659E-6
-138.102100	2.861023E-6
-138.081471	2.384186E-6
-138.060842	2.145767E-6
-138.040214	2.463659E-6
-138.019585	3.655752E-6
-137.998956	4.371007E-6
-137.978327	3.576279E-6
-137.957698	2.225240E-6
-137.937070	1.430511E-6
-137.916441	1.509984E-6
-137.895812	7.152557E-7
-137.875183	-3.178914E-7
-137.854554	-1.033147E-6
-137.833925	-1.986821E-6
-137.813297	-2.622604E-6
-137.792668	-3.178914E-6
-137.772039	-3.814697E-6
-137.751410	-4.132589E-6
-137.730781	-4.212062E-6
-137.710152	-3.576279E-6
-137.689524	-2.861023E-6
-137.668895	-1.986821E-6
-137.648266	-1.986821E-6
-137.627637	-1.192093E-6
-137.607008	-3.973643E-7
-137.586380	5.563100E-7
-137.565751	1.112620E-6
-137.545122	8.742015E-7
-137.524493	9.536743E-7
-137.503864	1.033147E-6
-137.483235	2.622604E-6
-137.462607	2.622604E-6
-137.441978	2.622604E-6
-137.421349	2.702077E-6
-137.400720	1.748403E-6
-137.380091	2.304713E-6
-137.359463	2.145767E-6
-137.338834	8.742015E-7
-137.318205	-5.563100E-7
-137.297576	-6.357829E-7
-137.276947	-1.271566E-6
-137.256318	-2.066294E-6
-137.235690	-2.861023E-6
-137.215061	-3.258387E-6
-137.194432	-3.496806E-6
-137.173803	-3.814697E-6
-137.153174	-4.927317E-6
-137.132545	-5.483627E-6
-137.111917	-6.039937E-6
-137.091288	-7.152557E-6
-137.070659	-7.232030E-6
-137.050030	-7.947286E-6
-137.029401	-9.457270E-6
-137.008773	-9.139379E-6
-136.988144	-9.218852E-6
-136.967515	-1.072884E-5
-136.946886	-1.049042E-5
-136.926257	-9.854635E-6
-136.905628	-9.695689E-6
-136.885000	-8.583069E-6
-136.864371	-7.788340E-6
-136.843742	-6.993612E-6
-136.823113	-6.834666E-6
-136.802484	-5.880992E-6
-136.781856	-4.291534E-6
-136.761227	-2.066294E-6
-136.740598	-4.768372E-7
-136.719969	1.271566E-6
-136.699340	3.099442E-6
-136.678711	4.609426E-6
-136.658083	5.801519E-6
-136.637454	6.993612E-6
-136.616825	8.424123E-6
-136.596196	8.980433E-6
-136.575567	9.059906E-6
-136.554939	9.536743E-6
-136.534310	8.265177E-6
-136.513681	6.675720E-6
-136.493052	3.735224E-6
-136.472423	1.748403E-6
-136.451794	-1.430511E-6
-136.431166	-3.337860E-6
-136.410537	-5.722046E-6
-136.389908	-7.947286E-6
-136.369279	-9.139379E-6
-136.348650	-1.207987E-5
-136.328021	-1.438459E-5
-136.307393	-1.565615E-5
-136.286764	-1.684825E-5
-136.266135	-1.764297E-5
-136.245506	-1.645088E-5
-136.224877	-1.684825E-5
-136.204249	-1.589457E-5
-136.183620	-1.438459E-5
-136.162991	-1.247724E-5
-136.142362	-1.120567E-5
-136.121733	-9.457270E-6
-136.101104	-7.311503E-6
-136.080476	-5.483627E-6
-136.059847	-4.371007E-6
-136.039218	-3.814697E-6
-136.018589	-2.543132E-6
-135.997960	-6.357829E-7
-135.977332	-3.178914E-7
-135.956703	-7.947286E-8
-135.936074	7.947286E-7
-135.915445	3.099442E-6
-135.894816	3.814697E-6
-135.874187	5.563100E-6
-135.853559	7.073085E-6
-135.832930	8.026759E-6
-135.812301	8.185705E-6
-135.791672	8.503596E-6
-135.771043	8.742015E-6
-135.750414	9.854635E-6
-135.729786	9.218852E-6
-135.709157	7.708867E-6
-135.688528	6.596247E-6
-135.667899	5.165736E-6
-135.647270	4.053116E-6
-135.626642	3.178914E-6
-135.606013	1.430511E-6
-135.585384	-7.947286E-8
-135.564755	-1.351039E-6
-135.544126	-2.622604E-6
-135.523497	-3.417333E-6
-135.502869	-3.973643E-6
-135.482240	-4.768372E-6
-135.461611	-4.768372E-6
-135.440982	-5.086263E-6
-135.420353	-4.291534E-6
-135.399725	-2.940496E-6
-135.379096	-2.622604E-6
-135.358467	-2.066294E-6
-135.337838	-1.192093E-6
-135.317209	-1.033147E-6
-135.296580	-7.947286E-8
-135.275952	1.192093E-6
-135.255323	1.351039E-6
-135.234694	1.589457E-6
-135.214065	7.152557E-7
-135.193436	0.000000
-135.172807	-3.178914E-7
-135.152179	-4.768372E-7
-135.131550	-7.947286E-7
-135.110921	-1.509984E-6
-135.090292	-3.019969E-6
-135.069663	-3.496806E-6
-135.049035	-3.258387E-6
-135.028406	-3.099442E-6
-135.007777	-3.258387E-6
-134.987148	-2.940496E-6
-134.966519	-2.463659E-6
-134.945890	-2.145767E-6
-134.925262	-1.112620E-6
-134.904633	-7.947286E-8
-134.884004	2.384186E-7
-134.863375	1.351039E-6
-134.842746	2.145767E-6
-134.822118	3.973643E-6
-134.801489	4.450480E-6
-134.780860	3.973643E-6
-134.760231	4.132589E-6
-134.739602	3.019969E-6
-134.718973	2.781550E-6
-134.698345	2.145767E-6
-134.677716	0.000000
-134.657087	-1.033147E-6
-134.636458	-1.589457E-6
-134.615829	-2.781550E-6
-134.595200	-4.847844E-6
-134.574572	-7.390976E-6
-134.553943	-8.026759E-6
-134.533314	-8.821487E-6
-134.512685	-9.854635E-6
-134.492056	-1.056989E-5
-134.471428	-1.017253E-5
-134.450799	-9.934107E-6
-134.430170	-1.025200E-5
-134.409541	-9.536743E-6
-134.388912	-8.503596E-6
-134.368283	-8.026759E-6
-134.347655	-7.232030E-6
-134.327026	-6.914139E-6
-134.306397	-5.483627E-6
-134.285768	-4.609426E-6
-134.265139	-4.688899E-6
-134.244511	-3.814697E-6
-134.223882	-3.258387E-6
-134.203253	-1.907349E-6
-134.182624	-8.742015E-7
-134.161995	-1.033147E-6
-134.141366	-7.947286E-7
-134.120738	2.384186E-7
-134.100109	1.827876E-6
-134.079480	2.861023E-6
-134.058851	4.450480E-6
-134.038222	5.722046E-6
-134.017593	7.073085E-6
-133.996965	8.106232E-6
-133.976336	8.424123E-6
-133.955707	8.503596E-6
-133.935078	9.139379E-6
-133.914449	9.059906E-6
-133.893821	8.900960E-6
-133.873192	7.390976E-6
-133.852563	6.357829E-6
-133.831934	4.927317E-6
-133.811305	3.178914E-6
-133.790676	1.271566E-6
-133.770048	-3.973643E-7
-133.749419	-1.509984E-6
-133.728790	-2.861023E-6
-133.708161	-3.973643E-6
-133.687532	-5.086263E-6
-133.666904	-6.357829E-6
-133.646275	-6.914139E-6
-133.625646	-7.629395E-6
-133.605017	-7.947286E-6
-133.584388	-7.788340E-6
-133.563759	-7.867813E-6
-133.543131	-7.390976E-6
-133.522502	-7.152557E-6
-133.501873	-7.549922E-6
-133.481244	-7.470449E-6
-133.460615	-6.596247E-6
-133.439986	-5.880992E-6
-133.419358	-5.801519E-6
-133.398729	-5.245209E-6
-133.378100	-4.450480E-6
-133.357471	-3.576279E-6
-133.336842	-3.576279E-6
-133.316214	-2.781550E-6
-133.295585	-1.509984E-6
-133.274956	1.589457E-7
-133.254327	1.192093E-6
-133.233698	2.702077E-6
-133.213069	4.132589E-6
-133.192441	5.165736E-6
-133.171812	5.722046E-6
-133.151183	7.232030E-6
-133.130554	7.788340E-6
-133.109925	7.629395E-6
-133.089297	7.788340E-6
-133.068668	7.947286E-6
-133.048039	8.026759E-6
-133.027410	7.867813E-6
-133.006781	7.311503E-6
-132.986152	6.437302E-6
-132.965524	6.278356E-6
-132.944895	5.960464E-6
-132.924266	4.847844E-6
-132.903637	2.940496E-6
-132.883008	1.986821E-6
-132.862379	1.033147E-6
-132.841751	-1.033147E-6
-132.821122	-1.509984E-6
-132.800493	-3.099442E-6
-132.779864	-3.178914E-6
-132.759235	-3.814697E-6
-132.738607	-4.450480E-6
-132.717978	-5.086263E-6
-132.697349	-5.483627E-6
-132.676720	-6.278356E-6
-132.656091	-6.198883E-6
-132.635462	-7.152557E-6
-132.614834	-6.834666E-6
-132.594205	-6.357829E-6
-132.573576	-5.960464E-6
-132.552947	-4.053116E-6
-132.532318	-3.178914E-6
-132.511690	-2.304713E-6
-132.491061	-1.430511E-6
-132.470432	0.000000
-132.449803	1.112620E-6
-132.429174	3.258387E-6
-132.408545	4.053116E-6
-132.387917	4.927317E-6
-132.367288	6.119410E-6
-132.346659	7.867813E-6
-132.326030	8.424123E-6
-132.305401	9.377797E-6
-132.284772	9.854635E-6
-132.264144	1.017253E-5
-132.243515	1.072884E-5
-132.222886	1.096725E-5
-132.202257	1.025200E-5
-132.181628	9.536743E-6
-132.161000	9.377797E-6
-132.140371	9.854635E-6
-132.119742	9.298325E-6
-132.099113	7.629395E-6
-132.078484	5.245209E-6
-132.057855	3.178914E-6
-132.037227	1.509984E-6
-132.016598	-8.742015E-7
-131.995969	-3.337860E-6
-131.975340	-5.324682E-6
-131.954711	-6.357829E-6
-131.934083	-8.503596E-6
-131.913454	-8.980433E-6
-131.892825	-9.298325E-6
-131.872196	-9.536743E-6
-131.851567	-1.025200E-5
-131.830938	-1.001358E-5
-131.810310	-8.980433E-6
-131.789681	-8.106232E-6
-131.769052	-6.437302E-6
-131.748423	-3.973643E-6
-131.727794	-1.589457E-6
-131.707165	-2.384186E-7
-131.686537	1.271566E-6
-131.665908	3.258387E-6
-131.645279	4.450480E-6
-131.624650	5.563100E-6
-131.604021	5.483627E-6
-131.583393	6.198883E-6
-131.562764	6.278356E-6
-131.542135	6.437302E-6
-131.521506	6.516774E-6
-131.500877	5.245209E-6
-131.480248	3.576279E-6
-131.459620	2.304713E-6
-131.438991	1.112620E-6
-131.418362	-5.563100E-7
-131.397733	-2.304713E-6
-131.377104	-3.258387E-6
-131.356476	-4.609426E-6
-131.335847	-6.278356E-6
-131.315218	-6.755193E-6
-131.294589	-5.722046E-6
-131.273960	-5.245209E-6
-131.253331	-5.324682E-6
-131.232703	-4.688899E-6
-131.212074	-3.814697E-6
-131.191445	-3.099442E-6
-131.170816	-2.145767E-6
-131.150187	-2.543132E-6
-131.129558	-1.271566E-6
-131.108930	7.152557E-7
-131.088301	1.351039E-6
-131.067672	1.192093E-6
-131.047043	5.563100E-7
-131.026414	7.152557E-7
-131.005786	7.947286E-8
-130.985157	-4.768372E-7
-130.964528	-1.668930E-6
-130.943899	-2.702077E-6
-130.923270	-3.258387E-6
-130.902641	-3.178914E-6
-130.882013	-4.609426E-6
-130.861384	-5.722046E-6
-130.840755	-6.914139E-6
-130.820126	-7.549922E-6
-130.799497	-8.344650E-6
-130.778869	-9.298325E-6
-130.758240	-9.854635E-6
-130.737611	-1.009305E-5
-130.716982	-1.056989E-5
-130.696353	-1.056989E-5
-130.675724	-9.775162E-6
-130.655096	-9.218852E-6
-130.634467	-8.742015E-6
-130.613838	-7.549922E-6
-130.593209	-6.039937E-6
-130.572580	-4.609426E-6
-130.551952	-1.271566E-6
-130.531323	1.509984E-6
-130.510694	3.337860E-6
-130.490065	6.198883E-6
-130.469436	8.424123E-6
-130.448807	9.457270E-6
-130.428179	1.049042E-5
-130.407550	1.104673E-5
-130.386921	1.144409E-5
-130.366292	1.096725E-5
-130.345663	9.616216E-6
-130.325034	8.821487E-6
-130.304406	8.026759E-6
-130.283777	6.437302E-6
-130.263148	4.450480E-6
-130.242519	2.066294E-6
-130.221890	-6.357829E-7
-130.201262	-3.019969E-6
-130.180633	-4.847844E-6
-130.160004	-7.311503E-6
-130.139375	-8.980433E-6
-130.118746	-1.025200E-5
-130.098117	-1.096725E-5
-130.077489	-1.231829E-5
-130.056860	-1.303355E-5
-130.036231	-1.231829E-5
-130.015602	-1.049042E-5
-129.994973	-8.662542E-6
-129.974345	-6.914139E-6
-129.953716	-3.973643E-6
-129.933087	-1.509984E-6
-129.912458	-4.768372E-7
-129.891829	1.907349E-6
-129.871200	3.814697E-6
-129.850572	5.483627E-6
-129.829943	6.675720E-6
-129.809314	7.152557E-6
-129.788685	6.675720E-6
-129.768056	5.563100E-6
-129.747427	3.655752E-6
-129.726799	1.986821E-6
-129.706170	6.357829E-7
-129.685541	-1.351039E-6
-129.664912	-3.735224E-6
-129.644283	-5.165736E-6
-129.623655	-6.437302E-6
-129.603026	-8.265177E-6
-129.582397	-1.009305E-5
-129.561768	-1.088778E-5
-129.541139	-1.096725E-5
-129.520510	-1.144409E-5
-129.499882	-1.160304E-5
-129.479253	-1.064936E-5
-129.458624	-9.377797E-6
-129.437995	-8.106232E-6
-129.417366	-6.834666E-6
-129.396738	-5.006790E-6
-129.376109	-4.609426E-6
-129.355480	-3.178914E-6
-129.334851	-2.066294E-6
-129.314222	-1.192093E-6
-129.293593	-5.563100E-7
-129.272965	-8.742015E-7
-129.252336	-1.033147E-6
-129.231707	-7.152557E-7
-129.211078	-7.947286E-7
-129.190449	-1.430511E-6
-129.169820	-2.702077E-6
-129.149192	-4.529953E-6
-129.128563	-5.245209E-6
-129.107934	-6.278356E-6
-129.087305	-7.788340E-6
-129.066676	-8.503596E-6
-129.046048	-8.583069E-6
-129.025419	-9.139379E-6
-129.004790	-9.377797E-6
-128.984161	-8.424123E-6
-128.963532	-7.947286E-6
-128.942903	-7.390976E-6
-128.922275	-7.073085E-6
-128.901646	-6.278356E-6
-128.881017	-4.371007E-6
-128.860388	-1.986821E-6
-128.839759	5.563100E-7
-128.819131	3.814697E-6
-128.798502	6.675720E-6
-128.777873	7.947286E-6
-128.757244	8.742015E-6
-128.736615	1.017253E-5
-128.715986	1.080831E-5
-128.695358	1.152356E-5
-128.674729	1.112620E-5
-128.654100	9.457270E-6
-128.633471	8.344650E-6
-128.612842	6.755193E-6
-128.592213	4.688899E-6
-128.571585	1.827876E-6
-128.550956	-1.827876E-6
-128.530327	-4.371007E-6
-128.509698	-6.596247E-6
-128.489069	-9.059906E-6
-128.468441	-1.136462E-5
-128.447812	-1.279513E-5
-128.427183	-1.422564E-5
-128.406554	-1.430511E-5
-128.385925	-1.366933E-5
-128.365296	-1.311302E-5
-128.344668	-1.152356E-5
-128.324039	-8.821487E-6
-128.303410	-5.404154E-6
-128.282781	-3.258387E-6
-128.262152	-2.384186E-7
-128.241524	1.986821E-6
-128.220895	4.291534E-6
-128.200266	6.755193E-6
-128.179637	9.139379E-6
-128.159008	1.064936E-5
-128.138379	1.200040E-5
-128.117751	1.271566E-5
-128.097122	1.184146E-5
-128.076493	1.096725E-5
-128.055864	1.096725E-5
-128.035235	9.695689E-6
-128.014606	8.344650E-6
-127.993978	6.357829E-6
-127.973349	4.132589E-6
-127.952720	1.589457E-6
-127.932091	-3.178914E-7
-127.911462	-2.622604E-6
-127.890834	-4.212062E-6
-127.870205	-6.119410E-6
-127.849576	-8.503596E-6
-127.828947	-1.025200E-5
-127.808318	-1.104673E-5
-127.787689	-1.064936E-5
-127.767061	-1.064936E-5
-127.746432	-1.080831E-5
-127.725803	-1.033147E-5
-127.705174	-1.017253E-5
-127.684545	-8.742015E-6
-127.663917	-6.914139E-6
-127.643288	-5.245209E-6
-127.622659	-2.543132E-6
-127.602030	-7.947286E-7
-127.581401	1.589457E-6
-127.560772	3.576279E-6
-127.540144	5.245209E-6
-127.519515	6.357829E-6
-127.498886	8.662542E-6
-127.478257	9.536743E-6
-127.457628	1.072884E-5
-127.436999	1.080831E-5
-127.416371	9.775162E-6
-127.395742	9.775162E-6
-127.375113	9.695689E-6
-127.354484	8.344650E-6
-127.333855	6.198883E-6
-127.313227	3.178914E-6
-127.292598	1.112620E-6
-127.271969	-8.742015E-7
-127.251340	-2.304713E-6
-127.230711	-3.258387E-6
-127.210082	-4.450480E-6
-127.189454	-5.245209E-6
-127.168825	-5.245209E-6
-127.148196	-4.768372E-6
-127.127567	-5.801519E-6
-127.106938	-6.278356E-6
-127.086310	-5.880992E-6
-127.065681	-4.450480E-6
-127.045052	-2.781550E-6
-127.024423	-7.947286E-7
-127.003794	1.351039E-6
-126.983165	2.861023E-6
-126.962537	4.053116E-6
-126.941908	5.245209E-6
-126.921279	5.880992E-6
-126.900650	6.914139E-6
-126.880021	7.390976E-6
-126.859392	7.470449E-6
-126.838764	7.867813E-6
-126.818135	7.947286E-6
-126.797506	7.549922E-6
-126.776877	6.357829E-6
-126.756248	4.132589E-6
-126.735620	3.178914E-6
-126.714991	2.145767E-6
-126.694362	-7.947286E-7
-126.673733	-2.145767E-6
-126.653104	-3.496806E-6
-126.632475	-3.814697E-6
-126.611847	-3.973643E-6
-126.591218	-4.450480E-6
-126.570589	-4.688899E-6
-126.549960	-4.529953E-6
-126.529331	-3.178914E-6
-126.508703	-1.033147E-6
-126.488074	7.152557E-7
-126.467445	2.861023E-6
-126.446816	4.768372E-6
-126.426187	6.516774E-6
-126.405558	8.265177E-6
-126.384930	9.934107E-6
-126.364301	1.088778E-5
-126.343672	1.231829E-5
-126.323043	1.255671E-5
-126.302414	1.207987E-5
-126.281785	1.207987E-5
-126.261157	1.168251E-5
-126.240528	9.377797E-6
-126.219899	8.344650E-6
-126.199270	6.039937E-6
-126.178641	3.337860E-6
-126.158013	2.145767E-6
-126.137384	-3.178914E-7
-126.116755	-1.986821E-6
-126.096126	-3.019969E-6
-126.075497	-4.053116E-6
-126.054868	-5.642573E-6
-126.034240	-6.516774E-6
-126.013611	-7.073085E-6
-125.992982	-8.265177E-6
-125.972353	-8.503596E-6
-125.951724	-7.867813E-6
-125.931096	-7.947286E-6
-125.910467	-7.390976E-6
-125.889838	-7.311503E-6
-125.869209	-7.629395E-6
-125.848580	-6.357829E-6
-125.827951	-4.053116E-6
-125.807323	-3.576279E-6
-125.786694	-2.066294E-6
-125.766065	-7.947286E-7
-125.745436	1.033147E-6
-125.724807	1.589457E-6
-125.704178	2.304713E-6
-125.683550	2.622604E-6
-125.662921	3.337860E-6
-125.642292	3.496806E-6
-125.621663	3.337860E-6
-125.601034	2.861023E-6
-125.580406	5.563100E-7
-125.559777	-7.947286E-8
-125.539148	-4.768372E-7
-125.518519	-2.066294E-6
-125.497890	-4.371007E-6
-125.477261	-5.086263E-6
-125.456633	-6.198883E-6
-125.436004	-7.152557E-6
-125.415375	-7.390976E-6
-125.394746	-7.390976E-6
-125.374117	-7.073085E-6
-125.353489	-6.039937E-6
-125.332860	-5.801519E-6
-125.312231	-5.086263E-6
-125.291602	-3.258387E-6
-125.270973	-1.907349E-6
-125.250344	-5.563100E-7
-125.229716	-7.947286E-8
-125.209087	7.947286E-7
-125.188458	1.430511E-6
-125.167829	2.225240E-6
-125.147200	2.940496E-6
-125.126571	2.940496E-6
-125.105943	2.781550E-6
-125.085314	2.145767E-6
-125.064685	1.589457E-6
-125.044056	1.112620E-6
-125.023427	1.033147E-6
-125.002799	3.178914E-7
-124.982170	-1.033147E-6
-124.961541	-1.668930E-6
-124.940912	-1.907349E-6
-124.920283	-2.781550E-6
-124.899654	-3.576279E-6
-124.879026	-5.165736E-6
-124.858397	-7.390976E-6
-124.837768	-1.056989E-5
-124.817139	-1.414617E-5
-124.796510	-1.851718E-5
-124.775882	-2.392133E-5
-124.755253	-2.916654E-5
-124.734624	-3.488859E-5
-124.713995	-4.108747E-5
-124.693366	-4.736582E-5
-124.672737	-5.213420E-5
-124.652109	-5.761782E-5
-124.631480	-6.167094E-5
-124.610851	-6.580353E-5
-124.590222	-6.802877E-5
-124.569593	-6.985664E-5
-124.548964	-6.914139E-5
-124.528336	-6.651878E-5
-124.507707	-6.206830E-5
-124.487078	-5.515416E-5
-124.466449	-4.831950E-5
-124.445820	-3.981590E-5
-124.425192	-2.988180E-5
-124.404563	-2.026558E-5
-124.383934	-1.080831E-5
-124.363305	-1.112620E-6
-124.342676	1.176198E-5
-124.322047	2.392133E-5
-124.301419	3.361702E-5
-124.280790	4.307429E-5
-124.260161	5.372365E-5
-124.239532	6.294250E-5
-124.218903	7.073085E-5
-124.198275	7.692973E-5
-124.177646	8.138021E-5
-124.157017	8.424123E-5
-124.136388	8.614858E-5
-124.115759	8.670489E-5
-124.095130	8.559227E-5
-124.074502	8.408229E-5
-124.053873	8.265177E-5
-124.033244	7.875760E-5
-124.012615	7.351240E-5
-123.991986	6.890297E-5
-123.971358	6.469091E-5
-123.950729	5.865097E-5
-123.930100	5.205472E-5
-123.909471	4.537900E-5
-123.888842	3.949801E-5
-123.868213	3.258387E-5
-123.847585	2.519290E-5
-123.826956	1.931190E-5
-123.806327	1.358986E-5
-123.785698	7.470449E-6
-123.765069	3.576279E-6
-123.744440	-2.304713E-6
-123.723812	-7.867813E-6
-123.703183	-1.176198E-5
-123.682554	-1.509984E-5
-123.661925	-1.899401E-5
-123.641296	-2.113978E-5
-123.620668	-2.217293E-5
-123.600039	-2.257029E-5
-123.579410	-2.225240E-5
-123.558781	-2.272924E-5
-123.538152	-2.264977E-5
-123.517523	-2.209345E-5
-123.496895	-1.994769E-5
-123.476266	-1.811981E-5
-123.455637	-1.700719E-5
-123.435008	-1.597404E-5
-123.414379	-1.311302E-5
-123.393751	-1.064936E-5
-123.373122	-9.536743E-6
-123.352493	-8.026759E-6
-123.331864	-7.629395E-6
-123.311235	-7.470449E-6
-123.290606	-7.629395E-6
-123.269978	-7.232030E-6
-123.249349	-7.629395E-6
-123.228720	-9.298325E-6
-123.208091	-9.854635E-6
-123.187462	-1.033147E-5
-123.166833	-1.176198E-5
-123.146205	-1.239777E-5
-123.125576	-1.271566E-5
-123.104947	-1.255671E-5
-123.084318	-1.215935E-5
-123.063689	-1.136462E-5
-123.043061	-1.056989E-5
-123.022432	-8.662542E-6
-123.001803	-6.278356E-6
-122.981174	-4.291534E-6
-122.960545	-1.192093E-6
-122.939916	1.668930E-6
-122.919288	4.212062E-6
-122.898659	5.483627E-6
-122.878030	6.755193E-6
-122.857401	8.980433E-6
-122.836772	1.041094E-5
-122.816144	1.112620E-5
-122.795515	1.049042E-5
-122.774886	1.009305E-5
-122.754257	9.616216E-6
-122.733628	7.549922E-6
-122.712999	5.086263E-6
-122.692371	1.907349E-6
-122.671742	-1.748403E-6
-122.651113	-6.357829E-6
-122.630484	-9.695689E-6
-122.609855	-1.239777E-5
-122.589226	-1.533826E-5
-122.568598	-1.716614E-5
-122.547969	-1.867612E-5
-122.527340	-2.113978E-5
-122.506711	-2.304713E-5
-122.486082	-2.439817E-5
-122.465454	-2.431870E-5
-122.444825	-2.336502E-5
-122.424196	-2.153714E-5
-122.403567	-2.050400E-5
-122.382938	-1.811981E-5
-122.362309	-1.470248E-5
-122.341681	-1.255671E-5
-122.321052	-9.457270E-6
-122.300423	-5.880992E-6
-122.279794	-2.861023E-6
-122.259165	-7.947286E-8
-122.238537	3.735224E-6
-122.217908	6.437302E-6
-122.197279	8.106232E-6
-122.176650	9.536743E-6
-122.156021	1.088778E-5
-122.135392	1.287460E-5
-122.114764	1.422564E-5
-122.094135	1.446406E-5
-122.073506	1.374880E-5
-122.052877	1.351039E-5
-122.032248	1.255671E-5
-122.011619	1.017253E-5
-121.990991	8.742015E-6
-121.970362	7.232030E-6
-121.949733	5.086263E-6
-121.929104	3.814697E-6
-121.908475	1.986821E-6
-121.887847	6.357829E-7
-121.867218	-1.430511E-6
-121.846589	-3.099442E-6
-121.825960	-4.847844E-6
-121.805331	-5.642573E-6
-121.784702	-6.993612E-6
-121.764074	-8.185705E-6
-121.743445	-8.742015E-6
-121.722816	-9.457270E-6
-121.702187	-1.009305E-5
-121.681558	-9.457270E-6
-121.660930	-9.457270E-6
-121.640301	-8.662542E-6
-121.619672	-8.106232E-6
-121.599043	-6.834666E-6
-121.578414	-5.404154E-6
-121.557785	-3.735224E-6
-121.537157	-2.861023E-6
-121.516528	-2.463659E-6
-121.495899	-1.907349E-6
-121.475270	-1.033147E-6
-121.454641	-9.536743E-7
-121.434012	-9.536743E-7
-121.413384	-1.589457E-6
-121.392755	-1.748403E-6
-121.372126	-1.668930E-6
-121.351497	-1.827876E-6
-121.330868	-2.066294E-6
-121.310240	-2.463659E-6
-121.289611	-3.655752E-6
-121.268982	-3.258387E-6
-121.248353	-7.947286E-7
-121.227724	7.152557E-7
-121.207095	2.304713E-6
-121.186467	5.086263E-6
-121.165838	9.377797E-6
-121.145209	1.271566E-5
-121.124580	1.549721E-5
-121.103951	1.835823E-5
-121.083323	2.042452E-5
-121.062694	2.257029E-5
-121.042065	2.296766E-5
-121.021436	2.431870E-5
-121.000807	2.487501E-5
-120.980178	2.352397E-5
-120.959550	2.161662E-5
-120.938921	1.915296E-5
-120.918292	1.581510E-5
-120.897663	1.168251E-5
-120.877034	6.993612E-6
-120.856405	3.258387E-6
-120.835777	-1.589457E-6
-120.815148	-6.437302E-6
-120.794519	-1.152356E-5
-120.773890	-1.581510E-5
-120.753261	-2.002716E-5
-120.732633	-2.384186E-5
-120.712004	-2.821287E-5
-120.691375	-3.027916E-5
-120.670746	-3.083547E-5
-120.650117	-3.091494E-5
-120.629488	-3.043811E-5
-120.608860	-2.853076E-5
-120.588231	-2.678235E-5
-120.567602	-2.408028E-5
-120.546973	-2.074242E-5
-120.526344	-1.645088E-5
-120.505716	-1.064936E-5
-120.485087	-3.337860E-6
-120.464458	2.384186E-6
-120.443829	7.232030E-6
-120.423200	1.239777E-5
-120.402571	1.716614E-5
-120.381943	2.074242E-5
-120.361314	2.392133E-5
-120.340685	2.598763E-5
-120.320056	2.733866E-5
-120.299427	2.781550E-5
-120.278798	2.749761E-5
-120.258170	2.431870E-5
-120.237541	2.201398E-5
-120.216912	1.788139E-5
-120.196283	1.120567E-5
-120.175654	5.165736E-6
-120.155026	-9.536743E-7
-120.134397	-7.947286E-6
-120.113768	-1.470248E-5
-120.093139	-2.050400E-5
-120.072510	-2.527237E-5
-120.051881	-2.988180E-5
-120.031253	-3.329913E-5
-120.010624	-3.512700E-5
-119.989995	-3.727277E-5
-119.969366	-3.767014E-5
-119.948737	-3.592173E-5
-119.928109	-3.385544E-5
-119.907480	-3.123283E-5
-119.886851	-2.884865E-5
-119.866222	-2.582868E-5
-119.845593	-2.185504E-5
-119.824964	-1.843770E-5
-119.804336	-1.319249E-5
-119.783707	-8.424123E-6
-119.763078	-5.483627E-6
-119.742449	-1.748403E-6
-119.721820	1.033147E-6
-119.701191	2.145767E-6
-119.680563	2.861023E-6
-119.659934	5.165736E-6
-119.639305	5.404154E-6
-119.618676	5.960464E-6
-119.598047	6.198883E-6
-119.577419	5.960464E-6
-119.556790	7.152557E-6
-119.536161	6.675720E-6
-119.515532	6.437302E-6
-119.494903	7.390976E-6
-119.474274	8.503596E-6
-119.453646	9.616216E-6
-119.433017	1.025200E-5
-119.412388	1.120567E-5
-119.391759	1.207987E-5
-119.371130	1.335144E-5
-119.350502	1.470248E-5
-119.329873	1.581510E-5
-119.309244	1.724561E-5
-119.288615	1.843770E-5
-119.267986	1.986821E-5
-119.247357	1.923243E-5
-119.226729	1.819928E-5
-119.206100	1.629194E-5
-119.185471	1.438459E-5
-119.164842	1.160304E-5
-119.144213	8.900960E-6
-119.123584	6.675720E-6
-119.102956	3.178914E-6
-119.082327	-1.033147E-6
-119.061698	-4.847844E-6
-119.041069	-8.742015E-6
-119.020440	-1.247724E-5
-118.999812	-1.541773E-5
-118.979183	-1.684825E-5
-118.958554	-1.804034E-5
-118.937925	-1.947085E-5
-118.917296	-2.026558E-5
-118.896667	-1.986821E-5
-118.876039	-2.010663E-5
-118.855410	-1.819928E-5
-118.834781	-1.589457E-5
-118.814152	-1.454353E-5
-118.793523	-1.255671E-5
-118.772895	-9.536743E-6
-118.752266	-5.960464E-6
-118.731637	-3.417333E-6
-118.711008	-1.192093E-6
-118.690379	1.589457E-6
-118.669750	4.212062E-6
-118.649122	6.834666E-6
-118.628493	8.026759E-6
-118.607864	9.059906E-6
-118.587235	1.096725E-5
-118.566606	1.223882E-5
-118.545977	1.160304E-5
-118.525349	1.096725E-5
-118.504720	9.457270E-6
-118.484091	8.026759E-6
-118.463462	7.152557E-6
-118.442833	5.086263E-6
-118.422205	2.702077E-6
-118.401576	1.827876E-6
-118.380947	3.973643E-7
-118.360318	-1.112620E-6
-118.339689	-2.940496E-6
-118.319060	-4.768372E-6
-118.298432	-6.039937E-6
-118.277803	-6.039937E-6
-118.257174	-7.152557E-6
-118.236545	-7.867813E-6
-118.215916	-7.549922E-6
-118.195288	-7.152557E-6
-118.174659	-5.245209E-6
-118.154030	-3.337860E-6
-118.133401	-2.702077E-6
-118.112772	-2.066294E-6
-118.092143	-1.271566E-6
-118.071515	-6.357829E-7
-118.050886	0.000000
-118.030257	-3.973643E-7
-118.009628	7.947286E-8
-117.988999	1.589457E-7
-117.968370	1.589457E-7
-117.947742	-3.973643E-7
-117.927113	-1.033147E-6
-117.906484	-1.430511E-6
-117.885855	-1.827876E-6
-117.865226	-2.145767E-6
-117.844598	-1.748403E-6
-117.823969	-9.536743E-7
-117.803340	-4.768372E-7
-117.782711	0.000000
-117.762082	7.152557E-7
-117.741453	2.066294E-6
-117.720825	2.702077E-6
-117.700196	3.496806E-6
-117.679567	5.563100E-6
-117.658938	6.516774E-6
-117.638309	7.549922E-6
-117.617681	8.424123E-6
-117.597052	8.662542E-6
-117.576423	9.218852E-6
-117.555794	9.775162E-6
-117.535165	1.041094E-5
-117.514536	9.616216E-6
-117.493908	9.616216E-6
-117.473279	9.298325E-6
-117.452650	9.139379E-6
-117.432021	8.106232E-6
-117.411392	6.278356E-6
-117.390764	4.212062E-6
-117.370135	1.827876E-6
-117.349506	0.000000
-117.328877	-1.192093E-6
-117.308248	-3.576279E-6
-117.287619	-5.722046E-6
-117.266991	-8.106232E-6
-117.246362	-9.695689E-6
-117.225733	-1.192093E-5
-117.205104	-1.343091E-5
-117.184475	-1.390775E-5
-117.163846	-1.478195E-5
-117.143218	-1.605352E-5
-117.122589	-1.589457E-5
-117.101960	-1.541773E-5
-117.081331	-1.430511E-5
-117.060702	-1.215935E-5
-117.040074	-1.056989E-5
-117.019445	-8.742015E-6
-116.998816	-6.357829E-6
-116.978187	-3.655752E-6
-116.957558	-9.536743E-7
-116.936929	7.152557E-7
-116.916301	3.655752E-6
-116.895672	6.675720E-6
-116.875043	9.298325E-6
-116.854414	1.072884E-5
-116.833785	1.104673E-5
-116.813157	1.120567E-5
-116.792528	1.112620E-5
-116.771899	1.152356E-5
-116.751270	1.128515E-5
-116.730641	1.017253E-5
-116.710012	8.980433E-6
-116.689384	7.390976E-6
-116.668755	6.675720E-6
-116.648126	4.609426E-6
-116.627497	3.496806E-6
-116.606868	2.066294E-6
-116.586239	1.589457E-7
-116.565611	-2.543132E-6
-116.544982	-4.768372E-6
-116.524353	-6.278356E-6
-116.503724	-8.662542E-6
-116.483095	-1.017253E-5
-116.462467	-1.096725E-5
-116.441838	-1.223882E-5
-116.421209	-1.319249E-5
-116.400580	-1.438459E-5
-116.379951	-1.438459E-5
-116.359322	-1.382828E-5
-116.338694	-1.287460E-5
-116.318065	-1.207987E-5
-116.297436	-1.064936E-5
-116.276807	-8.662542E-6
-116.256178	-7.232030E-6
-116.235550	-5.801519E-6
-116.214921	-3.258387E-6
-116.194292	-9.536743E-7
-116.173663	1.033147E-6
-116.153034	2.781550E-6
-116.132405	4.053116E-6
-116.111777	5.165736E-6
-116.091148	7.152557E-6
-116.070519	7.549922E-6
-116.049890	7.073085E-6
-116.029261	7.073085E-6
-116.008632	8.026759E-6
-115.988004	7.470449E-6
-115.967375	7.073085E-6
-115.946746	5.563100E-6
-115.926117	4.529953E-6
-115.905488	4.609426E-6
-115.884860	4.847844E-6
-115.864231	4.132589E-6
-115.843602	3.894170E-6
-115.822973	2.940496E-6
-115.802344	2.145767E-6
-115.781715	2.384186E-6
-115.761087	2.304713E-6
-115.740458	2.225240E-6
-115.719829	1.986821E-6
-115.699200	2.066294E-6
-115.678571	2.463659E-6
-115.657943	1.589457E-6
-115.637314	1.112620E-6
-115.616685	1.430511E-6
-115.596056	1.668930E-6
-115.575427	8.742015E-7
-115.554798	1.033147E-6
-115.534170	9.536743E-7
-115.513541	6.357829E-7
-115.492912	9.536743E-7
-115.472283	3.178914E-7
-115.451654	4.768372E-7
-115.431025	5.563100E-7
-115.410397	4.768372E-7
-115.389768	1.589457E-7
-115.369139	-5.563100E-7
-115.348510	-1.668930E-6
-115.327881	-2.622604E-6
-115.307253	-3.973643E-6
-115.286624	-5.324682E-6
-115.265995	-6.278356E-6
-115.245366	-7.708867E-6
-115.224737	-9.695689E-6
-115.204108	-1.080831E-5
-115.183480	-1.239777E-5
-115.162851	-1.295408E-5
-115.142222	-1.414617E-5
-115.121593	-1.462301E-5
-115.100964	-1.406670E-5
-115.080336	-1.160304E-5
-115.059707	-8.742015E-6
-115.039078	-7.232030E-6
-115.018449	-4.609426E-6
-114.997820	-3.178914E-6
-114.977191	-1.589457E-6
-114.956563	7.152557E-7
-114.935934	3.178914E-6
-114.915305	4.212062E-6
-114.894676	4.609426E-6
-114.874047	4.847844E-6
-114.853418	5.165736E-6
-114.832790	5.483627E-6
-114.812161	4.291534E-6
-114.791532	3.496806E-6
-114.770903	2.066294E-6
-114.750274	0.000000
-114.729646	-5.563100E-7
-114.709017	-1.509984E-6
-114.688388	-2.702077E-6
-114.667759	-3.894170E-6
-114.647130	-5.086263E-6
-114.626501	-5.642573E-6
-114.605873	-5.642573E-6
-114.585244	-6.278356E-6
-114.564615	-7.947286E-6
-114.543986	-7.947286E-6
-114.523357	-7.073085E-6
-114.502729	-8.026759E-6
-114.482100	-7.867813E-6
-114.461471	-6.675720E-6
-114.440842	-5.642573E-6
-114.420213	-5.960464E-6
-114.399584	-5.960464E-6
-114.378956	-5.324682E-6
-114.358327	-5.245209E-6
-114.337698	-3.576279E-6
-114.317069	-3.099442E-6
-114.296440	-2.066294E-6
-114.275811	-3.973643E-7
-114.255183	6.357829E-7
-114.234554	1.271566E-6
-114.213925	1.907349E-6
-114.193296	3.496806E-6
-114.172667	4.847844E-6
-114.152039	5.483627E-6
-114.131410	6.198883E-6
-114.110781	6.278356E-6
-114.090152	6.516774E-6
-114.069523	7.073085E-6
-114.048894	7.947286E-6
-114.028266	8.503596E-6
-114.007637	8.900960E-6
-113.987008	9.457270E-6
-113.966379	9.775162E-6
-113.945750	1.033147E-5
-113.925122	1.080831E-5
-113.904493	1.009305E-5
-113.883864	9.854635E-6
-113.863235	8.742015E-6
-113.842606	8.344650E-6
-113.821977	7.390976E-6
-113.801349	6.119410E-6
-113.780720	4.927317E-6
-113.760091	3.337860E-6
-113.739462	1.986821E-6
-113.718833	1.430511E-6
-113.698204	4.768372E-7
-113.677576	-2.384186E-7
-113.656947	-1.748403E-6
-113.636318	-3.099442E-6
-113.615689	-3.655752E-6
-113.595060	-3.894170E-6
-113.574432	-5.006790E-6
-113.553803	-6.755193E-6
-113.533174	-7.947286E-6
-113.512545	-7.947286E-6
-113.491916	-8.503596E-6
-113.471287	-9.059906E-6
-113.450659	-8.821487E-6
-113.430030	-8.503596E-6
-113.409401	-8.503596E-6
-113.388772	-9.536743E-6
-113.368143	-9.298325E-6
-113.347515	-9.139379E-6
-113.326886	-7.867813E-6
-113.306257	-6.596247E-6
-113.285628	-5.086263E-6
-113.264999	-2.622604E-6
-113.244370	5.563100E-7
-113.223742	2.622604E-6
-113.203113	4.212062E-6
-113.182484	6.437302E-6
-113.161855	8.742015E-6
-113.141226	1.056989E-5
-113.120597	1.200040E-5
-113.099969	1.120567E-5
-113.079340	1.128515E-5
-113.058711	1.041094E-5
-113.038082	1.049042E-5
-113.017453	9.854635E-6
-112.996825	7.470449E-6
-112.976196	5.245209E-6
-112.955567	2.861023E-6
-112.934938	3.178914E-7
-112.914309	-2.304713E-6
-112.893680	-3.099442E-6
-112.873052	-4.371007E-6
-112.852423	-5.563100E-6
-112.831794	-7.311503E-6
-112.811165	-8.185705E-6
-112.790536	-8.900960E-6
-112.769908	-8.583069E-6
-112.749279	-7.470449E-6
-112.728650	-6.675720E-6
-112.708021	-5.086263E-6
-112.687392	-2.940496E-6
-112.666763	-2.781550E-6
-112.646135	-2.463659E-6
-112.625506	-1.430511E-6
-112.604877	-1.192093E-6
-112.584248	-8.742015E-7
-112.563619	6.357829E-7
-112.542990	9.536743E-7
-112.522362	1.033147E-6
-112.501733	6.357829E-7
-112.481104	1.192093E-6
-112.460475	8.742015E-7
-112.439846	3.973643E-7
-112.419218	-1.430511E-6
-112.398589	-2.304713E-6
-112.377960	-2.304713E-6
-112.357331	-3.099442E-6
-112.336702	-5.006790E-6
-112.316073	-6.914139E-6
-112.295445	-7.947286E-6
-112.274816	-8.424123E-6
-112.254187	-8.821487E-6
-112.233558	-9.934107E-6
-112.212929	-1.049042E-5
-112.192301	-1.056989E-5
-112.171672	-1.049042E-5
-112.151043	-9.536743E-6
-112.130414	-8.185705E-6
-112.109785	-6.596247E-6
-112.089156	-3.099442E-6
-112.068528	-1.112620E-6
-112.047899	6.357829E-7
-112.027270	3.735224E-6
-112.006641	5.642573E-6
-111.986012	7.629395E-6
-111.965383	1.009305E-5
-111.944755	1.223882E-5
-111.924126	1.327197E-5
-111.903497	1.382828E-5
-111.882868	1.390775E-5
-111.862239	1.414617E-5
-111.841611	1.430511E-5
-111.820982	1.351039E-5
-111.800353	1.200040E-5
-111.779724	1.104673E-5
-111.759095	1.025200E-5
-111.738466	8.821487E-6
-111.717838	7.390976E-6
-111.697209	5.960464E-6
-111.676580	4.450480E-6
-111.655951	3.178914E-6
-111.635322	2.702077E-6
-111.614694	4.768372E-7
-111.594065	-3.178914E-7
-111.573436	-1.351039E-6
-111.552807	-1.748403E-6
-111.532178	-2.145767E-6
-111.511549	-2.702077E-6
-111.490921	-1.986821E-6
-111.470292	-1.192093E-6
-111.449663	-4.768372E-7
-111.429034	4.768372E-7
-111.408405	8.742015E-7
-111.387776	1.907349E-6
-111.367148	4.291534E-6
-111.346519	6.516774E-6
-111.325890	8.026759E-6
-111.305261	1.080831E-5
-111.284632	1.382828E-5
-111.264004	1.565615E-5
-111.243375	1.748403E-5
-111.222746	1.804034E-5
-111.202117	1.867612E-5
-111.181488	1.931190E-5
-111.160859	1.827876E-5
-111.140231	1.835823E-5
-111.119602	1.756350E-5
-111.098973	1.613299E-5
-111.078344	1.486142E-5
-111.057715	1.287460E-5
-111.037087	1.200040E-5
-111.016458	1.041094E-5
-110.995829	9.298325E-6
-110.975200	8.424123E-6
-110.954571	7.549922E-6
-110.933942	7.708867E-6
-110.913314	7.549922E-6
-110.892685	8.344650E-6
-110.872056	9.377797E-6
-110.851427	1.041094E-5
-110.830798	1.104673E-5
-110.810170	1.160304E-5
-110.789541	1.406670E-5
-110.768912	1.589457E-5
-110.748283	1.764297E-5
-110.727654	1.955032E-5
-110.707025	2.121925E-5
-110.686397	2.257029E-5
-110.665768	2.376239E-5
-110.645139	2.439817E-5
-110.624510	2.368291E-5
-110.603881	2.336502E-5
-110.583252	2.241135E-5
-110.562624	2.082189E-5
-110.541995	1.875559E-5
-110.521366	1.637141E-5
-110.500737	1.390775E-5
-110.480108	1.136462E-5
-110.459480	9.298325E-6
-110.438851	6.755193E-6
-110.418222	3.973643E-6
-110.397593	1.907349E-6
-110.376964	1.192093E-6
-110.356335	7.152557E-7
-110.335707	7.947286E-8
-110.315078	-1.589457E-7
-110.294449	2.384186E-7
-110.273820	1.351039E-6
-110.253191	2.622604E-6
-110.232563	4.132589E-6
-110.211934	6.039937E-6
-110.191305	7.549922E-6
-110.170676	9.536743E-6
-110.150047	1.017253E-5
-110.129418	1.049042E-5
-110.108790	1.120567E-5
-110.088161	9.536743E-6
-110.067532	8.106232E-6
-110.046903	5.722046E-6
-110.026274	3.814697E-6
-110.005645	1.986821E-6
-109.985017	-1.907349E-6
-109.964388	-5.722046E-6
-109.943759	-8.265177E-6
-109.923130	-1.144409E-5
-109.902501	-1.597404E-5
-109.881873	-1.907349E-5
-109.861244	-2.217293E-5
-109.840615	-2.439817E-5
-109.819986	-2.551079E-5
-109.799357	-2.670288E-5
-109.778728	-2.717972E-5
-109.758100	-2.638499E-5
-109.737471	-2.551079E-5
-109.716842	-2.384186E-5
-109.696213	-2.288818E-5
-109.675584	-2.272924E-5
-109.654956	-2.177556E-5
-109.634327	-2.034505E-5
-109.613698	-1.939138E-5
-109.593069	-1.907349E-5
-109.572440	-1.804034E-5
-109.551811	-1.788139E-5
-109.531183	-1.700719E-5
-109.510554	-1.684825E-5
-109.489925	-1.645088E-5
-109.469296	-1.581510E-5
-109.448667	-1.621246E-5
-109.428038	-1.653035E-5
-109.407410	-1.811981E-5
-109.386781	-1.923243E-5
-109.366152	-1.986821E-5
-109.345523	-2.026558E-5
-109.324894	-2.225240E-5
-109.304266	-2.400080E-5
-109.283637	-2.431870E-5
-109.263008	-2.511342E-5
-109.242379	-2.582868E-5
-109.221750	-2.559026E-5
-109.201121	-2.543132E-5
-109.180493	-2.622604E-5
-109.159864	-2.614657E-5
-109.139235	-2.400080E-5
-109.118606	-2.193451E-5
-109.097977	-1.939138E-5
-109.077349	-1.629194E-5
-109.056720	-1.374880E-5
-109.036091	-1.152356E-5
-109.015462	-8.900960E-6
-108.994833	-5.722046E-6
-108.974204	-3.099442E-6
-108.953576	-1.589457E-6
-108.932947	-1.430511E-6
-108.912318	-2.225240E-6
-108.891689	-3.337860E-6
-108.871060	-3.894170E-6
-108.850431	-5.006790E-6
-108.829803	-7.073085E-6
-108.809174	-1.104673E-5
-108.788545	-1.494090E-5
-108.767916	-1.867612E-5
-108.747287	-2.169609E-5
-108.726659	-2.479553E-5
-108.706030	-2.686183E-5
-108.685401	-2.829234E-5
-108.664772	-2.972285E-5
-108.644143	-2.932549E-5
-108.623514	-2.781550E-5
-108.602886	-2.590815E-5
-108.582257	-2.249082E-5
-108.561628	-1.835823E-5
-108.540999	-1.422564E-5
-108.520370	-8.503596E-6
-108.499742	-3.099442E-6
-108.479113	3.019969E-6
-108.458484	9.536743E-6
-108.437855	1.470248E-5
-108.417226	1.955032E-5
-108.396597	2.455711E-5
-108.375969	2.964338E-5
-108.355340	3.377597E-5
-108.334711	3.647804E-5
-108.314082	3.830592E-5
-108.293453	3.989538E-5
-108.272824	4.156431E-5
-108.252196	4.156431E-5
-108.231567	3.997485E-5
-108.210938	3.814697E-5
-108.190309	3.544490E-5
-108.169680	3.218651E-5
-108.149052	2.900759E-5
-108.128423	2.495448E-5
-108.107794	2.161662E-5
-108.087165	1.891454E-5
-108.066536	1.621246E-5
-108.045907	1.287460E-5
-108.025279	9.695689E-6
-108.004650	7.867813E-6
-107.984021	5.563100E-6
-107.963392	4.053116E-6
-107.942763	4.768372E-6
-107.922135	5.960464E-6
-107.901506	8.106232E-6
-107.880877	1.088778E-5
-107.860248	1.327197E-5
-107.839619	1.557668E-5
-107.818990	1.986821E-5
-107.798362	2.320608E-5
-107.777733	2.614657E-5
-107.757104	2.861023E-5
-107.736475	3.091494E-5
-107.715846	3.512700E-5
-107.695217	3.711383E-5
-107.674589	3.941854E-5
-107.653960	4.164378E-5
-107.633331	4.291534E-5
-107.612702	4.442533E-5
-107.592073	4.466375E-5
-107.571445	4.402796E-5
-107.550816	4.363060E-5
-107.530187	4.394849E-5
-107.509558	4.315376E-5
-107.488929	4.259745E-5
-107.468300	4.212062E-5
-107.447672	4.116694E-5
-107.427043	4.061063E-5
-107.406414	4.084905E-5
-107.385785	4.116694E-5
-107.365156	4.053116E-5
-107.344528	4.156431E-5
-107.323899	4.378955E-5
-107.303270	4.585584E-5
-107.282641	4.665057E-5
-107.262012	4.863739E-5
-107.241383	5.086263E-5
-107.220755	5.308787E-5
-107.200126	5.515416E-5
-107.179497	5.873044E-5
-107.158868	6.143252E-5
-107.138239	6.333987E-5
-107.117610	6.635984E-5
-107.096982	6.651878E-5
-107.076353	6.604195E-5
-107.055724	6.628036E-5
-107.035095	6.548564E-5
-107.014466	6.357829E-5
-106.993838	6.214778E-5
-106.973209	5.896886E-5
-106.952580	5.531311E-5
-106.931951	5.173683E-5
-106.911322	4.696846E-5
-106.890693	4.291534E-5
-106.870065	3.957748E-5
-106.849436	3.623962E-5
-106.828807	3.472964E-5
-106.808178	3.465017E-5
-106.787549	3.472964E-5
-106.766921	3.616015E-5
-106.746292	3.774961E-5
-106.725663	3.925959E-5
-106.705034	4.172325E-5
-106.684405	4.442533E-5
-106.663776	4.680951E-5
-106.643148	4.975001E-5
-106.622519	5.173683E-5
-106.601890	5.356471E-5
-106.581261	5.420049E-5
-106.560632	5.316734E-5
-106.540003	5.054474E-5
-106.519375	4.657110E-5
-106.498746	4.084905E-5
-106.478117	3.417333E-5
-106.457488	2.566973E-5
-106.436859	1.676877E-5
-106.416231	7.470449E-6
-106.395602	-2.066294E-6
-106.374973	-1.128515E-5
-106.354344	-2.034505E-5
-106.333715	-3.043811E-5
-106.313086	-3.965696E-5
-106.292458	-4.839897E-5
-106.271829	-5.674362E-5
-106.251200	-6.365776E-5
-106.230571	-7.065137E-5
-106.209942	-7.661184E-5
-106.189314	-8.193652E-5
-106.168685	-8.765856E-5
-106.148056	-9.258588E-5
-106.127427	-9.791056E-5
-106.106798	-0.000103
-106.086169	-0.000107
-106.065541	-0.000112
-106.044912	-0.000115
-106.024283	-0.000118
-106.003654	-0.000122
-105.983025	-0.000125
-105.962396	-0.000128
-105.941768	-0.000131
-105.921139	-0.000134
-105.900510	-0.000135
-105.879881	-0.000135
-105.859252	-0.000135
-105.838624	-0.000136
-105.817995	-0.000137
-105.797366	-0.000137
-105.776737	-0.000136
-105.756108	-0.000136
-105.735479	-0.000136
-105.714851	-0.000134
-105.694222	-0.000133
-105.673593	-0.000133
-105.652964	-0.000132
-105.632335	-0.000131
-105.611707	-0.000130
-105.591078	-0.000130
-105.570449	-0.000132
-105.549820	-0.000135
-105.529191	-0.000138
-105.508562	-0.000143
-105.487934	-0.000150
-105.467305	-0.000158
-105.446676	-0.000167
-105.426047	-0.000177
-105.405418	-0.000189
-105.384789	-0.000200
-105.364161	-0.000211
-105.343532	-0.000219
-105.322903	-0.000224
-105.302274	-0.000225
-105.281645	-0.000220
-105.261017	-0.000211
-105.240388	-0.000198
-105.219759	-0.000182
-105.199130	-0.000164
-105.178501	-0.000147
-105.157872	-0.000135
-105.137244	-0.000130
-105.116615	-0.000137
-105.095986	-0.000158
-105.075357	-0.000207
-105.054728	-0.000276
-105.034100	-0.000369
-105.013471	-0.000483
-104.992842	-0.000616
-104.972213	-0.000768
-104.951584	-0.000941
-104.930955	-0.001132
-104.910327	-0.001322
-104.889698	-0.001497
-104.869069	-0.001657
-104.848440	-0.001795
-104.827811	-0.001909
-104.807182	-0.001977
-104.786554	-0.001994
-104.765925	-0.001957
-104.745296	-0.001858
-104.724667	-0.001711
-104.704038	-0.001504
-104.683410	-0.001235
-104.662781	-0.000913
-104.642152	-0.000567
-104.621523	-0.000182
-104.600894	0.000230
-104.580265	0.000628
-104.559637	0.001006
-104.539008	0.001380
-104.518379	0.001718
-104.497750	0.002023
-104.477121	0.002284
-104.456493	0.002487
-104.435864	0.002635
-104.415235	0.002735
-104.394606	0.002778
-104.373977	0.002780
-104.353348	0.002747
-104.332720	0.002659
-104.312091	0.002532
-104.291462	0.002381
-104.270833	0.002217
-104.250204	0.002017
-104.229576	0.001797
-104.208947	0.001584
-104.188318	0.001381
-104.167689	0.001182
-104.147060	0.000990
-104.126431	0.000804
-104.105803	0.000623
-104.085174	0.000458
-104.064545	0.000307
-104.043916	0.000174
-104.023287	5.571047E-5
-104.002658	-4.831950E-5
-103.982030	-0.000138
-103.961401	-0.000215
-103.940772	-0.000283
-103.920143	-0.000337
-103.899514	-0.000381
-103.878886	-0.000415
-103.858257	-0.000440
-103.837628	-0.000454
-103.816999	-0.000464
-103.796370	-0.000471
-103.775741	-0.000472
-103.755113	-0.000469
-103.734484	-0.000463
-103.713855	-0.000453
-103.693226	-0.000443
-103.672597	-0.000432
-103.651969	-0.000421
-103.631340	-0.000410
-103.610711	-0.000394
-103.590082	-0.000374
-103.569453	-0.000359
-103.548824	-0.000342
-103.528196	-0.000324
-103.507567	-0.000307
-103.486938	-0.000293
-103.466309	-0.000278
-103.445680	-0.000264
-103.425051	-0.000251
-103.404423	-0.000238
-103.383794	-0.000226
-103.363165	-0.000215
-103.342536	-0.000203
-103.321907	-0.000193
-103.301279	-0.000184
-103.280650	-0.000175
-103.260021	-0.000168
-103.239392	-0.000160
-103.218763	-0.000151
-103.198134	-0.000143
-103.177506	-0.000136
-103.156877	-0.000129
-103.136248	-0.000124
-103.115619	-0.000118
-103.094990	-0.000113
-103.074362	-0.000108
-103.053733	-0.000105
-103.033104	-0.000100
-103.012475	-9.632111E-5
-102.991846	-9.171168E-5
-102.971217	-8.813540E-5
-102.950589	-8.511543E-5
-102.929960	-8.185705E-5
-102.909331	-7.867813E-5
-102.888702	-7.589658E-5
-102.868073	-7.351240E-5
-102.847444	-7.073085E-5
-102.826816	-6.818771E-5
-102.806187	-6.548564E-5
-102.785558	-6.302198E-5
-102.764929	-6.103516E-5
-102.744300	-5.936623E-5
-102.723672	-5.817413E-5
-102.703043	-5.531311E-5
-102.682414	-5.316734E-5
-102.661785	-5.118052E-5
-102.641156	-5.014737E-5
-102.620527	-4.863739E-5
-102.599899	-4.696846E-5
-102.579270	-4.450480E-5
-102.558641	-4.251798E-5
-102.538012	-4.156431E-5
-102.517383	-3.957748E-5
-102.496755	-3.767014E-5
-102.476126	-3.743172E-5
-102.455497	-3.647804E-5
-102.434868	-3.480911E-5
-102.414239	-3.337860E-5
-102.393610	-3.234545E-5
-102.372982	-3.186862E-5
-102.352353	-3.027916E-5
-102.331724	-2.868970E-5
-102.311095	-2.717972E-5
-102.290466	-2.598763E-5
-102.269837	-2.455711E-5
-102.249209	-2.304713E-5
-102.228580	-2.272924E-5
-102.207951	-2.169609E-5
-102.187322	-2.121925E-5
-102.166693	-1.994769E-5
-102.146065	-1.923243E-5
-102.125436	-1.804034E-5
-102.104807	-1.660983E-5
-102.084178	-1.589457E-5
-102.063549	-1.629194E-5
-102.042920	-1.509984E-5
-102.022292	-1.406670E-5
-102.001663	-1.295408E-5
-101.981034	-1.311302E-5
-101.960405	-1.279513E-5
-101.939776	-1.223882E-5
-101.919148	-1.056989E-5
-101.898519	-1.049042E-5
-101.877890	-9.775162E-6
-101.857261	-9.536743E-6
-101.836632	-9.695689E-6
-101.816003	-8.106232E-6
-101.795375	-6.914139E-6
-101.774746	-6.914139E-6
-101.754117	-6.596247E-6
-101.733488	-6.119410E-6
-101.712859	-5.642573E-6
-101.692230	-4.529953E-6
-101.671602	-3.894170E-6
-101.650973	-3.735224E-6
-101.630344	-3.814697E-6
-101.609715	-3.576279E-6
-101.589086	-3.178914E-6
-101.568458	-2.940496E-6
-101.547829	-2.543132E-6
-101.527200	-2.543132E-6
-101.506571	-3.417333E-6
-101.485942	-3.337860E-6
-101.465313	-2.463659E-6
-101.444685	-2.145767E-6
-101.424056	-1.589457E-7
-101.403427	5.563100E-7
-101.382798	7.947286E-8
-101.362169	2.384186E-7
-101.341541	-3.973643E-7
-101.320912	-1.112620E-6
-101.300283	3.178914E-7
-101.279654	4.768372E-7
-101.259025	3.178914E-7
-101.238396	3.178914E-7
-101.217768	7.152557E-7
-101.197139	1.351039E-6
-101.176510	1.430511E-6
-101.155881	1.033147E-6
-101.135252	1.033147E-6
-101.114623	1.589457E-6
-101.093995	1.748403E-6
-101.073366	1.509984E-6
-101.052737	1.192093E-6
-101.032108	1.668930E-6
-101.011479	9.536743E-7
-100.990851	6.357829E-7
-100.970222	1.668930E-6
-100.949593	1.430511E-6
-100.928964	1.430511E-6
-100.908335	2.384186E-6
-100.887706	1.907349E-6
-100.867078	1.271566E-6
-100.846449	1.589457E-6
-100.825820	1.271566E-6
-100.805191	1.748403E-6
-100.784562	1.112620E-6
-100.763934	9.536743E-7
-100.743305	7.947286E-7
-100.722676	1.112620E-6
-100.702047	2.066294E-6
-100.681418	2.543132E-6
-100.660789	1.986821E-6
-100.640161	1.986821E-6
-100.619532	2.225240E-6
-100.598903	1.509984E-6
-100.578274	1.351039E-6
-100.557645	2.066294E-6
-100.537016	1.668930E-6
-100.516388	1.827876E-6
-100.495759	1.748403E-6
-100.475130	1.907349E-6
-100.454501	2.940496E-6
-100.433872	2.463659E-6
-100.413244	1.748403E-6
-100.392615	1.907349E-6
-100.371986	2.304713E-6
-100.351357	1.589457E-6
-100.330728	1.430511E-6
-100.310099	1.430511E-6
-100.289471	1.827876E-6
-100.268842	1.748403E-6
-100.248213	2.066294E-6
-100.227584	1.748403E-6
-100.206955	1.033147E-6
-100.186327	1.748403E-6
-100.165698	1.668930E-6
-100.145069	1.827876E-6
-100.124440	1.112620E-6
-100.103811	7.947286E-7
-100.083182	1.430511E-6
-100.062554	2.145767E-6
-100.041925	2.384186E-6
-100.021296	2.225240E-6
