-142.000947	-8.742015E-7
-141.980319	-6.357829E-7
-141.959690	-1.033147E-6
-141.939061	-7.947286E-8
-141.918432	7.947286E-7
-141.897803	1.430511E-6
-141.877174	1.589457E-6
-141.856546	2.066294E-6
-141.835917	2.304713E-6
-141.815288	3.417333E-6
-141.794659	5.324682E-6
-141.774030	5.960464E-6
-141.753401	6.039937E-6
-141.732773	5.960464E-6
-141.712144	6.039937E-6
-141.691515	5.880992E-6
-141.670886	5.722046E-6
-141.650257	4.847844E-6
-141.629629	3.655752E-6
-141.609000	3.576279E-6
-141.588371	2.304713E-6
-141.567742	1.033147E-6
-141.547113	-3.178914E-7
-141.526484	-1.430511E-6
-141.505856	-2.463659E-6
-141.485227	-2.781550E-6
-141.464598	-3.258387E-6
-141.443969	-3.735224E-6
-141.423340	-4.768372E-6
-141.402712	-4.371007E-6
-141.382083	-5.006790E-6
-141.361454	-5.086263E-6
-141.340825	-4.212062E-6
-141.320196	-4.212062E-6
-141.299567	-3.814697E-6
-141.278939	-4.450480E-6
-141.258310	-4.053116E-6
-141.237681	-4.371007E-6
-141.217052	-4.768372E-6
-141.196423	-4.529953E-6
-141.175794	-4.450480E-6
-141.155166	-4.371007E-6
-141.134537	-4.847844E-6
-141.113908	-5.006790E-6
-141.093279	-5.324682E-6
-141.072650	-5.404154E-6
-141.052022	-6.278356E-6
-141.031393	-7.232030E-6
-141.010764	-6.755193E-6
-140.990135	-6.516774E-6
-140.969506	-6.198883E-6
-140.948877	-6.278356E-6
-140.928249	-5.880992E-6
-140.907620	-4.371007E-6
-140.886991	-4.053116E-6
-140.866362	-2.861023E-6
-140.845733	-2.384186E-6
-140.825105	-1.668930E-6
-140.804476	1.589457E-7
-140.783847	2.225240E-6
-140.763218	3.814697E-6
-140.742589	4.847844E-6
-140.721960	5.086263E-6
-140.701332	7.152557E-6
-140.680703	8.424123E-6
-140.660074	1.009305E-5
-140.639445	1.112620E-5
-140.618816	1.160304E-5
-140.598187	1.080831E-5
-140.577559	1.104673E-5
-140.556930	1.136462E-5
-140.536301	1.176198E-5
-140.515672	1.168251E-5
-140.495043	1.072884E-5
-140.474415	9.934107E-6
-140.453786	9.139379E-6
-140.433157	8.503596E-6
-140.412528	7.629395E-6
-140.391899	7.549922E-6
-140.371270	7.073085E-6
-140.350642	7.549922E-6
-140.330013	7.708867E-6
-140.309384	7.390976E-6
-140.288755	6.914139E-6
-140.268126	7.311503E-6
-140.247498	7.232030E-6
-140.226869	7.311503E-6
-140.206240	7.390976E-6
-140.185611	7.470449E-6
-140.164982	7.549922E-6
-140.144353	8.106232E-6
-140.123725	8.106232E-6
-140.103096	7.470449E-6
-140.082467	7.788340E-6
-140.061838	7.470449E-6
-140.041209	6.755193E-6
-140.020580	6.516774E-6
-139.999952	6.039937E-6
-139.979323	4.688899E-6
-139.958694	5.006790E-6
-139.938065	5.483627E-6
-139.917436	5.483627E-6
-139.896808	5.801519E-6
-139.876179	5.324682E-6
-139.855550	3.735224E-6
-139.834921	3.178914E-6
-139.814292	2.066294E-6
-139.793663	1.748403E-6
-139.773035	7.152557E-7
-139.752406	-1.589457E-7
-139.731777	-1.748403E-6
-139.711148	-3.337860E-6
-139.690519	-4.609426E-6
-139.669891	-6.437302E-6
-139.649262	-7.311503E-6
-139.628633	-7.549922E-6
-139.608004	-8.265177E-6
-139.587375	-8.980433E-6
-139.566746	-1.025200E-5
-139.546118	-1.064936E-5
-139.525489	-1.176198E-5
-139.504860	-1.231829E-5
-139.484231	-1.207987E-5
-139.463602	-1.215935E-5
-139.442973	-1.184146E-5
-139.422345	-1.120567E-5
-139.401716	-1.104673E-5
-139.381087	-1.160304E-5
-139.360458	-1.160304E-5
-139.339829	-1.136462E-5
-139.319201	-1.104673E-5
-139.298572	-1.088778E-5
-139.277943	-1.120567E-5
-139.257314	-1.056989E-5
-139.236685	-1.049042E-5
-139.216056	-1.104673E-5
-139.195428	-1.104673E-5
-139.174799	-9.536743E-6
-139.154170	-9.218852E-6
-139.133541	-1.025200E-5
-139.112912	-1.001358E-5
-139.092284	-9.536743E-6
-139.071655	-8.742015E-6
-139.051026	-7.788340E-6
-139.030397	-6.914139E-6
-139.009768	-5.006790E-6
-138.989139	-2.940496E-6
-138.968511	-4.768372E-7
-138.947882	3.178914E-7
-138.927253	1.271566E-6
-138.906624	1.509984E-6
-138.885995	2.225240E-6
-138.865366	3.894170E-6
-138.844738	4.132589E-6
-138.824109	5.404154E-6
-138.803480	5.642573E-6
-138.782851	6.039937E-6
-138.762222	5.563100E-6
-138.741594	5.404154E-6
-138.720965	5.404154E-6
-138.700336	5.801519E-6
-138.679707	5.245209E-6
-138.659078	4.291534E-6
-138.638449	2.940496E-6
-138.617821	2.940496E-6
-138.597192	3.655752E-6
-138.576563	3.258387E-6
-138.555934	2.463659E-6
-138.535305	2.066294E-6
-138.514677	1.033147E-6
-138.494048	1.192093E-6
-138.473419	1.668930E-6
-138.452790	2.145767E-6
-138.432161	2.066294E-6
-138.411532	2.066294E-6
-138.390904	1.509984E-6
-138.370275	1.509984E-6
-138.349646	1.271566E-6
-138.329017	1.509984E-6
-138.308388	1.748403E-6
-138.287759	3.178914E-6
-138.267131	3.337860E-6
-138.246502	3.655752E-6
-138.225873	4.212062E-6
-138.205244	4.132589E-6
-138.184615	4.450480E-6
-138.163987	4.768372E-6
-138.143358	4.450480E-6
-138.122729	3.735224E-6
-138.102100	4.371007E-6
-138.081471	5.006790E-6
-138.060842	5.404154E-6
-138.040214	5.483627E-6
-138.019585	5.165736E-6
-137.998956	5.324682E-6
-137.978327	5.642573E-6
-137.957698	5.245209E-6
-137.937070	4.132589E-6
-137.916441	2.463659E-6
-137.895812	3.973643E-7
-137.875183	-3.178914E-7
-137.854554	-9.536743E-7
-137.833925	-2.940496E-6
-137.813297	-3.576279E-6
-137.792668	-4.212062E-6
-137.772039	-5.245209E-6
-137.751410	-7.073085E-6
-137.730781	-7.947286E-6
-137.710152	-8.503596E-6
-137.689524	-9.536743E-6
-137.668895	-9.536743E-6
-137.648266	-1.049042E-5
-137.627637	-1.144409E-5
-137.607008	-1.239777E-5
-137.586380	-1.176198E-5
-137.565751	-1.120567E-5
-137.545122	-1.112620E-5
-137.524493	-1.136462E-5
-137.503864	-1.104673E-5
-137.483235	-1.136462E-5
-137.462607	-1.072884E-5
-137.441978	-1.001358E-5
-137.421349	-8.821487E-6
-137.400720	-8.503596E-6
-137.380091	-8.265177E-6
-137.359463	-7.947286E-6
-137.338834	-8.185705E-6
-137.318205	-7.867813E-6
-137.297576	-6.834666E-6
-137.276947	-5.960464E-6
-137.256318	-6.516774E-6
-137.235690	-6.675720E-6
-137.215061	-5.483627E-6
-137.194432	-5.006790E-6
-137.173803	-4.132589E-6
-137.153174	-3.019969E-6
-137.132545	-2.384186E-6
-137.111917	-2.304713E-6
-137.091288	-1.112620E-6
-137.070659	-9.536743E-7
-137.050030	-7.947286E-7
-137.029401	-6.357829E-7
-137.008773	-1.112620E-6
-136.988144	-1.509984E-6
-136.967515	-7.947286E-7
-136.946886	2.384186E-7
-136.926257	-6.357829E-7
-136.905628	-1.033147E-6
-136.885000	-9.536743E-7
-136.864371	-1.112620E-6
-136.843742	-1.112620E-6
-136.823113	-1.112620E-6
-136.802484	0.000000
-136.781856	1.112620E-6
-136.761227	1.668930E-6
-136.740598	2.702077E-6
-136.719969	1.668930E-6
-136.699340	1.589457E-6
-136.678711	2.145767E-6
-136.658083	3.099442E-6
-136.637454	4.529953E-6
-136.616825	6.675720E-6
-136.596196	7.073085E-6
-136.575567	7.549922E-6
-136.554939	8.185705E-6
-136.534310	8.662542E-6
-136.513681	9.934107E-6
-136.493052	1.041094E-5
-136.472423	1.088778E-5
-136.451794	1.072884E-5
-136.431166	1.223882E-5
-136.410537	1.414617E-5
-136.389908	1.502037E-5
-136.369279	1.549721E-5
-136.348650	1.573563E-5
-136.328021	1.613299E-5
-136.307393	1.597404E-5
-136.286764	1.653035E-5
-136.266135	1.621246E-5
-136.245506	1.509984E-5
-136.224877	1.446406E-5
-136.204249	1.343091E-5
-136.183620	1.144409E-5
-136.162991	9.059906E-6
-136.142362	8.106232E-6
-136.121733	6.993612E-6
-136.101104	5.165736E-6
-136.080476	3.814697E-6
-136.059847	9.536743E-7
-136.039218	-1.589457E-6
-136.018589	-3.417333E-6
-135.997960	-4.688899E-6
-135.977332	-6.516774E-6
-135.956703	-9.059906E-6
-135.936074	-1.001358E-5
-135.915445	-1.168251E-5
-135.894816	-1.295408E-5
-135.874187	-1.446406E-5
-135.853559	-1.525879E-5
-135.832930	-1.565615E-5
-135.812301	-1.613299E-5
-135.791672	-1.613299E-5
-135.771043	-1.557668E-5
-135.750414	-1.581510E-5
-135.729786	-1.581510E-5
-135.709157	-1.502037E-5
-135.688528	-1.454353E-5
-135.667899	-1.414617E-5
-135.647270	-1.398722E-5
-135.626642	-1.358986E-5
-135.606013	-1.271566E-5
-135.585384	-1.223882E-5
-135.564755	-1.120567E-5
-135.544126	-1.064936E-5
-135.523497	-1.025200E-5
-135.502869	-1.017253E-5
-135.482240	-1.025200E-5
-135.461611	-9.218852E-6
-135.440982	-9.059906E-6
-135.420353	-8.980433E-6
-135.399725	-7.947286E-6
-135.379096	-7.788340E-6
-135.358467	-7.549922E-6
-135.337838	-6.834666E-6
-135.317209	-5.404154E-6
-135.296580	-4.212062E-6
-135.275952	-4.132589E-6
-135.255323	-3.417333E-6
-135.234694	-2.463659E-6
-135.214065	-1.827876E-6
-135.193436	-1.192093E-6
-135.172807	-8.742015E-7
-135.152179	-7.152557E-7
-135.131550	7.947286E-8
-135.110921	0.000000
-135.090292	1.668930E-6
-135.069663	1.986821E-6
-135.049035	2.384186E-6
-135.028406	3.496806E-6
-135.007777	3.655752E-6
-134.987148	3.496806E-6
-134.966519	3.099442E-6
-134.945890	4.053116E-6
-134.925262	4.847844E-6
-134.904633	5.245209E-6
-134.884004	5.404154E-6
-134.863375	5.801519E-6
-134.842746	5.722046E-6
-134.822118	6.278356E-6
-134.801489	6.834666E-6
-134.780860	7.311503E-6
-134.760231	7.788340E-6
-134.739602	8.185705E-6
-134.718973	8.900960E-6
-134.698345	1.056989E-5
-134.677716	1.176198E-5
-134.657087	1.200040E-5
-134.636458	1.319249E-5
-134.615829	1.446406E-5
-134.595200	1.502037E-5
-134.574572	1.637141E-5
-134.553943	1.827876E-5
-134.533314	1.875559E-5
-134.512685	1.931190E-5
-134.492056	1.955032E-5
-134.471428	2.018611E-5
-134.450799	1.986821E-5
-134.430170	2.002716E-5
-134.409541	1.931190E-5
-134.388912	1.796087E-5
-134.368283	1.708666E-5
-134.347655	1.589457E-5
-134.327026	1.462301E-5
-134.306397	1.295408E-5
-134.285768	1.160304E-5
-134.265139	9.457270E-6
-134.244511	6.516774E-6
-134.223882	4.053116E-6
-134.203253	1.112620E-6
-134.182624	-1.668930E-6
-134.161995	-4.291534E-6
-134.141366	-6.596247E-6
-134.120738	-8.424123E-6
-134.100109	-1.049042E-5
-134.079480	-1.239777E-5
-134.058851	-1.406670E-5
-134.038222	-1.438459E-5
-134.017593	-1.454353E-5
-133.996965	-1.494090E-5
-133.976336	-1.541773E-5
-133.955707	-1.525879E-5
-133.935078	-1.454353E-5
-133.914449	-1.446406E-5
-133.893821	-1.327197E-5
-133.873192	-1.239777E-5
-133.852563	-1.152356E-5
-133.831934	-1.112620E-5
-133.811305	-1.096725E-5
-133.790676	-1.049042E-5
-133.770048	-9.298325E-6
-133.749419	-8.662542E-6
-133.728790	-8.662542E-6
-133.708161	-8.662542E-6
-133.687532	-8.900960E-6
-133.666904	-9.298325E-6
-133.646275	-9.457270E-6
-133.625646	-9.218852E-6
-133.605017	-9.298325E-6
-133.584388	-9.457270E-6
-133.563759	-8.900960E-6
-133.543131	-9.377797E-6
-133.522502	-1.096725E-5
-133.501873	-1.136462E-5
-133.481244	-1.056989E-5
-133.460615	-1.072884E-5
-133.439986	-1.120567E-5
-133.419358	-1.104673E-5
-133.398729	-1.096725E-5
-133.378100	-9.695689E-6
-133.357471	-9.298325E-6
-133.336842	-8.742015E-6
-133.316214	-7.708867E-6
-133.295585	-7.788340E-6
-133.274956	-6.755193E-6
-133.254327	-6.119410E-6
-133.233698	-4.768372E-6
-133.213069	-4.609426E-6
-133.192441	-3.576279E-6
-133.171812	-2.304713E-6
-133.151183	-1.033147E-6
-133.130554	4.768372E-7
-133.109925	1.430511E-6
-133.089297	2.225240E-6
-133.068668	2.463659E-6
-133.048039	2.463659E-6
-133.027410	4.053116E-6
-133.006781	5.086263E-6
-132.986152	6.039937E-6
-132.965524	6.914139E-6
-132.944895	6.834666E-6
-132.924266	8.026759E-6
-132.903637	9.139379E-6
-132.883008	9.775162E-6
-132.862379	1.056989E-5
-132.841751	1.168251E-5
-132.821122	1.247724E-5
-132.800493	1.390775E-5
-132.779864	1.541773E-5
-132.759235	1.637141E-5
-132.738607	1.756350E-5
-132.717978	1.819928E-5
-132.697349	1.931190E-5
-132.676720	1.994769E-5
-132.656091	1.962980E-5
-132.635462	2.018611E-5
-132.614834	1.970927E-5
-132.594205	1.891454E-5
-132.573576	1.740456E-5
-132.552947	1.605352E-5
-132.532318	1.502037E-5
-132.511690	1.295408E-5
-132.491061	1.112620E-5
-132.470432	8.503596E-6
-132.449803	6.516774E-6
-132.429174	4.847844E-6
-132.408545	2.463659E-6
-132.387917	3.973643E-7
-132.367288	-1.748403E-6
-132.346659	-3.258387E-6
-132.326030	-5.642573E-6
-132.305401	-7.788340E-6
-132.284772	-8.344650E-6
-132.264144	-8.980433E-6
-132.243515	-9.059906E-6
-132.222886	-8.583069E-6
-132.202257	-8.742015E-6
-132.181628	-7.708867E-6
-132.161000	-7.390976E-6
-132.140371	-7.629395E-6
-132.119742	-8.106232E-6
-132.099113	-8.344650E-6
-132.078484	-7.788340E-6
-132.057855	-7.390976E-6
-132.037227	-7.390976E-6
-132.016598	-6.993612E-6
-131.995969	-8.344650E-6
-131.975340	-9.854635E-6
-131.954711	-1.088778E-5
-131.934083	-1.263618E-5
-131.913454	-1.422564E-5
-131.892825	-1.509984E-5
-131.872196	-1.708666E-5
-131.851567	-1.772245E-5
-131.830938	-1.875559E-5
-131.810310	-2.058347E-5
-131.789681	-2.193451E-5
-131.769052	-2.280871E-5
-131.748423	-2.296766E-5
-131.727794	-2.312660E-5
-131.707165	-2.431870E-5
-131.686537	-2.479553E-5
-131.665908	-2.415975E-5
-131.645279	-2.328555E-5
-131.624650	-2.217293E-5
-131.604021	-2.106031E-5
-131.583393	-1.907349E-5
-131.562764	-1.645088E-5
-131.542135	-1.398722E-5
-131.521506	-1.247724E-5
-131.500877	-1.072884E-5
-131.480248	-8.026759E-6
-131.459620	-6.198883E-6
-131.438991	-4.768372E-6
-131.418362	-3.814697E-6
-131.397733	-2.781550E-6
-131.377104	-1.986821E-6
-131.356476	-9.536743E-7
-131.335847	-7.152557E-7
-131.315218	-8.742015E-7
-131.294589	-6.357829E-7
-131.273960	-7.152557E-7
-131.253331	-7.152557E-7
-131.232703	6.357829E-7
-131.212074	1.033147E-6
-131.191445	1.271566E-6
-131.170816	2.940496E-6
-131.150187	3.973643E-6
-131.129558	5.006790E-6
-131.108930	6.755193E-6
-131.088301	9.616216E-6
-131.067672	1.120567E-5
-131.047043	1.271566E-5
-131.026414	1.478195E-5
-131.005786	1.684825E-5
-130.985157	1.827876E-5
-130.964528	1.907349E-5
-130.943899	1.994769E-5
-130.923270	1.994769E-5
-130.902641	2.050400E-5
-130.882013	2.010663E-5
-130.861384	1.875559E-5
-130.840755	1.859665E-5
-130.820126	1.740456E-5
-130.799497	1.581510E-5
-130.778869	1.494090E-5
-130.758240	1.215935E-5
-130.737611	9.377797E-6
-130.716982	7.788340E-6
-130.696353	6.437302E-6
-130.675724	5.722046E-6
-130.655096	4.053116E-6
-130.634467	3.099442E-6
-130.613838	1.907349E-6
-130.593209	1.509984E-6
-130.572580	4.768372E-7
-130.551952	7.947286E-8
-130.531323	1.192093E-6
-130.510694	2.781550E-6
-130.490065	3.496806E-6
-130.469436	2.781550E-6
-130.448807	3.576279E-6
-130.428179	4.450480E-6
-130.407550	4.768372E-6
-130.386921	5.404154E-6
-130.366292	6.357829E-6
-130.345663	6.596247E-6
-130.325034	6.039937E-6
-130.304406	4.847844E-6
-130.283777	4.053116E-6
-130.263148	1.907349E-6
-130.242519	-6.357829E-7
-130.221890	-3.019969E-6
-130.201262	-5.483627E-6
-130.180633	-7.708867E-6
-130.160004	-1.017253E-5
-130.139375	-1.295408E-5
-130.118746	-1.613299E-5
-130.098117	-1.923243E-5
-130.077489	-2.201398E-5
-130.056860	-2.400080E-5
-130.036231	-2.741814E-5
-130.015602	-2.892812E-5
-129.994973	-3.004074E-5
-129.974345	-3.147125E-5
-129.953716	-3.178914E-5
-129.933087	-3.051758E-5
-129.912458	-3.107389E-5
-129.891829	-3.027916E-5
-129.871200	-2.900759E-5
-129.850572	-2.582868E-5
-129.829943	-2.312660E-5
-129.809314	-2.058347E-5
-129.788685	-1.653035E-5
-129.768056	-1.279513E-5
-129.747427	-9.377797E-6
-129.726799	-5.483627E-6
-129.706170	-2.066294E-6
-129.685541	7.947286E-7
-129.664912	4.450480E-6
-129.644283	5.880992E-6
-129.623655	7.947286E-6
-129.603026	9.854635E-6
-129.582397	1.160304E-5
-129.561768	1.223882E-5
-129.541139	1.335144E-5
-129.520510	1.374880E-5
-129.499882	1.239777E-5
-129.479253	1.033147E-5
-129.458624	9.218852E-6
-129.437995	7.629395E-6
-129.417366	5.483627E-6
-129.396738	3.417333E-6
-129.376109	2.225240E-6
-129.355480	1.112620E-6
-129.334851	4.768372E-7
-129.314222	4.768372E-7
-129.293593	4.768372E-7
-129.272965	0.000000
-129.252336	3.178914E-7
-129.231707	2.066294E-6
-129.211078	3.337860E-6
-129.190449	3.973643E-6
-129.169820	4.927317E-6
-129.149192	6.596247E-6
-129.128563	9.139379E-6
-129.107934	1.072884E-5
-129.087305	1.351039E-5
-129.066676	1.637141E-5
-129.046048	1.788139E-5
-129.025419	1.947085E-5
-129.004790	2.106031E-5
-128.984161	2.288818E-5
-128.963532	2.392133E-5
-128.942903	2.495448E-5
-128.922275	2.479553E-5
-128.901646	2.511342E-5
-128.881017	2.463659E-5
-128.860388	2.296766E-5
-128.839759	2.233187E-5
-128.819131	2.113978E-5
-128.798502	1.970927E-5
-128.777873	1.827876E-5
-128.757244	1.565615E-5
-128.736615	1.335144E-5
-128.715986	1.144409E-5
-128.695358	8.344650E-6
-128.674729	6.755193E-6
-128.654100	5.404154E-6
-128.633471	2.781550E-6
-128.612842	1.192093E-6
-128.592213	-7.947286E-7
-128.571585	-2.940496E-6
-128.550956	-4.450480E-6
-128.530327	-5.642573E-6
-128.509698	-6.198883E-6
-128.489069	-7.232030E-6
-128.468441	-8.583069E-6
-128.447812	-1.033147E-5
-128.427183	-1.112620E-5
-128.406554	-1.144409E-5
-128.385925	-1.200040E-5
-128.365296	-1.279513E-5
-128.344668	-1.382828E-5
-128.324039	-1.351039E-5
-128.303410	-1.374880E-5
-128.282781	-1.454353E-5
-128.262152	-1.470248E-5
-128.241524	-1.366933E-5
-128.220895	-1.279513E-5
-128.200266	-1.239777E-5
-128.179637	-1.247724E-5
-128.159008	-1.351039E-5
-128.138379	-1.351039E-5
-128.117751	-1.358986E-5
-128.097122	-1.343091E-5
-128.076493	-1.279513E-5
-128.055864	-1.271566E-5
-128.035235	-1.271566E-5
-128.014606	-1.414617E-5
-127.993978	-1.509984E-5
-127.973349	-1.509984E-5
-127.952720	-1.557668E-5
-127.932091	-1.772245E-5
-127.911462	-1.923243E-5
-127.890834	-2.082189E-5
-127.870205	-2.098083E-5
-127.849576	-2.177556E-5
-127.828947	-2.288818E-5
-127.808318	-2.320608E-5
-127.787689	-2.352397E-5
-127.767061	-2.384186E-5
-127.746432	-2.400080E-5
-127.725803	-2.360344E-5
-127.705174	-2.121925E-5
-127.684545	-1.859665E-5
-127.663917	-1.653035E-5
-127.643288	-1.390775E-5
-127.622659	-1.088778E-5
-127.602030	-6.993612E-6
-127.581401	-2.622604E-6
-127.560772	1.668930E-6
-127.540144	5.006790E-6
-127.519515	8.106232E-6
-127.498886	1.168251E-5
-127.478257	1.494090E-5
-127.457628	1.764297E-5
-127.436999	2.002716E-5
-127.416371	2.233187E-5
-127.395742	2.320608E-5
-127.375113	2.495448E-5
-127.354484	2.646446E-5
-127.333855	2.710025E-5
-127.313227	2.749761E-5
-127.292598	2.702077E-5
-127.271969	2.622604E-5
-127.251340	2.463659E-5
-127.230711	2.288818E-5
-127.210082	2.090136E-5
-127.189454	1.915296E-5
-127.168825	1.716614E-5
-127.148196	1.358986E-5
-127.127567	1.056989E-5
-127.106938	7.073085E-6
-127.086310	2.463659E-6
-127.065681	-1.430511E-6
-127.045052	-4.609426E-6
-127.024423	-8.503596E-6
-127.003794	-1.271566E-5
-126.983165	-1.676877E-5
-126.962537	-2.106031E-5
-126.941908	-2.519290E-5
-126.921279	-2.980232E-5
-126.900650	-3.361702E-5
-126.880021	-3.655752E-5
-126.859392	-3.973643E-5
-126.838764	-4.124641E-5
-126.818135	-4.267693E-5
-126.797506	-4.355113E-5
-126.776877	-4.386902E-5
-126.756248	-4.410744E-5
-126.735620	-4.283587E-5
-126.714991	-4.053116E-5
-126.694362	-3.711383E-5
-126.673733	-3.449122E-5
-126.653104	-3.163020E-5
-126.632475	-2.749761E-5
-126.611847	-2.185504E-5
-126.591218	-1.700719E-5
-126.570589	-1.311302E-5
-126.549960	-7.073085E-6
-126.529331	-6.357829E-7
-126.508703	5.960464E-6
-126.488074	1.263618E-5
-126.467445	1.899401E-5
-126.446816	2.439817E-5
-126.426187	2.916654E-5
-126.405558	3.329913E-5
-126.384930	3.782908E-5
-126.364301	4.092852E-5
-126.343672	4.434586E-5
-126.323043	4.855792E-5
-126.302414	5.141894E-5
-126.281785	5.237261E-5
-126.261157	5.348523E-5
-126.240528	5.356471E-5
-126.219899	5.332629E-5
-126.199270	5.229314E-5
-126.178641	5.006790E-5
-126.158013	4.911423E-5
-126.137384	4.673004E-5
-126.116755	4.307429E-5
-126.096126	4.013379E-5
-126.075497	3.639857E-5
-126.054868	3.170967E-5
-126.034240	2.622604E-5
-126.013611	2.153714E-5
-125.992982	1.764297E-5
-125.972353	1.263618E-5
-125.951724	7.788340E-6
-125.931096	2.702077E-6
-125.910467	-1.986821E-6
-125.889838	-5.960464E-6
-125.869209	-1.009305E-5
-125.848580	-1.239777E-5
-125.827951	-1.438459E-5
-125.807323	-1.637141E-5
-125.786694	-1.740456E-5
-125.766065	-1.851718E-5
-125.745436	-1.804034E-5
-125.724807	-1.796087E-5
-125.704178	-1.716614E-5
-125.683550	-1.549721E-5
-125.662921	-1.319249E-5
-125.642292	-1.152356E-5
-125.621663	-1.120567E-5
-125.601034	-1.056989E-5
-125.580406	-8.424123E-6
-125.559777	-6.914139E-6
-125.539148	-5.245209E-6
-125.518519	-4.291534E-6
-125.497890	-4.291534E-6
-125.477261	-4.529953E-6
-125.456633	-4.212062E-6
-125.436004	-4.371007E-6
-125.415375	-3.655752E-6
-125.394746	-3.894170E-6
-125.374117	-5.006790E-6
-125.353489	-5.006790E-6
-125.332860	-4.371007E-6
-125.312231	-4.132589E-6
-125.291602	-4.529953E-6
-125.270973	-3.973643E-6
-125.250344	-2.781550E-6
-125.229716	-2.145767E-6
-125.209087	-9.536743E-7
-125.188458	-7.152557E-7
-125.167829	1.589457E-7
-125.147200	1.112620E-6
-125.126571	3.417333E-6
-125.105943	4.053116E-6
-125.085314	3.894170E-6
-125.064685	4.371007E-6
-125.044056	4.768372E-6
-125.023427	5.245209E-6
-125.002799	5.483627E-6
-124.982170	4.529953E-6
-124.961541	1.907349E-6
-124.940912	-3.178914E-7
-124.920283	-2.543132E-6
-124.899654	-6.039937E-6
-124.879026	-8.106232E-6
-124.858397	-1.041094E-5
-124.837768	-1.271566E-5
-124.817139	-1.589457E-5
-124.796510	-1.835823E-5
-124.775882	-2.090136E-5
-124.755253	-2.320608E-5
-124.734624	-2.423922E-5
-124.713995	-2.495448E-5
-124.693366	-2.511342E-5
-124.672737	-2.614657E-5
-124.652109	-2.574921E-5
-124.631480	-2.463659E-5
-124.610851	-2.272924E-5
-124.590222	-1.947085E-5
-124.569593	-1.732508E-5
-124.548964	-1.398722E-5
-124.528336	-1.176198E-5
-124.507707	-8.742015E-6
-124.487078	-5.563100E-6
-124.466449	-2.702077E-6
-124.445820	3.973643E-7
-124.425192	3.576279E-6
-124.404563	6.755193E-6
-124.383934	9.059906E-6
-124.363305	1.168251E-5
-124.342676	1.351039E-5
-124.322047	1.462301E-5
-124.301419	1.573563E-5
-124.280790	1.509984E-5
-124.260161	1.422564E-5
-124.239532	1.247724E-5
-124.218903	9.854635E-6
-124.198275	8.424123E-6
-124.177646	6.596247E-6
-124.157017	4.450480E-6
-124.136388	1.986821E-6
-124.115759	-7.947286E-8
-124.095130	-1.907349E-6
-124.074502	-4.053116E-6
-124.053873	-6.675720E-6
-124.033244	-9.218852E-6
-124.012615	-1.025200E-5
-123.991986	-1.049042E-5
-123.971358	-1.025200E-5
-123.950729	-1.001358E-5
-123.930100	-9.139379E-6
-123.909471	-8.424123E-6
-123.888842	-6.596247E-6
-123.868213	-4.291534E-6
-123.847585	-2.702077E-6
-123.826956	-7.947286E-8
-123.806327	1.986821E-6
-123.785698	3.337860E-6
-123.765069	5.960464E-6
-123.744440	8.344650E-6
-123.723812	1.049042E-5
-123.703183	1.152356E-5
-123.682554	1.231829E-5
-123.661925	1.279513E-5
-123.641296	1.303355E-5
-123.620668	1.295408E-5
-123.600039	1.223882E-5
-123.579410	1.231829E-5
-123.558781	1.128515E-5
-123.538152	9.775162E-6
-123.517523	8.185705E-6
-123.496895	7.788340E-6
-123.476266	7.311503E-6
-123.455637	6.278356E-6
-123.435008	5.404154E-6
-123.414379	5.086263E-6
-123.393751	4.212062E-6
-123.373122	3.496806E-6
-123.352493	3.258387E-6
-123.331864	2.543132E-6
-123.311235	2.940496E-6
-123.290606	3.496806E-6
-123.269978	3.178914E-6
-123.249349	2.781550E-6
-123.228720	3.417333E-6
-123.208091	3.973643E-6
-123.187462	4.291534E-6
-123.166833	4.371007E-6
-123.146205	4.053116E-6
-123.125576	3.099442E-6
-123.104947	2.781550E-6
-123.084318	1.827876E-6
-123.063689	7.152557E-7
-123.043061	-2.384186E-7
-123.022432	-2.304713E-6
-123.001803	-3.655752E-6
-122.981174	-4.609426E-6
-122.960545	-5.642573E-6
-122.939916	-7.311503E-6
-122.919288	-8.424123E-6
-122.898659	-9.139379E-6
-122.878030	-9.854635E-6
-122.857401	-9.695689E-6
-122.836772	-9.457270E-6
-122.816144	-9.775162E-6
-122.795515	-9.377797E-6
-122.774886	-8.185705E-6
-122.754257	-5.960464E-6
-122.733628	-5.165736E-6
-122.712999	-3.973643E-6
-122.692371	-2.304713E-6
-122.671742	-1.192093E-6
-122.651113	3.178914E-7
-122.630484	1.748403E-6
-122.609855	3.655752E-6
-122.589226	4.212062E-6
-122.568598	4.529953E-6
-122.547969	4.529953E-6
-122.527340	3.894170E-6
-122.506711	2.940496E-6
-122.486082	1.589457E-6
-122.465454	3.973643E-7
-122.444825	-3.178914E-7
-122.424196	-2.702077E-6
-122.403567	-6.039937E-6
-122.382938	-8.900960E-6
-122.362309	-1.064936E-5
-122.341681	-1.271566E-5
-122.321052	-1.541773E-5
-122.300423	-1.684825E-5
-122.279794	-1.788139E-5
-122.259165	-1.899401E-5
-122.238537	-2.026558E-5
-122.217908	-2.066294E-5
-122.197279	-2.042452E-5
-122.176650	-1.907349E-5
-122.156021	-1.859665E-5
-122.135392	-1.804034E-5
-122.114764	-1.629194E-5
-122.094135	-1.374880E-5
-122.073506	-1.096725E-5
-122.052877	-8.344650E-6
-122.032248	-5.880992E-6
-122.011619	-3.894170E-6
-121.990991	-2.304713E-6
-121.970362	0.000000
-121.949733	7.947286E-7
-121.929104	1.907349E-6
-121.908475	3.178914E-6
-121.887847	4.132589E-6
-121.867218	3.655752E-6
-121.846589	2.940496E-6
-121.825960	2.145767E-6
-121.805331	1.271566E-6
-121.784702	6.357829E-7
-121.764074	-1.192093E-6
-121.743445	-2.622604E-6
-121.722816	-3.258387E-6
-121.702187	-5.324682E-6
-121.681558	-6.914139E-6
-121.660930	-7.470449E-6
-121.640301	-8.026759E-6
-121.619672	-7.152557E-6
-121.599043	-6.437302E-6
-121.578414	-6.198883E-6
-121.557785	-5.801519E-6
-121.537157	-5.165736E-6
-121.516528	-3.814697E-6
-121.495899	-2.861023E-6
-121.475270	-1.827876E-6
-121.454641	7.152557E-7
-121.434012	3.814697E-6
-121.413384	6.039937E-6
-121.392755	7.311503E-6
-121.372126	8.900960E-6
-121.351497	1.041094E-5
-121.330868	1.231829E-5
-121.310240	1.271566E-5
-121.289611	1.335144E-5
-121.268982	1.374880E-5
-121.248353	1.374880E-5
-121.227724	1.295408E-5
-121.207095	1.207987E-5
-121.186467	9.775162E-6
-121.165838	8.265177E-6
-121.145209	6.516774E-6
-121.124580	4.847844E-6
-121.103951	1.509984E-6
-121.083323	-5.563100E-7
-121.062694	-2.066294E-6
-121.042065	-3.973643E-6
-121.021436	-5.006790E-6
-121.000807	-7.708867E-6
-120.980178	-9.934107E-6
-120.959550	-1.215935E-5
-120.938921	-1.303355E-5
-120.918292	-1.422564E-5
-120.897663	-1.422564E-5
-120.877034	-1.406670E-5
-120.856405	-1.390775E-5
-120.835777	-1.414617E-5
-120.815148	-1.382828E-5
-120.794519	-1.398722E-5
-120.773890	-1.223882E-5
-120.753261	-1.049042E-5
-120.732633	-8.583069E-6
-120.712004	-6.993612E-6
-120.691375	-4.291534E-6
-120.670746	-2.066294E-6
-120.650117	-2.384186E-7
-120.629488	1.748403E-6
-120.608860	4.371007E-6
-120.588231	6.198883E-6
-120.567602	6.437302E-6
-120.546973	7.232030E-6
-120.526344	9.616216E-6
-120.505716	1.152356E-5
-120.485087	1.207987E-5
-120.464458	1.128515E-5
-120.443829	1.128515E-5
-120.423200	1.056989E-5
-120.402571	9.536743E-6
-120.381943	9.139379E-6
-120.361314	8.344650E-6
-120.340685	6.914139E-6
-120.320056	4.529953E-6
-120.299427	2.702077E-6
-120.278798	3.178914E-7
-120.258170	-2.145767E-6
-120.237541	-4.529953E-6
-120.216912	-6.993612E-6
-120.196283	-9.536743E-6
-120.175654	-1.144409E-5
-120.155026	-1.343091E-5
-120.134397	-1.597404E-5
-120.113768	-1.732508E-5
-120.093139	-1.859665E-5
-120.072510	-1.970927E-5
-120.051881	-2.113978E-5
-120.031253	-2.050400E-5
-120.010624	-1.962980E-5
-119.989995	-1.819928E-5
-119.969366	-1.668930E-5
-119.948737	-1.581510E-5
-119.928109	-1.390775E-5
-119.907480	-1.144409E-5
-119.886851	-8.900960E-6
-119.866222	-5.086263E-6
-119.845593	-1.271566E-6
-119.824964	3.019969E-6
-119.804336	7.073085E-6
-119.783707	1.049042E-5
-119.763078	1.366933E-5
-119.742449	1.819928E-5
-119.721820	2.185504E-5
-119.701191	2.415975E-5
-119.680563	2.686183E-5
-119.659934	2.948443E-5
-119.639305	3.019969E-5
-119.618676	3.115336E-5
-119.598047	3.202756E-5
-119.577419	3.178914E-5
-119.556790	3.059705E-5
-119.536161	2.884865E-5
-119.515532	2.582868E-5
-119.494903	2.312660E-5
-119.474274	1.955032E-5
-119.453646	1.597404E-5
-119.433017	1.239777E-5
-119.412388	8.662542E-6
-119.391759	4.768372E-6
-119.371130	9.536743E-7
-119.350502	-2.304713E-6
-119.329873	-5.563100E-6
-119.309244	-8.185705E-6
-119.288615	-1.009305E-5
-119.267986	-1.088778E-5
-119.247357	-1.120567E-5
-119.226729	-1.064936E-5
-119.206100	-9.298325E-6
-119.185471	-8.026759E-6
-119.164842	-6.198883E-6
-119.144213	-3.496806E-6
-119.123584	1.589457E-6
-119.102956	6.437302E-6
-119.082327	1.033147E-5
-119.061698	1.454353E-5
-119.041069	1.970927E-5
-119.020440	2.439817E-5
-118.999812	2.853076E-5
-118.979183	3.242493E-5
-118.958554	3.608068E-5
-118.937925	3.862381E-5
-118.917296	4.021327E-5
-118.896667	4.013379E-5
-118.876039	3.981590E-5
-118.855410	3.933907E-5
-118.834781	3.822645E-5
-118.814152	3.449122E-5
-118.793523	3.027916E-5
-118.772895	2.551079E-5
-118.752266	1.883507E-5
-118.731637	1.279513E-5
-118.711008	5.642573E-6
-118.690379	-7.152557E-7
-118.669750	-8.026759E-6
-118.649122	-1.621246E-5
-118.628493	-2.431870E-5
-118.607864	-3.234545E-5
-118.587235	-4.013379E-5
-118.566606	-4.792213E-5
-118.545977	-5.467733E-5
-118.525349	-6.047885E-5
-118.504720	-6.421407E-5
-118.484091	-6.794930E-5
-118.463462	-7.025401E-5
-118.442833	-7.192294E-5
-118.422205	-7.200241E-5
-118.401576	-7.160505E-5
-118.380947	-7.104874E-5
-118.360318	-6.826719E-5
-118.339689	-6.389618E-5
-118.319060	-6.127357E-5
-118.298432	-5.682309E-5
-118.277803	-5.038579E-5
-118.257174	-4.355113E-5
-118.236545	-3.695488E-5
-118.215916	-2.924601E-5
-118.195288	-2.217293E-5
-118.174659	-1.533826E-5
-118.154030	-8.185705E-6
-118.133401	-1.907349E-6
-118.112772	4.371007E-6
-118.092143	8.900960E-6
-118.071515	1.390775E-5
-118.050886	1.764297E-5
-118.030257	2.026558E-5
-118.009628	2.153714E-5
-117.988999	2.288818E-5
-117.968370	2.241135E-5
-117.947742	2.217293E-5
-117.927113	2.121925E-5
-117.906484	1.875559E-5
-117.885855	1.565615E-5
-117.865226	1.231829E-5
-117.844598	8.503596E-6
-117.823969	4.609426E-6
-117.803340	-2.384186E-7
-117.782711	-4.927317E-6
-117.762082	-9.695689E-6
-117.741453	-1.494090E-5
-117.720825	-1.891454E-5
-117.700196	-2.264977E-5
-117.679567	-2.765656E-5
-117.658938	-3.290176E-5
-117.638309	-3.695488E-5
-117.617681	-4.108747E-5
-117.597052	-4.569689E-5
-117.576423	-4.935265E-5
-117.555794	-5.221367E-5
-117.535165	-5.467733E-5
-117.514536	-5.690257E-5
-117.493908	-5.944570E-5
-117.473279	-6.135305E-5
-117.452650	-6.175041E-5
-117.432021	-6.222725E-5
-117.411392	-6.198883E-5
-117.390764	-6.214778E-5
-117.370135	-6.103516E-5
-117.349506	-5.928675E-5
-117.328877	-5.658468E-5
-117.308248	-5.340576E-5
-117.287619	-4.982948E-5
-117.266991	-4.402796E-5
-117.246362	-3.759066E-5
-117.225733	-3.075600E-5
-117.205104	-2.336502E-5
-117.184475	-1.486142E-5
-117.163846	-6.278356E-6
-117.143218	2.384186E-6
-117.122589	1.200040E-5
-117.101960	2.288818E-5
-117.081331	3.226598E-5
-117.060702	4.148483E-5
-117.040074	5.181630E-5
-117.019445	6.119410E-5
-116.998816	6.914139E-5
-116.978187	7.661184E-5
-116.957558	8.360545E-5
-116.936929	9.067853E-5
-116.916301	9.711583E-5
-116.895672	0.000103
-116.875043	0.000107
-116.854414	0.000110
-116.833785	0.000112
-116.813157	0.000112
-116.792528	0.000111
-116.771899	0.000109
-116.751270	0.000106
-116.730641	0.000101
-116.710012	9.671847E-5
-116.689384	9.075801E-5
-116.668755	8.503596E-5
-116.648126	7.859866E-5
-116.627497	7.096926E-5
-116.606868	6.421407E-5
-116.586239	5.729993E-5
-116.565611	5.070368E-5
-116.544982	4.378955E-5
-116.524353	3.727277E-5
-116.503724	3.321966E-5
-116.483095	2.916654E-5
-116.462467	2.582868E-5
-116.441838	2.257029E-5
-116.421209	2.018611E-5
-116.400580	1.732508E-5
-116.379951	1.660983E-5
-116.359322	1.613299E-5
-116.338694	1.462301E-5
-116.318065	1.509984E-5
-116.297436	1.533826E-5
-116.276807	1.525879E-5
-116.256178	1.502037E-5
-116.235550	1.335144E-5
-116.214921	1.184146E-5
-116.194292	9.775162E-6
-116.173663	6.675720E-6
-116.153034	3.417333E-6
-116.132405	7.947286E-8
-116.111777	-4.927317E-6
-116.091148	-1.144409E-5
-116.070519	-1.804034E-5
-116.049890	-2.495448E-5
-116.029261	-3.250440E-5
-116.008632	-3.925959E-5
-115.988004	-4.760424E-5
-115.967375	-5.602837E-5
-115.946746	-6.469091E-5
-115.926117	-7.311503E-5
-115.905488	-8.058548E-5
-115.884860	-8.789698E-5
-115.864231	-9.608269E-5
-115.843602	-0.000103
-115.822973	-0.000109
-115.802344	-0.000114
-115.781715	-0.000119
-115.761087	-0.000123
-115.740458	-0.000124
-115.719829	-0.000123
-115.699200	-0.000121
-115.678571	-0.000118
-115.657943	-0.000114
-115.637314	-0.000108
-115.616685	-0.000101
-115.596056	-9.202957E-5
-115.575427	-8.153915E-5
-115.554798	-7.001559E-5
-115.534170	-5.666415E-5
-115.513541	-4.204114E-5
-115.492912	-2.670288E-5
-115.472283	-1.311302E-5
-115.451654	5.563100E-7
-115.431025	1.462301E-5
-115.410397	2.996127E-5
-115.389768	4.482269E-5
-115.369139	5.690257E-5
-115.348510	6.675720E-5
-115.327881	7.565816E-5
-115.307253	8.106232E-5
-115.286624	8.511543E-5
-115.265995	8.805593E-5
-115.245366	8.916855E-5
-115.224737	8.773804E-5
-115.204108	8.567174E-5
-115.183480	8.034706E-5
-115.162851	7.255872E-5
-115.142222	6.469091E-5
-115.121593	5.451838E-5
-115.100964	4.371007E-5
-115.080336	3.433228E-5
-115.059707	2.463659E-5
-115.039078	1.533826E-5
-115.018449	8.424123E-6
-114.997820	1.748403E-6
-114.977191	-4.688899E-6
-114.956563	-8.662542E-6
-114.935934	-9.298325E-6
-114.915305	-7.788340E-6
-114.894676	-4.450480E-6
-114.874047	5.563100E-7
-114.853418	8.742015E-6
-114.832790	1.811981E-5
-114.812161	2.980232E-5
-114.791532	4.164378E-5
-114.770903	5.292892E-5
-114.750274	6.477038E-5
-114.729646	7.732709E-5
-114.709017	8.893013E-5
-114.688388	9.965897E-5
-114.667759	0.000109
-114.647130	0.000118
-114.626501	0.000124
-114.605873	0.000127
-114.585244	0.000128
-114.564615	0.000124
-114.543986	0.000118
-114.523357	0.000110
-114.502729	9.942055E-5
-114.482100	8.630753E-5
-114.461471	7.184347E-5
-114.440842	5.563100E-5
-114.420213	3.886223E-5
-114.399584	2.002716E-5
-114.378956	-1.112620E-6
-114.358327	-2.177556E-5
-114.337698	-4.069010E-5
-114.317069	-5.920728E-5
-114.296440	-7.700920E-5
-114.275811	-9.473165E-5
-114.255183	-0.000110
-114.234554	-0.000123
-114.213925	-0.000134
-114.193296	-0.000142
-114.172667	-0.000148
-114.152039	-0.000152
-114.131410	-0.000154
-114.110781	-0.000154
-114.090152	-0.000152
-114.069523	-0.000149
-114.048894	-0.000145
-114.028266	-0.000137
-114.007637	-0.000129
-113.987008	-0.000120
-113.966379	-0.000111
-113.945750	-9.997686E-5
-113.925122	-8.877118E-5
-113.904493	-7.804235E-5
-113.883864	-6.802877E-5
-113.863235	-5.873044E-5
-113.842606	-4.967054E-5
-113.821977	-4.180272E-5
-113.801349	-3.353755E-5
-113.780720	-2.590815E-5
-113.760091	-2.026558E-5
-113.739462	-1.509984E-5
-113.718833	-1.072884E-5
-113.698204	-7.311503E-6
-113.677576	-4.768372E-6
-113.656947	-2.145767E-6
-113.636318	-8.742015E-7
-113.615689	2.384186E-7
-113.595060	4.768372E-7
-113.574432	-3.178914E-7
-113.553803	-8.742015E-7
-113.533174	-3.019969E-6
-113.512545	-5.086263E-6
-113.491916	-6.516774E-6
-113.471287	-8.106232E-6
-113.450659	-8.821487E-6
-113.430030	-8.742015E-6
-113.409401	-9.695689E-6
-113.388772	-8.821487E-6
-113.368143	-7.629395E-6
-113.347515	-5.324682E-6
-113.326886	-1.748403E-6
-113.306257	4.529953E-6
-113.285628	1.136462E-5
-113.264999	2.066294E-5
-113.244370	3.075600E-5
-113.223742	4.100800E-5
-113.203113	5.523364E-5
-113.182484	6.882350E-5
-113.161855	8.535385E-5
-113.141226	0.000103
-113.120597	0.000120
-113.099969	0.000136
-113.079340	0.000152
-113.058711	0.000168
-113.038082	0.000182
-113.017453	0.000192
-112.996825	0.000201
-112.976196	0.000209
-112.955567	0.000211
-112.934938	0.000214
-112.914309	0.000211
-112.893680	0.000206
-112.873052	0.000199
-112.852423	0.000189
-112.831794	0.000177
-112.811165	0.000163
-112.790536	0.000147
-112.769908	0.000129
-112.749279	0.000110
-112.728650	8.996328E-5
-112.708021	6.977717E-5
-112.687392	5.006790E-5
-112.666763	3.067652E-5
-112.646135	1.279513E-5
-112.625506	-4.132589E-6
-112.604877	-1.939138E-5
-112.584248	-3.337860E-5
-112.563619	-4.617373E-5
-112.542990	-5.745888E-5
-112.522362	-6.620089E-5
-112.501733	-7.279714E-5
-112.481104	-7.907550E-5
-112.460475	-8.511543E-5
-112.439846	-9.067853E-5
-112.419218	-9.353956E-5
-112.398589	-9.695689E-5
-112.377960	-9.894371E-5
-112.357331	-0.000101
-112.336702	-0.000102
-112.316073	-0.000103
-112.295445	-0.000104
-112.274816	-0.000106
-112.254187	-0.000106
-112.233558	-0.000106
-112.212929	-0.000107
-112.192301	-0.000107
-112.171672	-0.000106
-112.151043	-0.000106
-112.130414	-0.000107
-112.109785	-0.000108
-112.089156	-0.000108
-112.068528	-0.000106
-112.047899	-0.000104
-112.027270	-0.000103
-112.006641	-0.000104
-111.986012	-0.000106
-111.965383	-0.000108
-111.944755	-0.000112
-111.924126	-0.000114
-111.903497	-0.000118
-111.882868	-0.000122
-111.862239	-0.000128
-111.841611	-0.000132
-111.820982	-0.000136
-111.800353	-0.000142
-111.779724	-0.000146
-111.759095	-0.000149
-111.738466	-0.000149
-111.717838	-0.000148
-111.697209	-0.000146
-111.676580	-0.000140
-111.655951	-0.000134
-111.635322	-0.000124
-111.614694	-0.000112
-111.594065	-9.743373E-5
-111.573436	-7.891655E-5
-111.552807	-5.936623E-5
-111.532178	-3.743172E-5
-111.511549	-1.406670E-5
-111.490921	1.176198E-5
-111.470292	3.918012E-5
-111.449663	6.628036E-5
-111.429034	9.338061E-5
-111.408405	0.000122
-111.387776	0.000149
-111.367148	0.000174
-111.346519	0.000198
-111.325890	0.000218
-111.305261	0.000236
-111.284632	0.000251
-111.264004	0.000262
-111.243375	0.000268
-111.222746	0.000271
-111.202117	0.000270
-111.181488	0.000265
-111.160859	0.000254
-111.140231	0.000242
-111.119602	0.000226
-111.098973	0.000208
-111.078344	0.000189
-111.057715	0.000168
-111.037087	0.000146
-111.016458	0.000127
-110.995829	0.000105
-110.975200	8.503596E-5
-110.954571	6.850561E-5
-110.933942	5.300840E-5
-110.913314	4.045169E-5
-110.892685	3.059705E-5
-110.872056	2.320608E-5
-110.851427	1.827876E-5
-110.830798	1.462301E-5
-110.810170	1.351039E-5
-110.789541	1.343091E-5
-110.768912	1.573563E-5
-110.748283	1.843770E-5
-110.727654	2.185504E-5
-110.707025	2.694130E-5
-110.686397	3.083547E-5
-110.665768	3.266335E-5
-110.645139	3.282229E-5
-110.624510	3.290176E-5
-110.603881	3.178914E-5
-110.583252	2.876918E-5
-110.562624	2.400080E-5
-110.541995	1.724561E-5
-110.521366	8.503596E-6
-110.500737	-1.112620E-6
-110.480108	-1.319249E-5
-110.459480	-2.590815E-5
-110.438851	-4.084905E-5
-110.418222	-5.714099E-5
-110.397593	-7.430712E-5
-110.376964	-9.298325E-5
-110.356335	-0.000114
-110.335707	-0.000136
-110.315078	-0.000158
-110.294449	-0.000179
-110.273820	-0.000200
-110.253191	-0.000225
-110.232563	-0.000246
-110.211934	-0.000269
-110.191305	-0.000290
-110.170676	-0.000307
-110.150047	-0.000319
-110.129418	-0.000326
-110.108790	-0.000327
-110.088161	-0.000325
-110.067532	-0.000318
-110.046903	-0.000305
-110.026274	-0.000286
-110.005645	-0.000263
-109.985017	-0.000236
-109.964388	-0.000205
-109.943759	-0.000170
-109.923130	-0.000134
-109.902501	-9.695689E-5
-109.881873	-6.016095E-5
-109.861244	-2.392133E-5
-109.840615	1.080831E-5
-109.819986	4.371007E-5
-109.799357	7.446607E-5
-109.778728	0.000101
-109.758100	0.000123
-109.737471	0.000140
-109.716842	0.000153
-109.696213	0.000161
-109.675584	0.000163
-109.654956	0.000162
-109.634327	0.000158
-109.613698	0.000150
-109.593069	0.000140
-109.572440	0.000131
-109.551811	0.000123
-109.531183	0.000116
-109.510554	0.000110
-109.489925	0.000107
-109.469296	0.000107
-109.448667	0.000114
-109.428038	0.000125
-109.407410	0.000143
-109.386781	0.000165
-109.366152	0.000192
-109.345523	0.000221
-109.324894	0.000252
-109.304266	0.000288
-109.283637	0.000326
-109.263008	0.000365
-109.242379	0.000402
-109.221750	0.000434
-109.201121	0.000461
-109.180493	0.000484
-109.159864	0.000499
-109.139235	0.000506
-109.118606	0.000506
-109.097977	0.000494
-109.077349	0.000475
-109.056720	0.000447
-109.036091	0.000409
-109.015462	0.000365
-108.994833	0.000314
-108.974204	0.000258
-108.953576	0.000200
-108.932947	0.000141
-108.912318	8.344650E-5
-108.891689	2.948443E-5
-108.871060	-2.066294E-5
-108.850431	-6.755193E-5
-108.829803	-0.000108
-108.809174	-0.000140
-108.788545	-0.000165
-108.767916	-0.000183
-108.747287	-0.000192
-108.726659	-0.000195
-108.706030	-0.000191
-108.685401	-0.000183
-108.664772	-0.000168
-108.644143	-0.000150
-108.623514	-0.000130
-108.602886	-0.000112
-108.582257	-9.369850E-5
-108.561628	-7.931391E-5
-108.540999	-6.826719E-5
-108.520370	-6.182988E-5
-108.499742	-5.944570E-5
-108.479113	-6.079674E-5
-108.458484	-6.818771E-5
-108.437855	-8.201599E-5
-108.417226	-0.000101
-108.396597	-0.000127
-108.375969	-0.000159
-108.355340	-0.000193
-108.334711	-0.000231
-108.314082	-0.000276
-108.293453	-0.000328
-108.272824	-0.000380
-108.252196	-0.000436
-108.231567	-0.000495
-108.210938	-0.000545
-108.190309	-0.000597
-108.169680	-0.000647
-108.149052	-0.000693
-108.128423	-0.000732
-108.107794	-0.000760
-108.087165	-0.000778
-108.066536	-0.000786
-108.045907	-0.000783
-108.025279	-0.000765
-108.004650	-0.000731
-107.984021	-0.000676
-107.963392	-0.000608
-107.942763	-0.000531
-107.922135	-0.000442
-107.901506	-0.000341
-107.880877	-0.000232
-107.860248	-0.000114
-107.839619	-3.894170E-6
-107.818990	9.981791E-5
-107.798362	0.000195
-107.777733	0.000283
-107.757104	0.000366
-107.736475	0.000437
-107.715846	0.000494
-107.695217	0.000534
-107.674589	0.000558
-107.653960	0.000563
-107.633331	0.000556
-107.612702	0.000529
-107.592073	0.000486
-107.571445	0.000434
-107.550816	0.000377
-107.530187	0.000313
-107.509558	0.000245
-107.488929	0.000180
-107.468300	0.000114
-107.447672	4.887581E-5
-107.427043	-1.541773E-5
-107.406414	-7.406871E-5
-107.385785	-0.000132
-107.365156	-0.000187
-107.344528	-0.000240
-107.323899	-0.000293
-107.303270	-0.000348
-107.282641	-0.000408
-107.262012	-0.000471
-107.241383	-0.000539
-107.220755	-0.000608
-107.200126	-0.000681
-107.179497	-0.000756
-107.158868	-0.000838
-107.138239	-0.000918
-107.117610	-0.000991
-107.096982	-0.001053
-107.076353	-0.001097
-107.055724	-0.001139
-107.035095	-0.001166
-107.014466	-0.001170
-106.993838	-0.001157
-106.973209	-0.001120
-106.952580	-0.001059
-106.931951	-0.000968
-106.911322	-0.000853
-106.890693	-0.000716
-106.870065	-0.000564
-106.849436	-0.000400
-106.828807	-0.000209
-106.808178	-3.655752E-6
-106.787549	0.000206
-106.766921	0.000422
-106.746292	0.000627
-106.725663	0.000826
-106.705034	0.001009
-106.684405	0.001182
-106.663776	0.001343
-106.643148	0.001490
-106.622519	0.001604
-106.601890	0.001687
-106.581261	0.001741
-106.560632	0.001778
-106.540003	0.001794
-106.519375	0.001784
-106.498746	0.001746
-106.478117	0.001689
-106.457488	0.001607
-106.436859	0.001512
-106.416231	0.001416
-106.395602	0.001310
-106.374973	0.001197
-106.354344	0.001082
-106.333715	0.000958
-106.313086	0.000832
-106.292458	0.000707
-106.271829	0.000588
-106.251200	0.000475
-106.230571	0.000369
-106.209942	0.000269
-106.189314	0.000173
-106.168685	8.567174E-5
-106.148056	1.382828E-5
-106.127427	-5.165736E-5
-106.106798	-0.000109
-106.086169	-0.000160
-106.065541	-0.000204
-106.044912	-0.000240
-106.024283	-0.000270
-106.003654	-0.000294
-105.983025	-0.000314
-105.962396	-0.000328
-105.941768	-0.000341
-105.921139	-0.000349
-105.900510	-0.000353
-105.879881	-0.000351
-105.859252	-0.000349
-105.838624	-0.000345
-105.817995	-0.000338
-105.797366	-0.000330
-105.776737	-0.000321
-105.756108	-0.000312
-105.735479	-0.000302
-105.714851	-0.000292
-105.694222	-0.000281
-105.673593	-0.000269
-105.652964	-0.000256
-105.632335	-0.000246
-105.611707	-0.000235
-105.591078	-0.000224
-105.570449	-0.000214
-105.549820	-0.000204
-105.529191	-0.000195
-105.508562	-0.000185
-105.487934	-0.000176
-105.467305	-0.000167
-105.446676	-0.000160
-105.426047	-0.000152
-105.405418	-0.000145
-105.384789	-0.000139
-105.364161	-0.000133
-105.343532	-0.000126
-105.322903	-0.000119
-105.302274	-0.000113
-105.281645	-0.000109
-105.261017	-0.000104
-105.240388	-9.950002E-5
-105.219759	-9.449323E-5
-105.199130	-9.004275E-5
-105.178501	-8.638700E-5
-105.157872	-8.360545E-5
-105.137244	-8.050601E-5
-105.116615	-7.732709E-5
-105.095986	-7.486343E-5
-105.075357	-7.112821E-5
-105.054728	-6.898244E-5
-105.034100	-6.675720E-5
-105.013471	-6.365776E-5
-104.992842	-6.127357E-5
-104.972213	-5.896886E-5
-104.951584	-5.666415E-5
-104.930955	-5.475680E-5
-104.910327	-5.364418E-5
-104.889698	-5.237261E-5
-104.869069	-4.967054E-5
-104.848440	-4.776319E-5
-104.827811	-4.625320E-5
-104.807182	-4.609426E-5
-104.786554	-4.506111E-5
-104.765925	-4.212062E-5
-104.745296	-3.989538E-5
-104.724667	-3.894170E-5
-104.704038	-3.782908E-5
-104.683410	-3.568331E-5
-104.662781	-3.465017E-5
-104.642152	-3.369649E-5
-104.621523	-3.226598E-5
-104.600894	-3.083547E-5
-104.580265	-2.988180E-5
-104.559637	-2.773603E-5
-104.539008	-2.686183E-5
-104.518379	-2.646446E-5
-104.497750	-2.503395E-5
-104.477121	-2.392133E-5
-104.456493	-2.264977E-5
-104.435864	-2.177556E-5
-104.415235	-2.042452E-5
-104.394606	-1.994769E-5
-104.373977	-1.891454E-5
-104.353348	-1.811981E-5
-104.332720	-1.724561E-5
-104.312091	-1.573563E-5
-104.291462	-1.494090E-5
-104.270833	-1.462301E-5
-104.250204	-1.327197E-5
-104.229576	-1.247724E-5
-104.208947	-1.144409E-5
-104.188318	-1.049042E-5
-104.167689	-9.934107E-6
-104.147060	-9.377797E-6
-104.126431	-9.298325E-6
-104.105803	-8.424123E-6
-104.085174	-7.390976E-6
-104.064545	-6.675720E-6
-104.043916	-6.755193E-6
-104.023287	-6.437302E-6
-104.002658	-6.755193E-6
-103.982030	-6.119410E-6
-103.961401	-5.324682E-6
-103.940772	-5.006790E-6
-103.920143	-3.973643E-6
-103.899514	-3.337860E-6
-103.878886	-3.655752E-6
-103.858257	-3.576279E-6
-103.837628	-3.894170E-6
-103.816999	-3.019969E-6
-103.796370	-3.099442E-6
-103.775741	-1.907349E-6
-103.755113	-2.384186E-7
-103.734484	-2.384186E-7
-103.713855	-1.430511E-6
-103.693226	-1.827876E-6
-103.672597	-1.192093E-6
-103.651969	-7.947286E-7
-103.631340	-1.192093E-6
-103.610711	-7.152557E-7
-103.590082	0.000000
-103.569453	-3.178914E-7
-103.548824	7.152557E-7
-103.528196	7.947286E-7
-103.507567	3.973643E-7
-103.486938	3.178914E-7
-103.466309	7.947286E-8
-103.445680	9.536743E-7
-103.425051	1.033147E-6
-103.404423	3.973643E-7
-103.383794	3.973643E-7
-103.363165	6.357829E-7
-103.342536	6.357829E-7
-103.321907	1.033147E-6
-103.301279	3.178914E-7
-103.280650	1.192093E-6
-103.260021	7.152557E-7
-103.239392	3.178914E-7
-103.218763	7.152557E-7
-103.198134	7.152557E-7
-103.177506	7.947286E-7
-103.156877	1.668930E-6
-103.136248	1.986821E-6
-103.115619	1.668930E-6
-103.094990	1.748403E-6
-103.074362	1.589457E-6
-103.053733	1.827876E-6
-103.033104	1.986821E-6
-103.012475	2.384186E-6
-102.991846	1.668930E-6
-102.971217	1.192093E-6
-102.950589	1.589457E-6
-102.929960	2.384186E-6
-102.909331	2.145767E-6
-102.888702	1.192093E-6
-102.868073	1.589457E-6
-102.847444	1.589457E-6
-102.826816	1.589457E-6
-102.806187	1.509984E-6
-102.785558	1.509984E-6
-102.764929	1.589457E-6
-102.744300	1.668930E-6
-102.723672	6.357829E-7
-102.703043	1.192093E-6
-102.682414	1.589457E-6
-102.661785	8.742015E-7
-102.641156	9.536743E-7
-102.620527	8.742015E-7
-102.599899	2.384186E-7
-102.579270	1.192093E-6
-102.558641	5.563100E-7
-102.538012	1.271566E-6
-102.517383	1.907349E-6
-102.496755	1.907349E-6
-102.476126	1.033147E-6
-102.455497	9.536743E-7
-102.434868	1.192093E-6
-102.414239	1.668930E-6
-102.393610	4.768372E-7
-102.372982	6.357829E-7
-102.352353	9.536743E-7
-102.331724	1.192093E-6
-102.311095	3.178914E-7
-102.290466	1.589457E-7
-102.269837	7.947286E-7
-102.249209	8.742015E-7
-102.228580	5.563100E-7
-102.207951	6.357829E-7
-102.187322	9.536743E-7
-102.166693	4.768372E-7
-102.146065	2.384186E-7
-102.125436	7.947286E-8
-102.104807	2.384186E-7
-102.084178	7.947286E-8
-102.063549	2.384186E-7
-102.042920	3.973643E-7
-102.022292	-2.384186E-7
-102.001663	2.384186E-7
-101.981034	0.000000
-101.960405	1.033147E-6
-101.939776	1.112620E-6
-101.919148	1.430511E-6
-101.898519	9.536743E-7
-101.877890	-7.947286E-8
-101.857261	3.973643E-7
-101.836632	7.947286E-8
-101.816003	0.000000
-101.795375	3.973643E-7
-101.774746	6.357829E-7
-101.754117	-7.947286E-8
-101.733488	-3.178914E-7
-101.712859	-3.973643E-7
-101.692230	7.947286E-8
-101.671602	4.768372E-7
-101.650973	4.768372E-7
-101.630344	-4.768372E-7
-101.609715	-4.768372E-7
-101.589086	-4.768372E-7
-101.568458	1.589457E-7
-101.547829	1.351039E-6
-101.527200	8.742015E-7
-101.506571	-3.178914E-7
-101.485942	4.768372E-7
-101.465313	5.563100E-7
-101.444685	-4.768372E-7
-101.424056	-1.430511E-6
-101.403427	-2.384186E-7
-101.382798	4.768372E-7
-101.362169	3.178914E-7
-101.341541	7.947286E-7
-101.320912	7.947286E-8
-101.300283	-2.384186E-7
-101.279654	-1.589457E-7
-101.259025	-3.973643E-7
-101.238396	-5.563100E-7
-101.217768	0.000000
-101.197139	3.973643E-7
-101.176510	-2.384186E-7
-101.155881	1.589457E-7
-101.135252	-3.178914E-7
-101.114623	0.000000
-101.093995	3.178914E-7
-101.073366	2.384186E-7
-101.052737	1.589457E-7
-101.032108	5.563100E-7
-101.011479	7.947286E-7
-100.990851	3.178914E-7
-100.970222	0.000000
-100.949593	6.357829E-7
-100.928964	1.589457E-7
-100.908335	3.973643E-7
-100.887706	5.563100E-7
-100.867078	2.384186E-7
-100.846449	2.384186E-7
-100.825820	7.152557E-7
-100.805191	6.357829E-7
-100.784562	1.033147E-6
-100.763934	3.973643E-7
-100.743305	4.768372E-7
-100.722676	5.563100E-7
-100.702047	1.589457E-7
-100.681418	7.947286E-8
-100.660789	3.178914E-7
-100.640161	3.973643E-7
-100.619532	2.384186E-7
-100.598903	-3.973643E-7
-100.578274	-3.973643E-7
-100.557645	4.768372E-7
-100.537016	3.973643E-7
-100.516388	0.000000
-100.495759	4.768372E-7
-100.475130	2.384186E-7
-100.454501	-3.178914E-7
-100.433872	7.947286E-8
-100.413244	-1.589457E-7
-100.392615	-3.178914E-7
-100.371986	-6.357829E-7
-100.351357	-4.768372E-7
-100.330728	-7.947286E-7
-100.310099	-3.973643E-7
-100.289471	7.947286E-8
-100.268842	4.768372E-7
-100.248213	3.973643E-7
-100.227584	2.384186E-7
-100.206955	-3.178914E-7
-100.186327	-4.768372E-7
-100.165698	-3.973643E-7
-100.145069	3.178914E-7
-100.124440	-7.947286E-8
-100.103811	-5.563100E-7
-100.083182	-1.033147E-6
-100.062554	-4.768372E-7
-100.041925	7.947286E-8
-100.021296	0.000000
