-142.000947	-1.668930E-6
-141.980319	-1.430511E-6
-141.959690	-1.271566E-6
-141.939061	-8.742015E-7
-141.918432	-1.589457E-7
-141.897803	3.973643E-7
-141.877174	1.827876E-6
-141.856546	2.702077E-6
-141.835917	4.132589E-6
-141.815288	3.735224E-6
-141.794659	4.450480E-6
-141.774030	5.006790E-6
-141.753401	6.278356E-6
-141.732773	6.993612E-6
-141.712144	6.278356E-6
-141.691515	4.847844E-6
-141.670886	4.768372E-6
-141.650257	4.768372E-6
-141.629629	3.894170E-6
-141.609000	3.417333E-6
-141.588371	2.304713E-6
-141.567742	1.192093E-6
-141.547113	2.384186E-7
-141.526484	1.589457E-7
-141.505856	-7.152557E-7
-141.485227	-2.145767E-6
-141.464598	-2.384186E-6
-141.443969	-3.337860E-6
-141.423340	-4.768372E-6
-141.402712	-5.086263E-6
-141.382083	-5.086263E-6
-141.361454	-4.609426E-6
-141.340825	-4.609426E-6
-141.320196	-3.655752E-6
-141.299567	-3.496806E-6
-141.278939	-3.576279E-6
-141.258310	-3.735224E-6
-141.237681	-3.973643E-6
-141.217052	-3.576279E-6
-141.196423	-4.529953E-6
-141.175794	-5.880992E-6
-141.155166	-5.324682E-6
-141.134537	-4.927317E-6
-141.113908	-5.324682E-6
-141.093279	-5.880992E-6
-141.072650	-5.722046E-6
-141.052022	-5.880992E-6
-141.031393	-6.834666E-6
-141.010764	-7.788340E-6
-140.990135	-7.867813E-6
-140.969506	-7.232030E-6
-140.948877	-8.106232E-6
-140.928249	-7.390976E-6
-140.907620	-6.437302E-6
-140.886991	-4.609426E-6
-140.866362	-3.655752E-6
-140.845733	-2.225240E-6
-140.825105	-5.563100E-7
-140.804476	3.178914E-7
-140.783847	3.019969E-6
-140.763218	4.847844E-6
-140.742589	5.960464E-6
-140.721960	7.629395E-6
-140.701332	9.854635E-6
-140.680703	1.056989E-5
-140.660074	1.136462E-5
-140.639445	1.192093E-5
-140.618816	1.239777E-5
-140.598187	1.255671E-5
-140.577559	1.239777E-5
-140.556930	1.231829E-5
-140.536301	1.184146E-5
-140.515672	1.184146E-5
-140.495043	1.231829E-5
-140.474415	1.096725E-5
-140.453786	9.059906E-6
-140.433157	7.947286E-6
-140.412528	8.185705E-6
-140.391899	7.073085E-6
-140.371270	5.960464E-6
-140.350642	5.801519E-6
-140.330013	6.596247E-6
-140.309384	6.516774E-6
-140.288755	6.596247E-6
-140.268126	6.755193E-6
-140.247498	7.073085E-6
-140.226869	7.073085E-6
-140.206240	7.073085E-6
-140.185611	7.152557E-6
-140.164982	7.311503E-6
-140.144353	7.788340E-6
-140.123725	7.947286E-6
-140.103096	7.867813E-6
-140.082467	6.993612E-6
-140.061838	6.357829E-6
-140.041209	7.232030E-6
-140.020580	6.993612E-6
-139.999952	6.993612E-6
-139.979323	6.516774E-6
-139.958694	6.278356E-6
-139.938065	5.642573E-6
-139.917436	6.039937E-6
-139.896808	6.437302E-6
-139.876179	4.927317E-6
-139.855550	3.973643E-6
-139.834921	3.814697E-6
-139.814292	3.019969E-6
-139.793663	2.463659E-6
-139.773035	7.152557E-7
-139.752406	-9.536743E-7
-139.731777	-2.145767E-6
-139.711148	-3.496806E-6
-139.690519	-5.245209E-6
-139.669891	-6.516774E-6
-139.649262	-5.801519E-6
-139.628633	-7.549922E-6
-139.608004	-8.821487E-6
-139.587375	-9.218852E-6
-139.566746	-9.457270E-6
-139.546118	-1.152356E-5
-139.525489	-1.279513E-5
-139.504860	-1.319249E-5
-139.484231	-1.406670E-5
-139.463602	-1.263618E-5
-139.442973	-1.247724E-5
-139.422345	-1.239777E-5
-139.401716	-1.271566E-5
-139.381087	-1.239777E-5
-139.360458	-1.239777E-5
-139.339829	-1.160304E-5
-139.319201	-1.120567E-5
-139.298572	-1.160304E-5
-139.277943	-1.096725E-5
-139.257314	-1.136462E-5
-139.236685	-1.184146E-5
-139.216056	-1.088778E-5
-139.195428	-1.001358E-5
-139.174799	-1.033147E-5
-139.154170	-1.072884E-5
-139.133541	-9.298325E-6
-139.112912	-9.298325E-6
-139.092284	-8.503596E-6
-139.071655	-6.834666E-6
-139.051026	-6.437302E-6
-139.030397	-5.324682E-6
-139.009768	-4.450480E-6
-138.989139	-3.814697E-6
-138.968511	-3.258387E-6
-138.947882	-1.986821E-6
-138.927253	0.000000
-138.906624	1.509984E-6
-138.885995	2.861023E-6
-138.865366	3.973643E-6
-138.844738	4.291534E-6
-138.824109	4.291534E-6
-138.803480	4.450480E-6
-138.782851	6.119410E-6
-138.762222	6.834666E-6
-138.741594	6.357829E-6
-138.720965	6.437302E-6
-138.700336	6.119410E-6
-138.679707	5.165736E-6
-138.659078	4.053116E-6
-138.638449	4.053116E-6
-138.617821	3.258387E-6
-138.597192	2.543132E-6
-138.576563	2.066294E-6
-138.555934	2.622604E-6
-138.535305	1.827876E-6
-138.514677	1.827876E-6
-138.494048	2.145767E-6
-138.473419	1.430511E-6
-138.452790	1.986821E-6
-138.432161	2.145767E-6
-138.411532	2.145767E-6
-138.390904	1.192093E-6
-138.370275	7.152557E-7
-138.349646	4.768372E-7
-138.329017	1.192093E-6
-138.308388	2.304713E-6
-138.287759	2.225240E-6
-138.267131	2.145767E-6
-138.246502	2.543132E-6
-138.225873	2.702077E-6
-138.205244	3.019969E-6
-138.184615	3.178914E-6
-138.163987	4.212062E-6
-138.143358	5.483627E-6
-138.122729	6.119410E-6
-138.102100	5.563100E-6
-138.081471	5.324682E-6
-138.060842	6.198883E-6
-138.040214	6.675720E-6
-138.019585	6.834666E-6
-137.998956	6.596247E-6
-137.978327	5.880992E-6
-137.957698	5.086263E-6
-137.937070	3.735224E-6
-137.916441	2.304713E-6
-137.895812	1.271566E-6
-137.875183	1.589457E-6
-137.854554	-1.589457E-7
-137.833925	-2.940496E-6
-137.813297	-3.655752E-6
-137.792668	-4.529953E-6
-137.772039	-5.642573E-6
-137.751410	-8.026759E-6
-137.730781	-8.583069E-6
-137.710152	-8.026759E-6
-137.689524	-8.185705E-6
-137.668895	-9.059906E-6
-137.648266	-9.934107E-6
-137.627637	-9.854635E-6
-137.607008	-1.041094E-5
-137.586380	-1.152356E-5
-137.565751	-1.207987E-5
-137.545122	-1.192093E-5
-137.524493	-1.088778E-5
-137.503864	-1.144409E-5
-137.483235	-1.136462E-5
-137.462607	-1.080831E-5
-137.441978	-1.033147E-5
-137.421349	-1.049042E-5
-137.400720	-1.009305E-5
-137.380091	-9.775162E-6
-137.359463	-8.344650E-6
-137.338834	-8.424123E-6
-137.318205	-8.424123E-6
-137.297576	-8.026759E-6
-137.276947	-6.993612E-6
-137.256318	-5.880992E-6
-137.235690	-6.198883E-6
-137.215061	-5.960464E-6
-137.194432	-4.847844E-6
-137.173803	-5.086263E-6
-137.153174	-4.132589E-6
-137.132545	-2.384186E-6
-137.111917	-2.781550E-6
-137.091288	-3.814697E-6
-137.070659	-2.861023E-6
-137.050030	-1.986821E-6
-137.029401	-2.066294E-6
-137.008773	-1.112620E-6
-136.988144	-7.947286E-8
-136.967515	-5.563100E-7
-136.946886	-6.357829E-7
-136.926257	0.000000
-136.905628	-7.947286E-8
-136.885000	-1.589457E-7
-136.864371	3.973643E-7
-136.843742	7.947286E-7
-136.823113	8.742015E-7
-136.802484	1.589457E-7
-136.781856	3.973643E-7
-136.761227	1.033147E-6
-136.740598	2.463659E-6
-136.719969	3.019969E-6
-136.699340	3.417333E-6
-136.678711	3.894170E-6
-136.658083	4.450480E-6
-136.637454	4.609426E-6
-136.616825	6.198883E-6
-136.596196	7.073085E-6
-136.575567	8.106232E-6
-136.554939	8.900960E-6
-136.534310	8.742015E-6
-136.513681	1.017253E-5
-136.493052	1.112620E-5
-136.472423	1.176198E-5
-136.451794	1.120567E-5
-136.431166	1.112620E-5
-136.410537	1.239777E-5
-136.389908	1.287460E-5
-136.369279	1.319249E-5
-136.348650	1.358986E-5
-136.328021	1.374880E-5
-136.307393	1.343091E-5
-136.286764	1.319249E-5
-136.266135	1.279513E-5
-136.245506	1.271566E-5
-136.224877	1.247724E-5
-136.204249	1.176198E-5
-136.183620	1.072884E-5
-136.162991	8.662542E-6
-136.142362	7.708867E-6
-136.121733	5.960464E-6
-136.101104	3.894170E-6
-136.080476	2.781550E-6
-136.059847	1.430511E-6
-136.039218	-1.192093E-6
-136.018589	-3.655752E-6
-135.997960	-6.039937E-6
-135.977332	-7.311503E-6
-135.956703	-8.900960E-6
-135.936074	-1.033147E-5
-135.915445	-1.072884E-5
-135.894816	-1.215935E-5
-135.874187	-1.335144E-5
-135.853559	-1.374880E-5
-135.832930	-1.494090E-5
-135.812301	-1.533826E-5
-135.791672	-1.494090E-5
-135.771043	-1.557668E-5
-135.750414	-1.589457E-5
-135.729786	-1.565615E-5
-135.709157	-1.502037E-5
-135.688528	-1.486142E-5
-135.667899	-1.470248E-5
-135.647270	-1.390775E-5
-135.626642	-1.358986E-5
-135.606013	-1.343091E-5
-135.585384	-1.263618E-5
-135.564755	-1.207987E-5
-135.544126	-1.176198E-5
-135.523497	-1.120567E-5
-135.502869	-1.104673E-5
-135.482240	-1.104673E-5
-135.461611	-9.854635E-6
-135.440982	-9.616216E-6
-135.420353	-9.536743E-6
-135.399725	-8.662542E-6
-135.379096	-8.026759E-6
-135.358467	-7.470449E-6
-135.337838	-7.708867E-6
-135.317209	-6.357829E-6
-135.296580	-5.324682E-6
-135.275952	-5.165736E-6
-135.255323	-3.894170E-6
-135.234694	-3.258387E-6
-135.214065	-2.066294E-6
-135.193436	-1.192093E-6
-135.172807	-8.742015E-7
-135.152179	2.384186E-7
-135.131550	2.384186E-7
-135.110921	7.152557E-7
-135.090292	1.827876E-6
-135.069663	2.543132E-6
-135.049035	2.543132E-6
-135.028406	4.529953E-6
-135.007777	5.165736E-6
-134.987148	4.768372E-6
-134.966519	4.053116E-6
-134.945890	4.132589E-6
-134.925262	4.529953E-6
-134.904633	4.132589E-6
-134.884004	4.768372E-6
-134.863375	4.450480E-6
-134.842746	5.086263E-6
-134.822118	6.278356E-6
-134.801489	6.914139E-6
-134.780860	7.549922E-6
-134.760231	7.629395E-6
-134.739602	7.867813E-6
-134.718973	8.344650E-6
-134.698345	9.139379E-6
-134.677716	1.033147E-5
-134.657087	1.231829E-5
-134.636458	1.398722E-5
-134.615829	1.422564E-5
-134.595200	1.517932E-5
-134.574572	1.629194E-5
-134.553943	1.780192E-5
-134.533314	1.915296E-5
-134.512685	2.034505E-5
-134.492056	2.145767E-5
-134.471428	2.161662E-5
-134.450799	2.257029E-5
-134.430170	2.257029E-5
-134.409541	2.241135E-5
-134.388912	2.106031E-5
-134.368283	1.907349E-5
-134.347655	1.772245E-5
-134.327026	1.660983E-5
-134.306397	1.343091E-5
-134.285768	1.072884E-5
-134.265139	7.470449E-6
-134.244511	5.404154E-6
-134.223882	3.099442E-6
-134.203253	-4.768372E-7
-134.182624	-2.463659E-6
-134.161995	-5.801519E-6
-134.141366	-8.424123E-6
-134.120738	-1.025200E-5
-134.100109	-1.136462E-5
-134.079480	-1.263618E-5
-134.058851	-1.390775E-5
-134.038222	-1.462301E-5
-134.017593	-1.645088E-5
-133.996965	-1.668930E-5
-133.976336	-1.581510E-5
-133.955707	-1.565615E-5
-133.935078	-1.486142E-5
-133.914449	-1.390775E-5
-133.893821	-1.358986E-5
-133.873192	-1.406670E-5
-133.852563	-1.287460E-5
-133.831934	-1.136462E-5
-133.811305	-1.072884E-5
-133.790676	-9.854635E-6
-133.770048	-9.616216E-6
-133.749419	-9.377797E-6
-133.728790	-9.377797E-6
-133.708161	-8.662542E-6
-133.687532	-8.344650E-6
-133.666904	-7.629395E-6
-133.646275	-8.185705E-6
-133.625646	-9.059906E-6
-133.605017	-8.980433E-6
-133.584388	-9.457270E-6
-133.563759	-9.775162E-6
-133.543131	-1.009305E-5
-133.522502	-1.033147E-5
-133.501873	-1.056989E-5
-133.481244	-1.120567E-5
-133.460615	-1.096725E-5
-133.439986	-1.033147E-5
-133.419358	-1.072884E-5
-133.398729	-1.120567E-5
-133.378100	-1.096725E-5
-133.357471	-1.025200E-5
-133.336842	-9.457270E-6
-133.316214	-8.900960E-6
-133.295585	-8.503596E-6
-133.274956	-7.549922E-6
-133.254327	-5.642573E-6
-133.233698	-3.973643E-6
-133.213069	-3.337860E-6
-133.192441	-2.225240E-6
-133.171812	-1.748403E-6
-133.151183	-1.430511E-6
-133.130554	-2.384186E-7
-133.109925	7.152557E-7
-133.089297	1.589457E-6
-133.068668	1.748403E-6
-133.048039	2.702077E-6
-133.027410	3.735224E-6
-133.006781	3.973643E-6
-132.986152	5.324682E-6
-132.965524	6.357829E-6
-132.944895	7.470449E-6
-132.924266	9.059906E-6
-132.903637	9.457270E-6
-132.883008	9.934107E-6
-132.862379	1.064936E-5
-132.841751	1.120567E-5
-132.821122	1.239777E-5
-132.800493	1.343091E-5
-132.779864	1.509984E-5
-132.759235	1.700719E-5
-132.738607	1.788139E-5
-132.717978	1.875559E-5
-132.697349	1.986821E-5
-132.676720	2.042452E-5
-132.656091	2.129873E-5
-132.635462	2.121925E-5
-132.614834	2.106031E-5
-132.594205	1.947085E-5
-132.573576	1.835823E-5
-132.552947	1.653035E-5
-132.532318	1.621246E-5
-132.511690	1.438459E-5
-132.491061	1.200040E-5
-132.470432	8.344650E-6
-132.449803	5.722046E-6
-132.429174	4.371007E-6
-132.408545	2.225240E-6
-132.387917	-5.563100E-7
-132.367288	-2.304713E-6
-132.346659	-4.450480E-6
-132.326030	-6.198883E-6
-132.305401	-7.390976E-6
-132.284772	-8.583069E-6
-132.264144	-8.662542E-6
-132.243515	-9.059906E-6
-132.222886	-9.059906E-6
-132.202257	-9.139379E-6
-132.181628	-8.424123E-6
-132.161000	-7.470449E-6
-132.140371	-7.232030E-6
-132.119742	-7.311503E-6
-132.099113	-7.470449E-6
-132.078484	-6.357829E-6
-132.057855	-6.437302E-6
-132.037227	-7.549922E-6
-132.016598	-7.867813E-6
-131.995969	-8.583069E-6
-131.975340	-9.377797E-6
-131.954711	-1.049042E-5
-131.934083	-1.200040E-5
-131.913454	-1.366933E-5
-131.892825	-1.533826E-5
-131.872196	-1.716614E-5
-131.851567	-1.859665E-5
-131.830938	-2.066294E-5
-131.810310	-2.201398E-5
-131.789681	-2.400080E-5
-131.769052	-2.455711E-5
-131.748423	-2.519290E-5
-131.727794	-2.574921E-5
-131.707165	-2.646446E-5
-131.686537	-2.614657E-5
-131.665908	-2.487501E-5
-131.645279	-2.447764E-5
-131.624650	-2.264977E-5
-131.604021	-1.994769E-5
-131.583393	-1.732508E-5
-131.562764	-1.525879E-5
-131.542135	-1.319249E-5
-131.521506	-1.144409E-5
-131.500877	-8.265177E-6
-131.480248	-6.596247E-6
-131.459620	-5.324682E-6
-131.438991	-4.529953E-6
-131.418362	-2.940496E-6
-131.397733	-1.907349E-6
-131.377104	-3.178914E-7
-131.356476	4.768372E-7
-131.335847	1.589457E-7
-131.315218	2.384186E-7
-131.294589	5.563100E-7
-131.273960	3.973643E-7
-131.253331	2.384186E-7
-131.232703	3.178914E-7
-131.212074	7.152557E-7
-131.191445	1.986821E-6
-131.170816	3.337860E-6
-131.150187	4.450480E-6
-131.129558	4.688899E-6
-131.108930	6.278356E-6
-131.088301	8.424123E-6
-131.067672	1.080831E-5
-131.047043	1.279513E-5
-131.026414	1.398722E-5
-131.005786	1.613299E-5
-130.985157	1.788139E-5
-130.964528	1.978874E-5
-130.943899	2.058347E-5
-130.923270	2.074242E-5
-130.902641	2.058347E-5
-130.882013	1.994769E-5
-130.861384	1.915296E-5
-130.840755	1.827876E-5
-130.820126	1.756350E-5
-130.799497	1.573563E-5
-130.778869	1.374880E-5
-130.758240	1.184146E-5
-130.737611	1.033147E-5
-130.716982	7.708867E-6
-130.696353	6.039937E-6
-130.675724	3.735224E-6
-130.655096	1.509984E-6
-130.634467	0.000000
-130.613838	4.768372E-7
-130.593209	1.589457E-7
-130.572580	-2.384186E-7
-130.551952	8.742015E-7
-130.531323	7.947286E-7
-130.510694	1.668930E-6
-130.490065	2.384186E-6
-130.469436	2.622604E-6
-130.448807	3.019969E-6
-130.428179	4.847844E-6
-130.407550	5.563100E-6
-130.386921	5.245209E-6
-130.366292	5.006790E-6
-130.345663	4.688899E-6
-130.325034	5.006790E-6
-130.304406	4.212062E-6
-130.283777	3.178914E-6
-130.263148	7.152557E-7
-130.242519	-1.986821E-6
-130.221890	-3.655752E-6
-130.201262	-5.245209E-6
-130.180633	-7.311503E-6
-130.160004	-1.041094E-5
-130.139375	-1.343091E-5
-130.118746	-1.597404E-5
-130.098117	-1.867612E-5
-130.077489	-2.169609E-5
-130.056860	-2.368291E-5
-130.036231	-2.463659E-5
-130.015602	-2.702077E-5
-129.994973	-2.932549E-5
-129.974345	-3.043811E-5
-129.953716	-3.051758E-5
-129.933087	-3.131231E-5
-129.912458	-3.139178E-5
-129.891829	-3.012021E-5
-129.871200	-2.845128E-5
-129.850572	-2.678235E-5
-129.829943	-2.352397E-5
-129.809314	-2.082189E-5
-129.788685	-1.748403E-5
-129.768056	-1.382828E-5
-129.747427	-1.080831E-5
-129.726799	-6.914139E-6
-129.706170	-3.417333E-6
-129.685541	-3.973643E-7
-129.664912	2.304713E-6
-129.644283	5.404154E-6
-129.623655	8.344650E-6
-129.603026	9.616216E-6
-129.582397	1.072884E-5
-129.561768	1.176198E-5
-129.541139	1.184146E-5
-129.520510	1.112620E-5
-129.499882	1.192093E-5
-129.479253	1.080831E-5
-129.458624	9.457270E-6
-129.437995	7.470449E-6
-129.417366	6.437302E-6
-129.396738	4.450480E-6
-129.376109	2.304713E-6
-129.355480	2.145767E-6
-129.334851	1.033147E-6
-129.314222	3.178914E-7
-129.293593	-2.384186E-7
-129.272965	-6.357829E-7
-129.252336	0.000000
-129.231707	7.152557E-7
-129.211078	1.192093E-6
-129.190449	2.781550E-6
-129.169820	4.688899E-6
-129.149192	6.516774E-6
-129.128563	8.424123E-6
-129.107934	1.096725E-5
-129.087305	1.358986E-5
-129.066676	1.541773E-5
-129.046048	1.764297E-5
-129.025419	1.923243E-5
-129.004790	2.106031E-5
-128.984161	2.312660E-5
-128.963532	2.495448E-5
-128.942903	2.487501E-5
-128.922275	2.487501E-5
-128.901646	2.487501E-5
-128.881017	2.439817E-5
-128.860388	2.352397E-5
-128.839759	2.312660E-5
-128.819131	2.177556E-5
-128.798502	2.010663E-5
-128.777873	1.804034E-5
-128.757244	1.684825E-5
-128.736615	1.414617E-5
-128.715986	1.160304E-5
-128.695358	8.980433E-6
-128.674729	6.755193E-6
-128.654100	5.165736E-6
-128.633471	3.258387E-6
-128.612842	9.536743E-7
-128.592213	-7.947286E-7
-128.571585	-2.463659E-6
-128.550956	-3.814697E-6
-128.530327	-4.450480E-6
-128.509698	-5.404154E-6
-128.489069	-6.437302E-6
-128.468441	-7.947286E-6
-128.447812	-9.059906E-6
-128.427183	-1.033147E-5
-128.406554	-1.072884E-5
-128.385925	-1.104673E-5
-128.365296	-1.104673E-5
-128.344668	-1.207987E-5
-128.324039	-1.303355E-5
-128.303410	-1.287460E-5
-128.282781	-1.327197E-5
-128.262152	-1.319249E-5
-128.241524	-1.279513E-5
-128.220895	-1.335144E-5
-128.200266	-1.255671E-5
-128.179637	-1.215935E-5
-128.159008	-1.287460E-5
-128.138379	-1.303355E-5
-128.117751	-1.152356E-5
-128.097122	-1.136462E-5
-128.076493	-1.152356E-5
-128.055864	-1.184146E-5
-128.035235	-1.351039E-5
-128.014606	-1.414617E-5
-127.993978	-1.557668E-5
-127.973349	-1.645088E-5
-127.952720	-1.740456E-5
-127.932091	-1.780192E-5
-127.911462	-1.947085E-5
-127.890834	-1.986821E-5
-127.870205	-2.090136E-5
-127.849576	-2.177556E-5
-127.828947	-2.288818E-5
-127.808318	-2.344449E-5
-127.787689	-2.328555E-5
-127.767061	-2.280871E-5
-127.746432	-2.280871E-5
-127.725803	-2.233187E-5
-127.705174	-2.082189E-5
-127.684545	-1.875559E-5
-127.663917	-1.637141E-5
-127.643288	-1.231829E-5
-127.622659	-8.900960E-6
-127.602030	-5.563100E-6
-127.581401	-2.781550E-6
-127.560772	7.152557E-7
-127.540144	4.927317E-6
-127.519515	9.298325E-6
-127.498886	1.271566E-5
-127.478257	1.645088E-5
-127.457628	1.907349E-5
-127.436999	2.129873E-5
-127.416371	2.280871E-5
-127.395742	2.519290E-5
-127.375113	2.598763E-5
-127.354484	2.662341E-5
-127.333855	2.662341E-5
-127.313227	2.654394E-5
-127.292598	2.590815E-5
-127.271969	2.519290E-5
-127.251340	2.471606E-5
-127.230711	2.328555E-5
-127.210082	2.137820E-5
-127.189454	1.819928E-5
-127.168825	1.541773E-5
-127.148196	1.255671E-5
-127.127567	8.821487E-6
-127.106938	4.927317E-6
-127.086310	2.781550E-6
-127.065681	-7.947286E-8
-127.045052	-3.417333E-6
-127.024423	-7.867813E-6
-127.003794	-1.271566E-5
-126.983165	-1.748403E-5
-126.962537	-2.129873E-5
-126.941908	-2.527237E-5
-126.921279	-2.876918E-5
-126.900650	-3.282229E-5
-126.880021	-3.576279E-5
-126.859392	-3.910065E-5
-126.838764	-4.243851E-5
-126.818135	-4.482269E-5
-126.797506	-4.514058E-5
-126.776877	-4.561742E-5
-126.756248	-4.569689E-5
-126.735620	-4.363060E-5
-126.714991	-4.156431E-5
-126.694362	-3.894170E-5
-126.673733	-3.600121E-5
-126.653104	-3.004074E-5
-126.632475	-2.487501E-5
-126.611847	-2.026558E-5
-126.591218	-1.446406E-5
-126.570589	-9.218852E-6
-126.549960	-3.337860E-6
-126.529331	2.781550E-6
-126.508703	9.695689E-6
-126.488074	1.557668E-5
-126.467445	2.113978E-5
-126.446816	2.559026E-5
-126.426187	3.027916E-5
-126.405558	3.504753E-5
-126.384930	3.997485E-5
-126.364301	4.426638E-5
-126.343672	4.800161E-5
-126.323043	4.998843E-5
-126.302414	5.125999E-5
-126.281785	5.197525E-5
-126.261157	5.324682E-5
-126.240528	5.364418E-5
-126.219899	5.316734E-5
-126.199270	5.253156E-5
-126.178641	5.070368E-5
-126.158013	4.831950E-5
-126.137384	4.633268E-5
-126.116755	4.235903E-5
-126.096126	3.814697E-5
-126.075497	3.480911E-5
-126.054868	3.012021E-5
-126.034240	2.495448E-5
-126.013611	2.010663E-5
-125.992982	1.446406E-5
-125.972353	9.934107E-6
-125.951724	6.437302E-6
-125.931096	1.748403E-6
-125.910467	-2.781550E-6
-125.889838	-6.039937E-6
-125.869209	-9.934107E-6
-125.848580	-1.335144E-5
-125.827951	-1.557668E-5
-125.807323	-1.645088E-5
-125.786694	-1.708666E-5
-125.766065	-1.796087E-5
-125.745436	-1.804034E-5
-125.724807	-1.740456E-5
-125.704178	-1.613299E-5
-125.683550	-1.533826E-5
-125.662921	-1.470248E-5
-125.642292	-1.319249E-5
-125.621663	-1.112620E-5
-125.601034	-1.001358E-5
-125.580406	-8.742015E-6
-125.559777	-6.993612E-6
-125.539148	-4.688899E-6
-125.518519	-4.609426E-6
-125.497890	-5.165736E-6
-125.477261	-5.324682E-6
-125.456633	-5.245209E-6
-125.436004	-4.847844E-6
-125.415375	-4.927317E-6
-125.394746	-4.768372E-6
-125.374117	-5.006790E-6
-125.353489	-5.006790E-6
-125.332860	-4.291534E-6
-125.312231	-4.927317E-6
-125.291602	-4.609426E-6
-125.270973	-4.212062E-6
-125.250344	-4.053116E-6
-125.229716	-2.622604E-6
-125.209087	-1.509984E-6
-125.188458	-1.033147E-6
-125.167829	-5.563100E-7
-125.147200	1.351039E-6
-125.126571	2.543132E-6
-125.105943	3.417333E-6
-125.085314	3.894170E-6
-125.064685	4.132589E-6
-125.044056	4.688899E-6
-125.023427	5.006790E-6
-125.002799	4.847844E-6
-124.982170	3.973643E-6
-124.961541	2.145767E-6
-124.940912	-7.947286E-7
-124.920283	-2.940496E-6
-124.899654	-5.722046E-6
-124.879026	-8.265177E-6
-124.858397	-1.049042E-5
-124.837768	-1.358986E-5
-124.817139	-1.716614E-5
-124.796510	-2.010663E-5
-124.775882	-2.145767E-5
-124.755253	-2.249082E-5
-124.734624	-2.384186E-5
-124.713995	-2.503395E-5
-124.693366	-2.559026E-5
-124.672737	-2.495448E-5
-124.652109	-2.463659E-5
-124.631480	-2.288818E-5
-124.610851	-2.106031E-5
-124.590222	-1.915296E-5
-124.569593	-1.629194E-5
-124.548964	-1.279513E-5
-124.528336	-1.001358E-5
-124.507707	-7.152557E-6
-124.487078	-3.576279E-6
-124.466449	-7.152557E-7
-124.445820	2.543132E-6
-124.425192	5.006790E-6
-124.404563	6.993612E-6
-124.383934	9.059906E-6
-124.363305	1.168251E-5
-124.342676	1.351039E-5
-124.322047	1.422564E-5
-124.301419	1.406670E-5
-124.280790	1.295408E-5
-124.260161	1.295408E-5
-124.239532	1.192093E-5
-124.218903	9.616216E-6
-124.198275	7.947286E-6
-124.177646	6.437302E-6
-124.157017	3.576279E-6
-124.136388	7.152557E-7
-124.115759	-1.351039E-6
-124.095130	-3.576279E-6
-124.074502	-5.960464E-6
-124.053873	-7.549922E-6
-124.033244	-8.980433E-6
-124.012615	-9.695689E-6
-123.991986	-1.041094E-5
-123.971358	-9.854635E-6
-123.950729	-9.377797E-6
-123.930100	-1.009305E-5
-123.909471	-1.017253E-5
-123.888842	-6.993612E-6
-123.868213	-4.212062E-6
-123.847585	-1.748403E-6
-123.826956	1.033147E-6
-123.806327	2.225240E-6
-123.785698	4.847844E-6
-123.765069	7.470449E-6
-123.744440	8.662542E-6
-123.723812	9.695689E-6
-123.703183	1.096725E-5
-123.682554	1.271566E-5
-123.661925	1.327197E-5
-123.641296	1.351039E-5
-123.620668	1.398722E-5
-123.600039	1.311302E-5
-123.579410	1.192093E-5
-123.558781	1.009305E-5
-123.538152	9.218852E-6
-123.517523	8.821487E-6
-123.496895	7.470449E-6
-123.476266	5.960464E-6
-123.455637	4.847844E-6
-123.435008	3.814697E-6
-123.414379	2.463659E-6
-123.393751	1.192093E-6
-123.373122	1.112620E-6
-123.352493	8.742015E-7
-123.331864	6.357829E-7
-123.311235	8.742015E-7
-123.290606	1.271566E-6
-123.269978	1.907349E-6
-123.249349	1.986821E-6
-123.228720	1.986821E-6
-123.208091	2.066294E-6
-123.187462	2.463659E-6
-123.166833	2.543132E-6
-123.146205	2.384186E-6
-123.125576	1.589457E-6
-123.104947	1.271566E-6
-123.084318	1.351039E-6
-123.063689	7.947286E-8
-123.043061	-7.152557E-7
-123.022432	-1.589457E-6
-123.001803	-2.940496E-6
-122.981174	-4.132589E-6
-122.960545	-5.722046E-6
-122.939916	-6.596247E-6
-122.919288	-7.867813E-6
-122.898659	-8.821487E-6
-122.878030	-9.139379E-6
-122.857401	-8.821487E-6
-122.836772	-8.742015E-6
-122.816144	-8.424123E-6
-122.795515	-7.629395E-6
-122.774886	-7.708867E-6
-122.754257	-7.390976E-6
-122.733628	-5.880992E-6
-122.712999	-3.814697E-6
-122.692371	-1.668930E-6
-122.671742	-3.178914E-7
-122.651113	2.781550E-6
-122.630484	4.847844E-6
-122.609855	6.119410E-6
-122.589226	6.993612E-6
-122.568598	6.198883E-6
-122.547969	6.675720E-6
-122.527340	6.039937E-6
-122.506711	5.722046E-6
-122.486082	5.245209E-6
-122.465454	1.986821E-6
-122.444825	-5.563100E-7
-122.424196	-3.099442E-6
-122.403567	-5.404154E-6
-122.382938	-8.265177E-6
-122.362309	-1.184146E-5
-122.341681	-1.502037E-5
-122.321052	-1.740456E-5
-122.300423	-1.962980E-5
-122.279794	-2.169609E-5
-122.259165	-2.209345E-5
-122.238537	-2.257029E-5
-122.217908	-2.106031E-5
-122.197279	-2.034505E-5
-122.176650	-1.970927E-5
-122.156021	-1.811981E-5
-122.135392	-1.660983E-5
-122.114764	-1.470248E-5
-122.094135	-1.255671E-5
-122.073506	-1.064936E-5
-122.052877	-7.867813E-6
-122.032248	-6.039937E-6
-122.011619	-3.814697E-6
-121.990991	-2.304713E-6
-121.970362	4.768372E-7
-121.949733	1.668930E-6
-121.929104	2.940496E-6
-121.908475	3.735224E-6
-121.887847	4.768372E-6
-121.867218	5.483627E-6
-121.846589	4.688899E-6
-121.825960	2.861023E-6
-121.805331	1.748403E-6
-121.784702	5.563100E-7
-121.764074	-3.178914E-7
-121.743445	-1.509984E-6
-121.722816	-3.258387E-6
-121.702187	-3.178914E-6
-121.681558	-4.450480E-6
-121.660930	-5.801519E-6
-121.640301	-6.119410E-6
-121.619672	-6.198883E-6
-121.599043	-5.960464E-6
-121.578414	-5.245209E-6
-121.557785	-4.847844E-6
-121.537157	-3.814697E-6
-121.516528	-2.543132E-6
-121.495899	-1.351039E-6
-121.475270	4.768372E-7
-121.454641	2.463659E-6
-121.434012	3.655752E-6
-121.413384	5.006790E-6
-121.392755	7.232030E-6
-121.372126	9.377797E-6
-121.351497	1.104673E-5
-121.330868	1.192093E-5
-121.310240	1.200040E-5
-121.289611	1.271566E-5
-121.268982	1.382828E-5
-121.248353	1.303355E-5
-121.227724	1.128515E-5
-121.207095	1.033147E-5
-121.186467	9.934107E-6
-121.165838	8.503596E-6
-121.145209	7.073085E-6
-121.124580	5.086263E-6
-121.103951	2.702077E-6
-121.083323	7.947286E-8
-121.062694	-2.463659E-6
-121.042065	-4.847844E-6
-121.021436	-7.867813E-6
-121.000807	-9.616216E-6
-120.980178	-1.025200E-5
-120.959550	-1.152356E-5
-120.938921	-1.335144E-5
-120.918292	-1.549721E-5
-120.897663	-1.668930E-5
-120.877034	-1.613299E-5
-120.856405	-1.502037E-5
-120.835777	-1.517932E-5
-120.815148	-1.462301E-5
-120.794519	-1.366933E-5
-120.773890	-1.192093E-5
-120.753261	-1.072884E-5
-120.732633	-9.695689E-6
-120.712004	-6.993612E-6
-120.691375	-4.529953E-6
-120.670746	-3.019969E-6
-120.650117	-5.563100E-7
-120.629488	1.192093E-6
-120.608860	2.304713E-6
-120.588231	4.688899E-6
-120.567602	6.675720E-6
-120.546973	7.947286E-6
-120.526344	8.026759E-6
-120.505716	8.344650E-6
-120.485087	9.775162E-6
-120.464458	1.025200E-5
-120.443829	1.064936E-5
-120.423200	1.064936E-5
-120.402571	9.934107E-6
-120.381943	9.695689E-6
-120.361314	7.947286E-6
-120.340685	5.642573E-6
-120.320056	3.655752E-6
-120.299427	2.145767E-6
-120.278798	7.947286E-8
-120.258170	-2.304713E-6
-120.237541	-4.053116E-6
-120.216912	-5.483627E-6
-120.196283	-7.947286E-6
-120.175654	-1.041094E-5
-120.155026	-1.279513E-5
-120.134397	-1.358986E-5
-120.113768	-1.438459E-5
-120.093139	-1.565615E-5
-120.072510	-1.613299E-5
-120.051881	-1.676877E-5
-120.031253	-1.684825E-5
-120.010624	-1.692772E-5
-119.989995	-1.692772E-5
-119.969366	-1.541773E-5
-119.948737	-1.335144E-5
-119.928109	-1.160304E-5
-119.907480	-9.059906E-6
-119.886851	-6.198883E-6
-119.866222	-3.417333E-6
-119.845593	-7.947286E-8
-119.824964	4.291534E-6
-119.804336	8.424123E-6
-119.783707	1.168251E-5
-119.763078	1.358986E-5
-119.742449	1.684825E-5
-119.721820	2.121925E-5
-119.701191	2.423922E-5
-119.680563	2.686183E-5
-119.659934	2.876918E-5
-119.639305	3.019969E-5
-119.618676	3.019969E-5
-119.598047	2.980232E-5
-119.577419	2.980232E-5
-119.556790	2.892812E-5
-119.536161	2.717972E-5
-119.515532	2.543132E-5
-119.494903	2.241135E-5
-119.474274	1.811981E-5
-119.453646	1.502037E-5
-119.433017	1.160304E-5
-119.412388	8.185705E-6
-119.391759	4.609426E-6
-119.371130	1.271566E-6
-119.350502	-2.145767E-6
-119.329873	-5.006790E-6
-119.309244	-6.834666E-6
-119.288615	-9.536743E-6
-119.267986	-1.064936E-5
-119.247357	-1.096725E-5
-119.226729	-1.072884E-5
-119.206100	-9.536743E-6
-119.185471	-7.549922E-6
-119.164842	-5.006790E-6
-119.144213	-2.463659E-6
-119.123584	9.536743E-7
-119.102956	5.483627E-6
-119.082327	9.854635E-6
-119.061698	1.414617E-5
-119.041069	1.827876E-5
-119.020440	2.193451E-5
-118.999812	2.559026E-5
-118.979183	2.932549E-5
-118.958554	3.266335E-5
-118.937925	3.496806E-5
-118.917296	3.608068E-5
-118.896667	3.687541E-5
-118.876039	3.719330E-5
-118.855410	3.631910E-5
-118.834781	3.441175E-5
-118.814152	3.147125E-5
-118.793523	2.733866E-5
-118.772895	2.241135E-5
-118.752266	1.621246E-5
-118.731637	9.934107E-6
-118.711008	3.894170E-6
-118.690379	-3.178914E-6
-118.669750	-9.775162E-6
-118.649122	-1.692772E-5
-118.628493	-2.431870E-5
-118.607864	-3.155073E-5
-118.587235	-3.941854E-5
-118.566606	-4.545848E-5
-118.545977	-5.141894E-5
-118.525349	-5.729993E-5
-118.504720	-6.318092E-5
-118.484091	-6.604195E-5
-118.463462	-6.858508E-5
-118.442833	-7.073085E-5
-118.422205	-7.144610E-5
-118.401576	-6.985664E-5
-118.380947	-6.715457E-5
-118.360318	-6.524722E-5
-118.339689	-6.214778E-5
-118.319060	-5.761782E-5
-118.298432	-5.094210E-5
-118.277803	-4.410744E-5
-118.257174	-3.655752E-5
-118.236545	-2.948443E-5
-118.215916	-2.336502E-5
-118.195288	-1.668930E-5
-118.174659	-9.536743E-6
-118.154030	-3.576279E-6
-118.133401	3.735224E-6
-118.112772	8.106232E-6
-118.092143	1.311302E-5
-118.071515	1.756350E-5
-118.050886	2.050400E-5
-118.030257	2.368291E-5
-118.009628	2.376239E-5
-117.988999	2.423922E-5
-117.968370	2.408028E-5
-117.947742	2.264977E-5
-117.927113	2.018611E-5
-117.906484	1.780192E-5
-117.885855	1.430511E-5
-117.865226	9.854635E-6
-117.844598	4.688899E-6
-117.823969	-6.357829E-7
-117.803340	-5.086263E-6
-117.782711	-8.583069E-6
-117.762082	-1.382828E-5
-117.741453	-1.931190E-5
-117.720825	-2.439817E-5
-117.700196	-2.861023E-5
-117.679567	-3.337860E-5
-117.658938	-3.806750E-5
-117.638309	-4.188220E-5
-117.617681	-4.593531E-5
-117.597052	-4.990896E-5
-117.576423	-5.269051E-5
-117.555794	-5.578995E-5
-117.535165	-5.833308E-5
-117.514536	-6.024043E-5
-117.493908	-6.167094E-5
-117.473279	-6.302198E-5
-117.452650	-6.341934E-5
-117.432021	-6.278356E-5
-117.411392	-6.206830E-5
-117.390764	-6.167094E-5
-117.370135	-6.031990E-5
-117.349506	-5.817413E-5
-117.328877	-5.420049E-5
-117.308248	-4.919370E-5
-117.287619	-4.458427E-5
-117.266991	-3.925959E-5
-117.246362	-3.258387E-5
-117.225733	-2.511342E-5
-117.205104	-1.676877E-5
-117.184475	-7.947286E-6
-117.163846	4.768372E-7
-117.143218	9.298325E-6
-117.122589	1.788139E-5
-117.101960	2.717972E-5
-117.081331	3.727277E-5
-117.060702	4.744530E-5
-117.040074	5.610784E-5
-117.019445	6.492933E-5
-116.998816	7.375081E-5
-116.978187	8.161863E-5
-116.957558	8.853277E-5
-116.936929	9.528796E-5
-116.916301	0.000101
-116.895672	0.000106
-116.875043	0.000109
-116.854414	0.000111
-116.833785	0.000112
-116.813157	0.000111
-116.792528	0.000110
-116.771899	0.000108
-116.751270	0.000105
-116.730641	0.000101
-116.710012	9.457270E-5
-116.689384	8.757909E-5
-116.668755	8.153915E-5
-116.648126	7.502238E-5
-116.627497	6.850561E-5
-116.606868	6.135305E-5
-116.586239	5.396207E-5
-116.565611	4.760424E-5
-116.544982	4.243851E-5
-116.524353	3.663699E-5
-116.503724	3.115336E-5
-116.483095	2.710025E-5
-116.462467	2.431870E-5
-116.441838	2.177556E-5
-116.421209	1.899401E-5
-116.400580	1.732508E-5
-116.379951	1.565615E-5
-116.359322	1.478195E-5
-116.338694	1.446406E-5
-116.318065	1.462301E-5
-116.297436	1.462301E-5
-116.276807	1.478195E-5
-116.256178	1.358986E-5
-116.235550	1.200040E-5
-116.214921	1.112620E-5
-116.194292	8.742015E-6
-116.173663	5.563100E-6
-116.153034	1.986821E-6
-116.132405	-2.463659E-6
-116.111777	-7.470449E-6
-116.091148	-1.295408E-5
-116.070519	-1.811981E-5
-116.049890	-2.447764E-5
-116.029261	-3.282229E-5
-116.008632	-4.021327E-5
-115.988004	-4.887581E-5
-115.967375	-5.841255E-5
-115.946746	-6.699562E-5
-115.926117	-7.486343E-5
-115.905488	-8.304914E-5
-115.884860	-9.107590E-5
-115.864231	-9.719531E-5
-115.843602	-0.000104
-115.822973	-0.000109
-115.802344	-0.000114
-115.781715	-0.000118
-115.761087	-0.000121
-115.740458	-0.000123
-115.719829	-0.000124
-115.699200	-0.000123
-115.678571	-0.000119
-115.657943	-0.000114
-115.637314	-0.000108
-115.616685	-9.934107E-5
-115.596056	-8.948644E-5
-115.575427	-7.931391E-5
-115.554798	-6.771088E-5
-115.534170	-5.467733E-5
-115.513541	-4.029274E-5
-115.492912	-2.566973E-5
-115.472283	-1.144409E-5
-115.451654	4.609426E-6
-115.431025	1.970927E-5
-115.410397	3.377597E-5
-115.389768	4.577637E-5
-115.369139	5.729993E-5
-115.348510	6.842613E-5
-115.327881	7.732709E-5
-115.307253	8.376439E-5
-115.286624	8.837382E-5
-115.265995	9.091695E-5
-115.245366	9.083748E-5
-115.224737	9.012222E-5
-115.204108	8.614858E-5
-115.183480	8.018812E-5
-115.162851	7.263819E-5
-115.142222	6.437302E-5
-115.121593	5.515416E-5
-115.100964	4.498164E-5
-115.080336	3.520648E-5
-115.059707	2.495448E-5
-115.039078	1.613299E-5
-115.018449	7.947286E-6
-114.997820	1.271566E-6
-114.977191	-3.655752E-6
-114.956563	-6.755193E-6
-114.935934	-7.470449E-6
-114.915305	-5.165736E-6
-114.894676	-1.351039E-6
-114.874047	4.212062E-6
-114.853418	1.176198E-5
-114.832790	2.066294E-5
-114.812161	3.202756E-5
-114.791532	4.410744E-5
-114.770903	5.666415E-5
-114.750274	7.009506E-5
-114.729646	8.304914E-5
-114.709017	9.473165E-5
-114.688388	0.000106
-114.667759	0.000115
-114.647130	0.000123
-114.626501	0.000128
-114.605873	0.000129
-114.585244	0.000128
-114.564615	0.000126
-114.543986	0.000119
-114.523357	0.000110
-114.502729	9.942055E-5
-114.482100	8.670489E-5
-114.461471	7.343292E-5
-114.440842	5.578995E-5
-114.420213	3.608068E-5
-114.399584	1.692772E-5
-114.378956	-3.337860E-6
-114.358327	-2.431870E-5
-114.337698	-4.339218E-5
-114.317069	-6.254514E-5
-114.296440	-8.145968E-5
-114.275811	-9.910266E-5
-114.255183	-0.000114
-114.234554	-0.000127
-114.213925	-0.000136
-114.193296	-0.000144
-114.172667	-0.000151
-114.152039	-0.000155
-114.131410	-0.000157
-114.110781	-0.000157
-114.090152	-0.000154
-114.069523	-0.000149
-114.048894	-0.000143
-114.028266	-0.000136
-114.007637	-0.000127
-113.987008	-0.000117
-113.966379	-0.000109
-113.945750	-9.838740E-5
-113.925122	-8.797646E-5
-113.904493	-7.685026E-5
-113.883864	-6.635984E-5
-113.863235	-5.777677E-5
-113.842606	-5.054474E-5
-113.821977	-4.164378E-5
-113.801349	-3.290176E-5
-113.780720	-2.749761E-5
-113.760091	-2.137820E-5
-113.739462	-1.613299E-5
-113.718833	-1.215935E-5
-113.698204	-9.218852E-6
-113.677576	-5.722046E-6
-113.656947	-4.688899E-6
-113.636318	-4.291534E-6
-113.615689	-3.814697E-6
-113.595060	-3.735224E-6
-113.574432	-4.688899E-6
-113.553803	-6.914139E-6
-113.533174	-8.742015E-6
-113.512545	-1.056989E-5
-113.491916	-1.263618E-5
-113.471287	-1.470248E-5
-113.450659	-1.637141E-5
-113.430030	-1.740456E-5
-113.409401	-1.676877E-5
-113.388772	-1.549721E-5
-113.368143	-1.351039E-5
-113.347515	-1.072884E-5
-113.326886	-5.642573E-6
-113.306257	5.563100E-7
-113.285628	8.900960E-6
-113.264999	1.867612E-5
-113.244370	2.948443E-5
-113.223742	4.522006E-5
-113.203113	6.031990E-5
-113.182484	7.573764E-5
-113.161855	9.282430E-5
-113.141226	0.000110
-113.120597	0.000126
-113.099969	0.000141
-113.079340	0.000158
-113.058711	0.000173
-113.038082	0.000185
-113.017453	0.000196
-112.996825	0.000204
-112.976196	0.000210
-112.955567	0.000213
-112.934938	0.000213
-112.914309	0.000211
-112.893680	0.000205
-112.873052	0.000196
-112.852423	0.000184
-112.831794	0.000170
-112.811165	0.000155
-112.790536	0.000137
-112.769908	0.000119
-112.749279	9.910266E-5
-112.728650	7.843971E-5
-112.708021	5.809466E-5
-112.687392	3.774961E-5
-112.666763	1.907349E-5
-112.646135	2.304713E-6
-112.625506	-1.454353E-5
-112.604877	-2.900759E-5
-112.584248	-4.220009E-5
-112.563619	-5.316734E-5
-112.542990	-6.262461E-5
-112.522362	-7.160505E-5
-112.501733	-7.820129E-5
-112.481104	-8.352598E-5
-112.460475	-8.877118E-5
-112.439846	-9.393692E-5
-112.419218	-9.703636E-5
-112.398589	-9.942055E-5
-112.377960	-0.000101
-112.357331	-0.000102
-112.336702	-0.000104
-112.316073	-0.000105
-112.295445	-0.000105
-112.274816	-0.000105
-112.254187	-0.000107
-112.233558	-0.000108
-112.212929	-0.000107
-112.192301	-0.000107
-112.171672	-0.000107
-112.151043	-0.000107
-112.130414	-0.000105
-112.109785	-0.000104
-112.089156	-0.000104
-112.068528	-0.000104
-112.047899	-0.000105
-112.027270	-0.000105
-112.006641	-0.000106
-111.986012	-0.000108
-111.965383	-0.000109
-111.944755	-0.000110
-111.924126	-0.000113
-111.903497	-0.000116
-111.882868	-0.000118
-111.862239	-0.000122
-111.841611	-0.000126
-111.820982	-0.000130
-111.800353	-0.000133
-111.779724	-0.000136
-111.759095	-0.000138
-111.738466	-0.000138
-111.717838	-0.000138
-111.697209	-0.000136
-111.676580	-0.000130
-111.655951	-0.000121
-111.635322	-0.000111
-111.614694	-0.000100
-111.594065	-8.551280E-5
-111.573436	-6.731351E-5
-111.552807	-4.736582E-5
-111.532178	-2.535184E-5
-111.511549	-8.742015E-7
-111.490921	2.551079E-5
-111.470292	5.141894E-5
-111.449663	7.748604E-5
-111.429034	0.000105
-111.408405	0.000132
-111.387776	0.000158
-111.367148	0.000181
-111.346519	0.000203
-111.325890	0.000224
-111.305261	0.000240
-111.284632	0.000254
-111.264004	0.000264
-111.243375	0.000270
-111.222746	0.000271
-111.202117	0.000268
-111.181488	0.000261
-111.160859	0.000249
-111.140231	0.000236
-111.119602	0.000222
-111.098973	0.000205
-111.078344	0.000186
-111.057715	0.000166
-111.037087	0.000146
-111.016458	0.000125
-110.995829	0.000106
-110.975200	8.559227E-5
-110.954571	6.834666E-5
-110.933942	5.372365E-5
-110.913314	4.243851E-5
-110.892685	3.377597E-5
-110.872056	2.662341E-5
-110.851427	2.264977E-5
-110.830798	1.827876E-5
-110.810170	1.549721E-5
-110.789541	1.517932E-5
-110.768912	1.605352E-5
-110.748283	1.796087E-5
-110.727654	1.970927E-5
-110.707025	2.241135E-5
-110.686397	2.384186E-5
-110.665768	2.463659E-5
-110.645139	2.527237E-5
-110.624510	2.463659E-5
-110.603881	2.272924E-5
-110.583252	1.859665E-5
-110.562624	1.406670E-5
-110.541995	6.834666E-6
-110.521366	-1.271566E-6
-110.500737	-1.152356E-5
-110.480108	-2.264977E-5
-110.459480	-3.560384E-5
-110.438851	-4.975001E-5
-110.418222	-6.548564E-5
-110.397593	-8.225441E-5
-110.376964	-9.981791E-5
-110.356335	-0.000121
-110.335707	-0.000142
-110.315078	-0.000165
-110.294449	-0.000188
-110.273820	-0.000212
-110.253191	-0.000233
-110.232563	-0.000254
-110.211934	-0.000277
-110.191305	-0.000295
-110.170676	-0.000309
-110.150047	-0.000319
-110.129418	-0.000325
-110.108790	-0.000327
-110.088161	-0.000325
-110.067532	-0.000318
-110.046903	-0.000305
-110.026274	-0.000285
-110.005645	-0.000261
-109.985017	-0.000235
-109.964388	-0.000203
-109.943759	-0.000168
-109.923130	-0.000132
-109.902501	-9.687742E-5
-109.881873	-6.039937E-5
-109.861244	-2.177556E-5
-109.840615	1.589457E-5
-109.819986	5.141894E-5
-109.799357	8.225441E-5
-109.778728	0.000109
-109.758100	0.000130
-109.737471	0.000146
-109.716842	0.000156
-109.696213	0.000162
-109.675584	0.000163
-109.654956	0.000161
-109.634327	0.000156
-109.613698	0.000150
-109.593069	0.000141
-109.572440	0.000133
-109.551811	0.000124
-109.531183	0.000117
-109.510554	0.000111
-109.489925	0.000110
-109.469296	0.000112
-109.448667	0.000119
-109.428038	0.000130
-109.407410	0.000146
-109.386781	0.000167
-109.366152	0.000195
-109.345523	0.000223
-109.324894	0.000254
-109.304266	0.000293
-109.283637	0.000331
-109.263008	0.000367
-109.242379	0.000400
-109.221750	0.000433
-109.201121	0.000462
-109.180493	0.000483
-109.159864	0.000498
-109.139235	0.000506
-109.118606	0.000504
-109.097977	0.000491
-109.077349	0.000470
-109.056720	0.000441
-109.036091	0.000403
-109.015462	0.000358
-108.994833	0.000308
-108.974204	0.000253
-108.953576	0.000195
-108.932947	0.000137
-108.912318	7.994970E-5
-108.891689	2.519290E-5
-108.871060	-2.551079E-5
-108.850431	-7.295609E-5
-108.829803	-0.000112
-108.809174	-0.000145
-108.788545	-0.000170
-108.767916	-0.000186
-108.747287	-0.000193
-108.726659	-0.000193
-108.706030	-0.000187
-108.685401	-0.000177
-108.664772	-0.000164
-108.644143	-0.000150
-108.623514	-0.000133
-108.602886	-0.000115
-108.582257	-9.814898E-5
-108.561628	-8.304914E-5
-108.540999	-7.247925E-5
-108.520370	-6.604195E-5
-108.499742	-6.405512E-5
-108.479113	-6.643931E-5
-108.458484	-7.454554E-5
-108.437855	-8.829435E-5
-108.417226	-0.000108
-108.396597	-0.000134
-108.375969	-0.000166
-108.355340	-0.000203
-108.334711	-0.000243
-108.314082	-0.000287
-108.293453	-0.000337
-108.272824	-0.000389
-108.252196	-0.000443
-108.231567	-0.000498
-108.210938	-0.000553
-108.190309	-0.000606
-108.169680	-0.000653
-108.149052	-0.000697
-108.128423	-0.000729
-108.107794	-0.000755
-108.087165	-0.000774
-108.066536	-0.000779
-108.045907	-0.000771
-108.025279	-0.000750
-108.004650	-0.000710
-107.984021	-0.000654
-107.963392	-0.000582
-107.942763	-0.000503
-107.922135	-0.000418
-107.901506	-0.000322
-107.880877	-0.000211
-107.860248	-9.226799E-5
-107.839619	1.621246E-5
-107.818990	0.000127
-107.798362	0.000223
-107.777733	0.000310
-107.757104	0.000390
-107.736475	0.000456
-107.715846	0.000507
-107.695217	0.000543
-107.674589	0.000560
-107.653960	0.000559
-107.633331	0.000540
-107.612702	0.000508
-107.592073	0.000467
-107.571445	0.000414
-107.550816	0.000353
-107.530187	0.000287
-107.509558	0.000218
-107.488929	0.000151
-107.468300	8.360545E-5
-107.447672	1.819928E-5
-107.427043	-4.601479E-5
-107.406414	-0.000106
-107.385785	-0.000164
-107.365156	-0.000220
-107.344528	-0.000274
-107.323899	-0.000327
-107.303270	-0.000383
-107.282641	-0.000443
-107.262012	-0.000506
-107.241383	-0.000573
-107.220755	-0.000640
-107.200126	-0.000709
-107.179497	-0.000774
-107.158868	-0.000837
-107.138239	-0.000910
-107.117610	-0.000977
-107.096982	-0.001035
-107.076353	-0.001089
-107.055724	-0.001124
-107.035095	-0.001148
-107.014466	-0.001155
-106.993838	-0.001137
-106.973209	-0.001096
-106.952580	-0.001033
-106.931951	-0.000938
-106.911322	-0.000817
-106.890693	-0.000677
-106.870065	-0.000524
-106.849436	-0.000354
-106.828807	-0.000165
-106.808178	3.544490E-5
-106.787549	0.000240
-106.766921	0.000454
-106.746292	0.000662
-106.725663	0.000859
-106.705034	0.001043
-106.684405	0.001208
-106.663776	0.001357
-106.643148	0.001496
-106.622519	0.001609
-106.601890	0.001691
-106.581261	0.001746
-106.560632	0.001779
-106.540003	0.001786
-106.519375	0.001768
-106.498746	0.001722
-106.478117	0.001656
-106.457488	0.001579
-106.436859	0.001494
-106.416231	0.001407
-106.395602	0.001305
-106.374973	0.001184
-106.354344	0.001068
-106.333715	0.000934
-106.313086	0.000809
-106.292458	0.000689
-106.271829	0.000573
-106.251200	0.000463
-106.230571	0.000355
-106.209942	0.000250
-106.189314	0.000155
-106.168685	7.263819E-5
-106.148056	7.152557E-7
-106.127427	-6.516774E-5
-106.106798	-0.000120
-106.086169	-0.000169
-106.065541	-0.000212
-106.044912	-0.000249
-106.024283	-0.000278
-106.003654	-0.000303
-105.983025	-0.000322
-105.962396	-0.000334
-105.941768	-0.000344
-105.921139	-0.000350
-105.900510	-0.000354
-105.879881	-0.000353
-105.859252	-0.000348
-105.838624	-0.000345
-105.817995	-0.000339
-105.797366	-0.000330
-105.776737	-0.000320
-105.756108	-0.000309
-105.735479	-0.000298
-105.714851	-0.000286
-105.694222	-0.000277
-105.673593	-0.000267
-105.652964	-0.000256
-105.632335	-0.000247
-105.611707	-0.000237
-105.591078	-0.000225
-105.570449	-0.000214
-105.549820	-0.000206
-105.529191	-0.000197
-105.508562	-0.000185
-105.487934	-0.000175
-105.467305	-0.000167
-105.446676	-0.000159
-105.426047	-0.000151
-105.405418	-0.000144
-105.384789	-0.000137
-105.364161	-0.000130
-105.343532	-0.000123
-105.322903	-0.000117
-105.302274	-0.000111
-105.281645	-0.000106
-105.261017	-0.000103
-105.240388	-9.910266E-5
-105.219759	-9.520849E-5
-105.199130	-9.115537E-5
-105.178501	-8.670489E-5
-105.157872	-8.249283E-5
-105.137244	-7.836024E-5
-105.116615	-7.518133E-5
-105.095986	-7.176399E-5
-105.075357	-6.945928E-5
-105.054728	-6.691615E-5
-105.034100	-6.477038E-5
-105.013471	-6.190936E-5
-104.992842	-5.912781E-5
-104.972213	-5.769730E-5
-104.951584	-5.586942E-5
-104.930955	-5.435944E-5
-104.910327	-5.261103E-5
-104.889698	-5.022685E-5
-104.869069	-4.816055E-5
-104.848440	-4.649162E-5
-104.827811	-4.514058E-5
-104.807182	-4.394849E-5
-104.786554	-4.323324E-5
-104.765925	-4.045169E-5
-104.745296	-3.814697E-5
-104.724667	-3.703435E-5
-104.704038	-3.576279E-5
-104.683410	-3.472964E-5
-104.662781	-3.345807E-5
-104.642152	-3.242493E-5
-104.621523	-3.131231E-5
-104.600894	-2.876918E-5
-104.580265	-2.813339E-5
-104.559637	-2.694130E-5
-104.539008	-2.511342E-5
-104.518379	-2.384186E-5
-104.497750	-2.264977E-5
-104.477121	-2.233187E-5
-104.456493	-2.161662E-5
-104.435864	-1.994769E-5
-104.415235	-1.867612E-5
-104.394606	-1.835823E-5
-104.373977	-1.764297E-5
-104.353348	-1.621246E-5
-104.332720	-1.478195E-5
-104.312091	-1.462301E-5
-104.291462	-1.366933E-5
-104.270833	-1.184146E-5
-104.250204	-1.200040E-5
-104.229576	-1.152356E-5
-104.208947	-1.064936E-5
-104.188318	-1.033147E-5
-104.167689	-9.377797E-6
-104.147060	-9.059906E-6
-104.126431	-8.662542E-6
-104.105803	-7.788340E-6
-104.085174	-6.675720E-6
-104.064545	-5.483627E-6
-104.043916	-5.165736E-6
-104.023287	-6.119410E-6
-104.002658	-5.563100E-6
-103.982030	-5.483627E-6
-103.961401	-5.324682E-6
-103.940772	-4.212062E-6
-103.920143	-4.688899E-6
-103.899514	-4.053116E-6
-103.878886	-3.496806E-6
-103.858257	-3.496806E-6
-103.837628	-2.543132E-6
-103.816999	-1.827876E-6
-103.796370	-2.861023E-6
-103.775741	-2.781550E-6
-103.755113	-1.668930E-6
-103.734484	-1.668930E-6
-103.713855	-1.112620E-6
-103.693226	-1.509984E-6
-103.672597	-1.430511E-6
-103.651969	-1.668930E-6
-103.631340	-1.668930E-6
-103.610711	-1.351039E-6
-103.590082	-5.563100E-7
-103.569453	-3.178914E-7
-103.548824	-9.536743E-7
-103.528196	-1.271566E-6
-103.507567	-5.563100E-7
-103.486938	-3.178914E-7
-103.466309	-8.742015E-7
-103.445680	-4.768372E-7
-103.425051	-7.152557E-7
-103.404423	-6.357829E-7
-103.383794	-6.357829E-7
-103.363165	-1.589457E-7
-103.342536	1.589457E-7
-103.321907	-3.178914E-7
-103.301279	-1.589457E-7
-103.280650	4.768372E-7
-103.260021	1.351039E-6
-103.239392	1.589457E-6
-103.218763	1.668930E-6
-103.198134	8.742015E-7
-103.177506	1.351039E-6
-103.156877	1.271566E-6
-103.136248	1.351039E-6
-103.115619	1.271566E-6
-103.094990	1.033147E-6
-103.074362	1.033147E-6
-103.053733	1.033147E-6
-103.033104	1.271566E-6
-103.012475	1.430511E-6
-102.991846	1.112620E-6
-102.971217	7.152557E-7
-102.950589	1.430511E-6
-102.929960	9.536743E-7
-102.909331	1.351039E-6
-102.888702	1.589457E-6
-102.868073	1.192093E-6
-102.847444	9.536743E-7
-102.826816	1.033147E-6
-102.806187	1.351039E-6
-102.785558	1.033147E-6
-102.764929	2.384186E-7
-102.744300	9.536743E-7
-102.723672	2.066294E-6
-102.703043	1.271566E-6
-102.682414	1.430511E-6
-102.661785	1.192093E-6
-102.641156	1.033147E-6
-102.620527	1.589457E-6
-102.599899	1.192093E-6
-102.579270	1.351039E-6
-102.558641	1.827876E-6
-102.538012	1.668930E-6
-102.517383	9.536743E-7
-102.496755	1.271566E-6
-102.476126	1.112620E-6
-102.455497	2.384186E-7
-102.434868	5.563100E-7
-102.414239	1.112620E-6
-102.393610	1.589457E-6
-102.372982	8.742015E-7
-102.352353	4.768372E-7
-102.331724	4.768372E-7
-102.311095	6.357829E-7
-102.290466	4.768372E-7
-102.269837	-2.384186E-7
-102.249209	7.947286E-7
-102.228580	8.742015E-7
-102.207951	3.973643E-7
-102.187322	3.973643E-7
-102.166693	6.357829E-7
-102.146065	5.563100E-7
-102.125436	1.192093E-6
-102.104807	1.509984E-6
-102.084178	1.509984E-6
-102.063549	1.430511E-6
-102.042920	6.357829E-7
-102.022292	-2.384186E-7
-102.001663	1.589457E-7
-101.981034	8.742015E-7
-101.960405	1.033147E-6
-101.939776	7.152557E-7
-101.919148	2.384186E-7
-101.898519	2.384186E-7
-101.877890	5.563100E-7
-101.857261	7.947286E-8
-101.836632	3.973643E-7
-101.816003	-2.384186E-7
-101.795375	0.000000
-101.774746	3.973643E-7
-101.754117	1.589457E-7
-101.733488	1.192093E-6
-101.712859	1.589457E-7
-101.692230	-1.589457E-7
-101.671602	3.178914E-7
-101.650973	5.563100E-7
-101.630344	-4.768372E-7
-101.609715	-7.947286E-8
-101.589086	-3.178914E-7
-101.568458	-4.768372E-7
-101.547829	7.947286E-8
-101.527200	-2.384186E-7
-101.506571	7.947286E-8
-101.485942	1.589457E-7
-101.465313	7.947286E-7
-101.444685	5.563100E-7
-101.424056	7.947286E-8
-101.403427	0.000000
-101.382798	-3.178914E-7
-101.362169	1.589457E-7
-101.341541	9.536743E-7
-101.320912	7.152557E-7
-101.300283	3.178914E-7
-101.279654	3.178914E-7
-101.259025	1.589457E-7
-101.238396	5.563100E-7
-101.217768	5.563100E-7
-101.197139	0.000000
-101.176510	3.178914E-7
-101.155881	7.947286E-7
-101.135252	5.563100E-7
-101.114623	7.947286E-8
-101.093995	-7.947286E-7
-101.073366	0.000000
-101.052737	1.430511E-6
-101.032108	7.947286E-7
-101.011479	7.152557E-7
-100.990851	-4.768372E-7
-100.970222	3.178914E-7
-100.949593	6.357829E-7
-100.928964	-7.152557E-7
-100.908335	-4.768372E-7
-100.887706	6.357829E-7
-100.867078	3.973643E-7
-100.846449	1.589457E-7
-100.825820	4.768372E-7
-100.805191	8.742015E-7
-100.784562	5.563100E-7
-100.763934	2.384186E-7
-100.743305	7.947286E-7
-100.722676	1.192093E-6
-100.702047	0.000000
-100.681418	-5.563100E-7
-100.660789	-5.563100E-7
-100.640161	-1.589457E-7
-100.619532	-1.589457E-7
-100.598903	5.563100E-7
-100.578274	4.768372E-7
-100.557645	-1.589457E-7
-100.537016	3.973643E-7
-100.516388	2.384186E-7
-100.495759	-2.384186E-7
-100.475130	-4.768372E-7
-100.454501	0.000000
-100.433872	1.589457E-7
-100.413244	3.178914E-7
-100.392615	7.947286E-8
-100.371986	-8.742015E-7
-100.351357	-3.178914E-7
-100.330728	6.357829E-7
-100.310099	0.000000
-100.289471	-1.351039E-6
-100.268842	-9.536743E-7
-100.248213	2.384186E-7
-100.227584	-1.589457E-7
-100.206955	-3.973643E-7
-100.186327	3.178914E-7
-100.165698	9.536743E-7
-100.145069	0.000000
-100.124440	-1.589457E-7
-100.103811	3.973643E-7
-100.083182	7.947286E-8
-100.062554	2.384186E-7
-100.041925	2.384186E-7
-100.021296	-7.947286E-7
