-142.000947	-6.357829E-7
-141.980319	-2.384186E-7
-141.959690	-1.033147E-6
-141.939061	-2.384186E-7
-141.918432	7.947286E-7
-141.897803	1.430511E-6
-141.877174	1.668930E-6
-141.856546	2.781550E-6
-141.835917	2.861023E-6
-141.815288	3.576279E-6
-141.794659	4.371007E-6
-141.774030	5.165736E-6
-141.753401	5.960464E-6
-141.732773	6.357829E-6
-141.712144	5.960464E-6
-141.691515	6.119410E-6
-141.670886	6.198883E-6
-141.650257	4.768372E-6
-141.629629	3.814697E-6
-141.609000	3.258387E-6
-141.588371	3.178914E-6
-141.567742	2.225240E-6
-141.547113	1.033147E-6
-141.526484	7.947286E-8
-141.505856	-6.357829E-7
-141.485227	-1.192093E-6
-141.464598	-1.589457E-6
-141.443969	-2.702077E-6
-141.423340	-3.576279E-6
-141.402712	-4.291534E-6
-141.382083	-4.529953E-6
-141.361454	-4.609426E-6
-141.340825	-5.245209E-6
-141.320196	-4.768372E-6
-141.299567	-4.212062E-6
-141.278939	-4.132589E-6
-141.258310	-3.973643E-6
-141.237681	-3.735224E-6
-141.217052	-4.212062E-6
-141.196423	-4.053116E-6
-141.175794	-5.245209E-6
-141.155166	-4.688899E-6
-141.134537	-4.450480E-6
-141.113908	-5.086263E-6
-141.093279	-5.165736E-6
-141.072650	-5.880992E-6
-141.052022	-6.119410E-6
-141.031393	-6.516774E-6
-141.010764	-7.311503E-6
-140.990135	-7.549922E-6
-140.969506	-7.470449E-6
-140.948877	-6.914139E-6
-140.928249	-6.437302E-6
-140.907620	-5.880992E-6
-140.886991	-5.245209E-6
-140.866362	-4.132589E-6
-140.845733	-3.099442E-6
-140.825105	-1.351039E-6
-140.804476	-3.178914E-7
-140.783847	1.112620E-6
-140.763218	3.258387E-6
-140.742589	5.404154E-6
-140.721960	6.755193E-6
-140.701332	7.470449E-6
-140.680703	9.457270E-6
-140.660074	1.056989E-5
-140.639445	1.072884E-5
-140.618816	1.120567E-5
-140.598187	1.200040E-5
-140.577559	1.247724E-5
-140.556930	1.200040E-5
-140.536301	1.176198E-5
-140.515672	1.088778E-5
-140.495043	1.017253E-5
-140.474415	1.025200E-5
-140.453786	9.854635E-6
-140.433157	9.934107E-6
-140.412528	8.980433E-6
-140.391899	7.947286E-6
-140.371270	8.265177E-6
-140.350642	7.947286E-6
-140.330013	8.026759E-6
-140.309384	7.073085E-6
-140.288755	7.073085E-6
-140.268126	7.788340E-6
-140.247498	7.390976E-6
-140.226869	7.073085E-6
-140.206240	7.629395E-6
-140.185611	7.470449E-6
-140.164982	7.152557E-6
-140.144353	6.834666E-6
-140.123725	7.947286E-6
-140.103096	8.185705E-6
-140.082467	8.106232E-6
-140.061838	8.106232E-6
-140.041209	8.503596E-6
-140.020580	8.185705E-6
-139.999952	7.152557E-6
-139.979323	6.198883E-6
-139.958694	5.404154E-6
-139.938065	6.119410E-6
-139.917436	5.563100E-6
-139.896808	4.927317E-6
-139.876179	4.688899E-6
-139.855550	4.371007E-6
-139.834921	3.576279E-6
-139.814292	3.019969E-6
-139.793663	1.668930E-6
-139.773035	7.947286E-8
-139.752406	-7.947286E-8
-139.731777	-7.947286E-7
-139.711148	-2.225240E-6
-139.690519	-3.337860E-6
-139.669891	-5.165736E-6
-139.649262	-7.390976E-6
-139.628633	-9.059906E-6
-139.608004	-9.457270E-6
-139.587375	-1.025200E-5
-139.566746	-1.080831E-5
-139.546118	-1.112620E-5
-139.525489	-1.207987E-5
-139.504860	-1.207987E-5
-139.484231	-1.192093E-5
-139.463602	-1.160304E-5
-139.442973	-1.152356E-5
-139.422345	-1.160304E-5
-139.401716	-1.128515E-5
-139.381087	-1.160304E-5
-139.360458	-1.247724E-5
-139.339829	-1.239777E-5
-139.319201	-1.160304E-5
-139.298572	-1.184146E-5
-139.277943	-1.184146E-5
-139.257314	-1.144409E-5
-139.236685	-1.152356E-5
-139.216056	-1.088778E-5
-139.195428	-1.152356E-5
-139.174799	-1.128515E-5
-139.154170	-1.080831E-5
-139.133541	-1.064936E-5
-139.112912	-1.064936E-5
-139.092284	-9.218852E-6
-139.071655	-7.708867E-6
-139.051026	-6.755193E-6
-139.030397	-6.437302E-6
-139.009768	-5.960464E-6
-138.989139	-5.086263E-6
-138.968511	-3.337860E-6
-138.947882	-1.668930E-6
-138.927253	-3.178914E-7
-138.906624	1.033147E-6
-138.885995	2.304713E-6
-138.865366	3.258387E-6
-138.844738	4.291534E-6
-138.824109	4.847844E-6
-138.803480	5.483627E-6
-138.782851	5.324682E-6
-138.762222	6.039937E-6
-138.741594	5.722046E-6
-138.720965	6.119410E-6
-138.700336	5.960464E-6
-138.679707	5.245209E-6
-138.659078	4.927317E-6
-138.638449	4.212062E-6
-138.617821	3.814697E-6
-138.597192	3.576279E-6
-138.576563	2.225240E-6
-138.555934	2.304713E-6
-138.535305	2.066294E-6
-138.514677	1.589457E-6
-138.494048	7.947286E-7
-138.473419	7.947286E-8
-138.452790	9.536743E-7
-138.432161	1.112620E-6
-138.411532	7.947286E-7
-138.390904	1.827876E-6
-138.370275	1.907349E-6
-138.349646	1.271566E-6
-138.329017	1.351039E-6
-138.308388	1.430511E-6
-138.287759	1.986821E-6
-138.267131	2.304713E-6
-138.246502	1.748403E-6
-138.225873	2.463659E-6
-138.205244	3.019969E-6
-138.184615	3.735224E-6
-138.163987	4.212062E-6
-138.143358	5.006790E-6
-138.122729	4.927317E-6
-138.102100	5.563100E-6
-138.081471	5.960464E-6
-138.060842	6.278356E-6
-138.040214	5.960464E-6
-138.019585	5.483627E-6
-137.998956	5.245209E-6
-137.978327	5.006790E-6
-137.957698	4.927317E-6
-137.937070	4.291534E-6
-137.916441	3.496806E-6
-137.895812	1.748403E-6
-137.875183	2.384186E-7
-137.854554	-1.589457E-6
-137.833925	-2.384186E-6
-137.813297	-3.178914E-6
-137.792668	-3.735224E-6
-137.772039	-5.324682E-6
-137.751410	-6.596247E-6
-137.730781	-7.470449E-6
-137.710152	-8.424123E-6
-137.689524	-8.583069E-6
-137.668895	-9.775162E-6
-137.648266	-1.041094E-5
-137.627637	-1.064936E-5
-137.607008	-1.096725E-5
-137.586380	-1.056989E-5
-137.565751	-1.056989E-5
-137.545122	-1.064936E-5
-137.524493	-1.096725E-5
-137.503864	-1.080831E-5
-137.483235	-1.041094E-5
-137.462607	-1.041094E-5
-137.441978	-9.616216E-6
-137.421349	-8.742015E-6
-137.400720	-8.344650E-6
-137.380091	-8.106232E-6
-137.359463	-8.265177E-6
-137.338834	-7.311503E-6
-137.318205	-7.390976E-6
-137.297576	-6.675720E-6
-137.276947	-6.198883E-6
-137.256318	-5.563100E-6
-137.235690	-5.404154E-6
-137.215061	-4.212062E-6
-137.194432	-3.417333E-6
-137.173803	-2.702077E-6
-137.153174	-3.178914E-6
-137.132545	-2.145767E-6
-137.111917	-2.066294E-6
-137.091288	-1.271566E-6
-137.070659	-6.357829E-7
-137.050030	-3.973643E-7
-137.029401	1.589457E-7
-137.008773	-2.384186E-7
-136.988144	-6.357829E-7
-136.967515	-1.589457E-7
-136.946886	-1.033147E-6
-136.926257	-7.947286E-7
-136.905628	-1.509984E-6
-136.885000	-1.430511E-6
-136.864371	-1.589457E-6
-136.843742	-2.066294E-6
-136.823113	-2.066294E-6
-136.802484	-1.668930E-6
-136.781856	-1.986821E-6
-136.761227	-9.536743E-7
-136.740598	7.947286E-8
-136.719969	4.768372E-7
-136.699340	1.271566E-6
-136.678711	1.589457E-6
-136.658083	2.940496E-6
-136.637454	4.609426E-6
-136.616825	4.927317E-6
-136.596196	6.278356E-6
-136.575567	7.073085E-6
-136.554939	7.947286E-6
-136.534310	8.583069E-6
-136.513681	9.218852E-6
-136.493052	1.009305E-5
-136.472423	1.033147E-5
-136.451794	1.207987E-5
-136.431166	1.303355E-5
-136.410537	1.343091E-5
-136.389908	1.343091E-5
-136.369279	1.343091E-5
-136.348650	1.438459E-5
-136.328021	1.549721E-5
-136.307393	1.613299E-5
-136.286764	1.557668E-5
-136.266135	1.517932E-5
-136.245506	1.366933E-5
-136.224877	1.351039E-5
-136.204249	1.287460E-5
-136.183620	1.160304E-5
-136.162991	1.064936E-5
-136.142362	9.059906E-6
-136.121733	6.834666E-6
-136.101104	4.609426E-6
-136.080476	2.781550E-6
-136.059847	9.536743E-7
-136.039218	-1.351039E-6
-136.018589	-3.576279E-6
-135.997960	-4.847844E-6
-135.977332	-6.437302E-6
-135.956703	-8.344650E-6
-135.936074	-9.775162E-6
-135.915445	-1.096725E-5
-135.894816	-1.247724E-5
-135.874187	-1.446406E-5
-135.853559	-1.573563E-5
-135.832930	-1.637141E-5
-135.812301	-1.732508E-5
-135.791672	-1.724561E-5
-135.771043	-1.621246E-5
-135.750414	-1.565615E-5
-135.729786	-1.613299E-5
-135.709157	-1.645088E-5
-135.688528	-1.605352E-5
-135.667899	-1.533826E-5
-135.647270	-1.486142E-5
-135.626642	-1.494090E-5
-135.606013	-1.414617E-5
-135.585384	-1.279513E-5
-135.564755	-1.207987E-5
-135.544126	-1.136462E-5
-135.523497	-1.112620E-5
-135.502869	-1.049042E-5
-135.482240	-1.001358E-5
-135.461611	-9.695689E-6
-135.440982	-8.503596E-6
-135.420353	-7.708867E-6
-135.399725	-8.106232E-6
-135.379096	-7.470449E-6
-135.358467	-7.311503E-6
-135.337838	-5.880992E-6
-135.317209	-5.404154E-6
-135.296580	-4.927317E-6
-135.275952	-4.291534E-6
-135.255323	-4.053116E-6
-135.234694	-2.781550E-6
-135.214065	-2.225240E-6
-135.193436	-2.145767E-6
-135.172807	-1.589457E-6
-135.152179	-1.112620E-6
-135.131550	6.357829E-7
-135.110921	1.271566E-6
-135.090292	1.112620E-6
-135.069663	2.304713E-6
-135.049035	2.702077E-6
-135.028406	2.304713E-6
-135.007777	3.178914E-6
-134.987148	3.178914E-6
-134.966519	3.417333E-6
-134.945890	3.258387E-6
-134.925262	3.973643E-6
-134.904633	4.291534E-6
-134.884004	5.324682E-6
-134.863375	5.801519E-6
-134.842746	5.880992E-6
-134.822118	5.880992E-6
-134.801489	6.516774E-6
-134.780860	6.755193E-6
-134.760231	7.470449E-6
-134.739602	7.549922E-6
-134.718973	8.265177E-6
-134.698345	8.742015E-6
-134.677716	9.775162E-6
-134.657087	1.056989E-5
-134.636458	1.168251E-5
-134.615829	1.327197E-5
-134.595200	1.462301E-5
-134.574572	1.525879E-5
-134.553943	1.668930E-5
-134.533314	1.764297E-5
-134.512685	1.859665E-5
-134.492056	1.899401E-5
-134.471428	1.931190E-5
-134.450799	1.947085E-5
-134.430170	2.010663E-5
-134.409541	2.066294E-5
-134.388912	1.986821E-5
-134.368283	1.851718E-5
-134.347655	1.716614E-5
-134.327026	1.494090E-5
-134.306397	1.279513E-5
-134.285768	1.160304E-5
-134.265139	8.900960E-6
-134.244511	6.834666E-6
-134.223882	4.768372E-6
-134.203253	1.033147E-6
-134.182624	-1.192093E-6
-134.161995	-2.781550E-6
-134.141366	-4.927317E-6
-134.120738	-7.311503E-6
-134.100109	-1.001358E-5
-134.079480	-1.176198E-5
-134.058851	-1.287460E-5
-134.038222	-1.454353E-5
-134.017593	-1.581510E-5
-133.996965	-1.660983E-5
-133.976336	-1.676877E-5
-133.955707	-1.660983E-5
-133.935078	-1.605352E-5
-133.914449	-1.446406E-5
-133.893821	-1.311302E-5
-133.873192	-1.335144E-5
-133.852563	-1.295408E-5
-133.831934	-1.215935E-5
-133.811305	-1.120567E-5
-133.790676	-9.695689E-6
-133.770048	-8.026759E-6
-133.749419	-8.503596E-6
-133.728790	-9.298325E-6
-133.708161	-9.616216E-6
-133.687532	-9.218852E-6
-133.666904	-8.503596E-6
-133.646275	-9.298325E-6
-133.625646	-9.695689E-6
-133.605017	-9.775162E-6
-133.584388	-1.056989E-5
-133.563759	-1.064936E-5
-133.543131	-1.112620E-5
-133.522502	-1.112620E-5
-133.501873	-1.184146E-5
-133.481244	-1.168251E-5
-133.460615	-1.096725E-5
-133.439986	-1.025200E-5
-133.419358	-1.056989E-5
-133.398729	-1.033147E-5
-133.378100	-9.059906E-6
-133.357471	-8.980433E-6
-133.336842	-8.900960E-6
-133.316214	-7.947286E-6
-133.295585	-7.311503E-6
-133.274956	-6.914139E-6
-133.254327	-5.960464E-6
-133.233698	-4.688899E-6
-133.213069	-3.655752E-6
-133.192441	-2.940496E-6
-133.171812	-2.384186E-6
-133.151183	-9.536743E-7
-133.130554	-7.947286E-8
-133.109925	5.563100E-7
-133.089297	1.112620E-6
-133.068668	2.066294E-6
-133.048039	3.019969E-6
-133.027410	4.291534E-6
-133.006781	4.847844E-6
-132.986152	5.404154E-6
-132.965524	7.232030E-6
-132.944895	8.265177E-6
-132.924266	8.106232E-6
-132.903637	9.139379E-6
-132.883008	1.017253E-5
-132.862379	1.168251E-5
-132.841751	1.271566E-5
-132.821122	1.358986E-5
-132.800493	1.454353E-5
-132.779864	1.509984E-5
-132.759235	1.573563E-5
-132.738607	1.708666E-5
-132.717978	1.915296E-5
-132.697349	1.939138E-5
-132.676720	1.891454E-5
-132.656091	1.939138E-5
-132.635462	1.867612E-5
-132.614834	1.835823E-5
-132.594205	1.827876E-5
-132.573576	1.645088E-5
-132.552947	1.502037E-5
-132.532318	1.494090E-5
-132.511690	1.343091E-5
-132.491061	1.152356E-5
-132.470432	9.616216E-6
-132.449803	6.755193E-6
-132.429174	4.609426E-6
-132.408545	2.066294E-6
-132.387917	-3.178914E-7
-132.367288	-1.192093E-6
-132.346659	-3.814697E-6
-132.326030	-5.245209E-6
-132.305401	-6.278356E-6
-132.284772	-7.073085E-6
-132.264144	-8.503596E-6
-132.243515	-9.059906E-6
-132.222886	-8.900960E-6
-132.202257	-8.742015E-6
-132.181628	-8.424123E-6
-132.161000	-8.344650E-6
-132.140371	-9.059906E-6
-132.119742	-8.662542E-6
-132.099113	-8.265177E-6
-132.078484	-7.788340E-6
-132.057855	-8.026759E-6
-132.037227	-8.980433E-6
-132.016598	-1.025200E-5
-131.995969	-1.049042E-5
-131.975340	-1.120567E-5
-131.954711	-1.184146E-5
-131.934083	-1.319249E-5
-131.913454	-1.454353E-5
-131.892825	-1.549721E-5
-131.872196	-1.653035E-5
-131.851567	-1.780192E-5
-131.830938	-1.923243E-5
-131.810310	-2.034505E-5
-131.789681	-2.177556E-5
-131.769052	-2.257029E-5
-131.748423	-2.328555E-5
-131.727794	-2.408028E-5
-131.707165	-2.415975E-5
-131.686537	-2.423922E-5
-131.665908	-2.400080E-5
-131.645279	-2.296766E-5
-131.624650	-2.249082E-5
-131.604021	-2.098083E-5
-131.583393	-1.883507E-5
-131.562764	-1.660983E-5
-131.542135	-1.502037E-5
-131.521506	-1.335144E-5
-131.500877	-1.184146E-5
-131.480248	-1.088778E-5
-131.459620	-9.139379E-6
-131.438991	-7.549922E-6
-131.418362	-6.278356E-6
-131.397733	-4.291534E-6
-131.377104	-2.145767E-6
-131.356476	-1.509984E-6
-131.335847	-1.351039E-6
-131.315218	-1.271566E-6
-131.294589	-6.357829E-7
-131.273960	-1.589457E-7
-131.253331	0.000000
-131.232703	1.033147E-6
-131.212074	1.033147E-6
-131.191445	1.509984E-6
-131.170816	2.940496E-6
-131.150187	4.371007E-6
-131.129558	5.801519E-6
-131.108930	7.549922E-6
-131.088301	8.900960E-6
-131.067672	1.056989E-5
-131.047043	1.303355E-5
-131.026414	1.517932E-5
-131.005786	1.684825E-5
-130.985157	1.756350E-5
-130.964528	1.891454E-5
-130.943899	1.891454E-5
-130.923270	1.931190E-5
-130.902641	1.986821E-5
-130.882013	2.026558E-5
-130.861384	2.010663E-5
-130.840755	1.851718E-5
-130.820126	1.772245E-5
-130.799497	1.668930E-5
-130.778869	1.374880E-5
-130.758240	1.152356E-5
-130.737611	1.009305E-5
-130.716982	8.503596E-6
-130.696353	6.675720E-6
-130.675724	5.006790E-6
-130.655096	4.371007E-6
-130.634467	2.940496E-6
-130.613838	7.947286E-7
-130.593209	7.947286E-7
-130.572580	8.742015E-7
-130.551952	1.112620E-6
-130.531323	1.351039E-6
-130.510694	1.907349E-6
-130.490065	2.145767E-6
-130.469436	2.702077E-6
-130.448807	2.781550E-6
-130.428179	3.576279E-6
-130.407550	3.894170E-6
-130.386921	5.404154E-6
-130.366292	5.483627E-6
-130.345663	5.245209E-6
-130.325034	4.847844E-6
-130.304406	4.212062E-6
-130.283777	3.655752E-6
-130.263148	1.748403E-6
-130.242519	-3.178914E-7
-130.221890	-2.861023E-6
-130.201262	-3.814697E-6
-130.180633	-6.357829E-6
-130.160004	-1.009305E-5
-130.139375	-1.271566E-5
-130.118746	-1.517932E-5
-130.098117	-1.804034E-5
-130.077489	-2.113978E-5
-130.056860	-2.328555E-5
-130.036231	-2.598763E-5
-130.015602	-2.829234E-5
-129.994973	-2.964338E-5
-129.974345	-3.083547E-5
-129.953716	-3.163020E-5
-129.933087	-3.234545E-5
-129.912458	-3.218651E-5
-129.891829	-3.043811E-5
-129.871200	-2.837181E-5
-129.850572	-2.670288E-5
-129.829943	-2.439817E-5
-129.809314	-2.074242E-5
-129.788685	-1.732508E-5
-129.768056	-1.327197E-5
-129.747427	-1.001358E-5
-129.726799	-5.880992E-6
-129.706170	-2.066294E-6
-129.685541	2.384186E-7
-129.664912	2.463659E-6
-129.644283	5.245209E-6
-129.623655	7.232030E-6
-129.603026	9.934107E-6
-129.582397	1.215935E-5
-129.561768	1.295408E-5
-129.541139	1.287460E-5
-129.520510	1.239777E-5
-129.499882	1.152356E-5
-129.479253	1.104673E-5
-129.458624	9.775162E-6
-129.437995	8.344650E-6
-129.417366	6.993612E-6
-129.396738	5.404154E-6
-129.376109	3.496806E-6
-129.355480	1.668930E-6
-129.334851	7.947286E-7
-129.314222	3.973643E-7
-129.293593	2.384186E-7
-129.272965	7.947286E-8
-129.252336	7.947286E-8
-129.231707	7.947286E-7
-129.211078	1.827876E-6
-129.190449	3.576279E-6
-129.169820	5.245209E-6
-129.149192	7.073085E-6
-129.128563	9.616216E-6
-129.107934	1.152356E-5
-129.087305	1.351039E-5
-129.066676	1.613299E-5
-129.046048	1.772245E-5
-129.025419	1.978874E-5
-129.004790	2.209345E-5
-128.984161	2.368291E-5
-128.963532	2.495448E-5
-128.942903	2.590815E-5
-128.922275	2.622604E-5
-128.901646	2.630552E-5
-128.881017	2.670288E-5
-128.860388	2.582868E-5
-128.839759	2.463659E-5
-128.819131	2.368291E-5
-128.798502	2.225240E-5
-128.777873	1.875559E-5
-128.757244	1.613299E-5
-128.736615	1.486142E-5
-128.715986	1.176198E-5
-128.695358	9.695689E-6
-128.674729	6.834666E-6
-128.654100	4.529953E-6
-128.633471	1.668930E-6
-128.612842	4.768372E-7
-128.592213	-1.033147E-6
-128.571585	-2.861023E-6
-128.550956	-4.847844E-6
-128.530327	-5.801519E-6
-128.509698	-6.834666E-6
-128.489069	-8.185705E-6
-128.468441	-8.742015E-6
-128.447812	-1.017253E-5
-128.427183	-1.168251E-5
-128.406554	-1.279513E-5
-128.385925	-1.327197E-5
-128.365296	-1.366933E-5
-128.344668	-1.366933E-5
-128.324039	-1.374880E-5
-128.303410	-1.343091E-5
-128.282781	-1.351039E-5
-128.262152	-1.343091E-5
-128.241524	-1.366933E-5
-128.220895	-1.335144E-5
-128.200266	-1.390775E-5
-128.179637	-1.351039E-5
-128.159008	-1.319249E-5
-128.138379	-1.303355E-5
-128.117751	-1.215935E-5
-128.097122	-1.263618E-5
-128.076493	-1.319249E-5
-128.055864	-1.319249E-5
-128.035235	-1.366933E-5
-128.014606	-1.422564E-5
-127.993978	-1.478195E-5
-127.973349	-1.549721E-5
-127.952720	-1.676877E-5
-127.932091	-1.811981E-5
-127.911462	-1.907349E-5
-127.890834	-2.082189E-5
-127.870205	-2.185504E-5
-127.849576	-2.201398E-5
-127.828947	-2.304713E-5
-127.808318	-2.392133E-5
-127.787689	-2.392133E-5
-127.767061	-2.400080E-5
-127.746432	-2.304713E-5
-127.725803	-2.225240E-5
-127.705174	-2.082189E-5
-127.684545	-1.931190E-5
-127.663917	-1.645088E-5
-127.643288	-1.351039E-5
-127.622659	-1.009305E-5
-127.602030	-6.516774E-6
-127.581401	-2.304713E-6
-127.560772	3.973643E-7
-127.540144	3.655752E-6
-127.519515	7.549922E-6
-127.498886	1.096725E-5
-127.478257	1.406670E-5
-127.457628	1.772245E-5
-127.436999	2.002716E-5
-127.416371	2.249082E-5
-127.395742	2.519290E-5
-127.375113	2.654394E-5
-127.354484	2.813339E-5
-127.333855	2.853076E-5
-127.313227	2.829234E-5
-127.292598	2.765656E-5
-127.271969	2.630552E-5
-127.251340	2.415975E-5
-127.230711	2.280871E-5
-127.210082	2.121925E-5
-127.189454	1.891454E-5
-127.168825	1.565615E-5
-127.148196	1.295408E-5
-127.127567	1.064936E-5
-127.106938	7.947286E-6
-127.086310	4.053116E-6
-127.065681	4.768372E-7
-127.045052	-3.337860E-6
-127.024423	-7.390976E-6
-127.003794	-1.144409E-5
-126.983165	-1.621246E-5
-126.962537	-2.098083E-5
-126.941908	-2.559026E-5
-126.921279	-2.980232E-5
-126.900650	-3.321966E-5
-126.880021	-3.608068E-5
-126.859392	-3.965696E-5
-126.838764	-4.299482E-5
-126.818135	-4.545848E-5
-126.797506	-4.696846E-5
-126.776877	-4.720688E-5
-126.756248	-4.649162E-5
-126.735620	-4.569689E-5
-126.714991	-4.323324E-5
-126.694362	-4.053116E-5
-126.673733	-3.743172E-5
-126.653104	-3.369649E-5
-126.632475	-2.972285E-5
-126.611847	-2.392133E-5
-126.591218	-1.939138E-5
-126.570589	-1.581510E-5
-126.549960	-8.980433E-6
-126.529331	-3.019969E-6
-126.508703	3.337860E-6
-126.488074	9.616216E-6
-126.467445	1.525879E-5
-126.446816	2.082189E-5
-126.426187	2.614657E-5
-126.405558	3.115336E-5
-126.384930	3.560384E-5
-126.364301	4.061063E-5
-126.343672	4.450480E-5
-126.323043	4.816055E-5
-126.302414	5.014737E-5
-126.281785	5.205472E-5
-126.261157	5.412102E-5
-126.240528	5.483627E-5
-126.219899	5.443891E-5
-126.199270	5.261103E-5
-126.178641	5.046527E-5
-126.158013	4.839897E-5
-126.137384	4.680951E-5
-126.116755	4.363060E-5
-126.096126	4.076958E-5
-126.075497	3.695488E-5
-126.054868	3.226598E-5
-126.034240	2.733866E-5
-126.013611	2.201398E-5
-125.992982	1.708666E-5
-125.972353	1.319249E-5
-125.951724	8.424123E-6
-125.931096	3.973643E-6
-125.910467	-7.947286E-7
-125.889838	-6.516774E-6
-125.869209	-9.298325E-6
-125.848580	-1.152356E-5
-125.827951	-1.327197E-5
-125.807323	-1.502037E-5
-125.786694	-1.708666E-5
-125.766065	-1.732508E-5
-125.745436	-1.716614E-5
-125.724807	-1.653035E-5
-125.704178	-1.565615E-5
-125.683550	-1.470248E-5
-125.662921	-1.430511E-5
-125.642292	-1.366933E-5
-125.621663	-1.128515E-5
-125.601034	-9.298325E-6
-125.580406	-8.265177E-6
-125.559777	-6.755193E-6
-125.539148	-5.563100E-6
-125.518519	-4.847844E-6
-125.497890	-3.894170E-6
-125.477261	-4.053116E-6
-125.456633	-2.702077E-6
-125.436004	-2.702077E-6
-125.415375	-3.178914E-6
-125.394746	-3.576279E-6
-125.374117	-4.688899E-6
-125.353489	-4.768372E-6
-125.332860	-5.245209E-6
-125.312231	-5.483627E-6
-125.291602	-5.722046E-6
-125.270973	-4.847844E-6
-125.250344	-3.655752E-6
-125.229716	-2.543132E-6
-125.209087	-1.271566E-6
-125.188458	-4.768372E-7
-125.167829	5.563100E-7
-125.147200	1.986821E-6
-125.126571	3.019969E-6
-125.105943	3.576279E-6
-125.085314	4.291534E-6
-125.064685	4.609426E-6
-125.044056	5.960464E-6
-125.023427	6.278356E-6
-125.002799	5.563100E-6
-124.982170	4.053116E-6
-124.961541	1.509984E-6
-124.940912	0.000000
-124.920283	-1.986821E-6
-124.899654	-4.847844E-6
-124.879026	-8.424123E-6
-124.858397	-1.112620E-5
-124.837768	-1.398722E-5
-124.817139	-1.597404E-5
-124.796510	-1.843770E-5
-124.775882	-2.074242E-5
-124.755253	-2.280871E-5
-124.734624	-2.423922E-5
-124.713995	-2.646446E-5
-124.693366	-2.805392E-5
-124.672737	-2.868970E-5
-124.652109	-2.813339E-5
-124.631480	-2.622604E-5
-124.610851	-2.384186E-5
-124.590222	-2.145767E-5
-124.569593	-1.780192E-5
-124.548964	-1.565615E-5
-124.528336	-1.287460E-5
-124.507707	-9.457270E-6
-124.487078	-6.119410E-6
-124.466449	-1.907349E-6
-124.445820	1.430511E-6
-124.425192	4.291534E-6
-124.404563	6.278356E-6
-124.383934	8.503596E-6
-124.363305	9.775162E-6
-124.342676	1.335144E-5
-124.322047	1.541773E-5
-124.301419	1.653035E-5
-124.280790	1.653035E-5
-124.260161	1.621246E-5
-124.239532	1.462301E-5
-124.218903	1.279513E-5
-124.198275	1.064936E-5
-124.177646	8.265177E-6
-124.157017	6.198883E-6
-124.136388	3.655752E-6
-124.115759	8.742015E-7
-124.095130	-1.589457E-6
-124.074502	-4.688899E-6
-124.053873	-6.596247E-6
-124.033244	-8.106232E-6
-124.012615	-9.775162E-6
-123.991986	-1.056989E-5
-123.971358	-1.056989E-5
-123.950729	-1.072884E-5
-123.930100	-9.457270E-6
-123.909471	-7.470449E-6
-123.888842	-6.993612E-6
-123.868213	-5.404154E-6
-123.847585	-2.940496E-6
-123.826956	-4.768372E-7
-123.806327	2.145767E-6
-123.785698	4.053116E-6
-123.765069	6.119410E-6
-123.744440	8.583069E-6
-123.723812	1.072884E-5
-123.703183	1.192093E-5
-123.682554	1.271566E-5
-123.661925	1.351039E-5
-123.641296	1.335144E-5
-123.620668	1.335144E-5
-123.600039	1.319249E-5
-123.579410	1.160304E-5
-123.558781	1.056989E-5
-123.538152	1.064936E-5
-123.517523	9.139379E-6
-123.496895	7.073085E-6
-123.476266	6.516774E-6
-123.455637	6.119410E-6
-123.435008	5.563100E-6
-123.414379	4.291534E-6
-123.393751	3.576279E-6
-123.373122	3.576279E-6
-123.352493	3.496806E-6
-123.331864	3.576279E-6
-123.311235	3.814697E-6
-123.290606	4.450480E-6
-123.269978	4.053116E-6
-123.249349	3.417333E-6
-123.228720	4.688899E-6
-123.208091	5.960464E-6
-123.187462	5.324682E-6
-123.166833	4.609426E-6
-123.146205	3.894170E-6
-123.125576	4.053116E-6
-123.104947	3.337860E-6
-123.084318	2.702077E-6
-123.063689	1.589457E-6
-123.043061	1.192093E-6
-123.022432	-6.357829E-7
-123.001803	-2.702077E-6
-122.981174	-4.450480E-6
-122.960545	-6.198883E-6
-122.939916	-7.947286E-6
-122.919288	-8.980433E-6
-122.898659	-8.900960E-6
-122.878030	-1.017253E-5
-122.857401	-1.136462E-5
-122.836772	-1.184146E-5
-122.816144	-1.207987E-5
-122.795515	-1.160304E-5
-122.774886	-1.096725E-5
-122.754257	-9.695689E-6
-122.733628	-7.073085E-6
-122.712999	-4.609426E-6
-122.692371	-2.781550E-6
-122.671742	-1.033147E-6
-122.651113	1.192093E-6
-122.630484	3.178914E-6
-122.609855	4.053116E-6
-122.589226	4.450480E-6
-122.568598	5.006790E-6
-122.547969	5.165736E-6
-122.527340	4.927317E-6
-122.506711	5.006790E-6
-122.486082	5.006790E-6
-122.465454	3.417333E-6
-122.444825	1.748403E-6
-122.424196	-1.192093E-6
-122.403567	-3.814697E-6
-122.382938	-6.993612E-6
-122.362309	-1.033147E-5
-122.341681	-1.343091E-5
-122.321052	-1.557668E-5
-122.300423	-1.867612E-5
-122.279794	-2.082189E-5
-122.259165	-2.304713E-5
-122.238537	-2.471606E-5
-122.217908	-2.582868E-5
-122.197279	-2.670288E-5
-122.176650	-2.582868E-5
-122.156021	-2.336502E-5
-122.135392	-2.034505E-5
-122.114764	-1.748403E-5
-122.094135	-1.517932E-5
-122.073506	-1.247724E-5
-122.052877	-1.056989E-5
-122.032248	-8.265177E-6
-122.011619	-6.834666E-6
-121.990991	-4.529953E-6
-121.970362	-2.066294E-6
-121.949733	-2.384186E-7
-121.929104	1.430511E-6
-121.908475	1.668930E-6
-121.887847	2.781550E-6
-121.867218	3.099442E-6
-121.846589	3.178914E-6
-121.825960	2.543132E-6
-121.805331	1.907349E-6
-121.784702	1.033147E-6
-121.764074	-6.357829E-7
-121.743445	-2.066294E-6
-121.722816	-3.576279E-6
-121.702187	-5.086263E-6
-121.681558	-5.642573E-6
-121.660930	-6.198883E-6
-121.640301	-6.437302E-6
-121.619672	-7.629395E-6
-121.599043	-7.947286E-6
-121.578414	-7.788340E-6
-121.557785	-6.596247E-6
-121.537157	-5.245209E-6
-121.516528	-4.529953E-6
-121.495899	-3.417333E-6
-121.475270	-1.668930E-6
-121.454641	2.384186E-7
-121.434012	3.099442E-6
-121.413384	5.324682E-6
-121.392755	6.914139E-6
-121.372126	8.424123E-6
-121.351497	1.033147E-5
-121.330868	1.223882E-5
-121.310240	1.366933E-5
-121.289611	1.406670E-5
-121.268982	1.430511E-5
-121.248353	1.351039E-5
-121.227724	1.215935E-5
-121.207095	1.192093E-5
-121.186467	1.080831E-5
-121.165838	1.001358E-5
-121.145209	8.980433E-6
-121.124580	6.516774E-6
-121.103951	4.371007E-6
-121.083323	1.589457E-6
-121.062694	-1.112620E-6
-121.042065	-2.066294E-6
-121.021436	-4.927317E-6
-121.000807	-6.993612E-6
-120.980178	-8.662542E-6
-120.959550	-1.104673E-5
-120.938921	-1.311302E-5
-120.918292	-1.382828E-5
-120.897663	-1.382828E-5
-120.877034	-1.295408E-5
-120.856405	-1.335144E-5
-120.835777	-1.311302E-5
-120.815148	-1.192093E-5
-120.794519	-1.104673E-5
-120.773890	-1.088778E-5
-120.753261	-9.377797E-6
-120.732633	-6.357829E-6
-120.712004	-3.735224E-6
-120.691375	-2.225240E-6
-120.670746	4.768372E-7
-120.650117	2.384186E-6
-120.629488	3.655752E-6
-120.608860	5.324682E-6
-120.588231	6.755193E-6
-120.567602	7.152557E-6
-120.546973	8.900960E-6
-120.526344	9.775162E-6
-120.505716	1.088778E-5
-120.485087	1.112620E-5
-120.464458	1.231829E-5
-120.443829	1.287460E-5
-120.423200	1.160304E-5
-120.402571	1.152356E-5
-120.381943	1.152356E-5
-120.361314	9.616216E-6
-120.340685	8.662542E-6
-120.320056	6.993612E-6
-120.299427	4.291534E-6
-120.278798	7.152557E-7
-120.258170	-1.907349E-6
-120.237541	-4.927317E-6
-120.216912	-7.549922E-6
-120.196283	-1.017253E-5
-120.175654	-1.231829E-5
-120.155026	-1.446406E-5
-120.134397	-1.716614E-5
-120.113768	-1.923243E-5
-120.093139	-2.042452E-5
-120.072510	-2.106031E-5
-120.051881	-2.177556E-5
-120.031253	-2.368291E-5
-120.010624	-2.400080E-5
-119.989995	-2.249082E-5
-119.969366	-2.042452E-5
-119.948737	-1.883507E-5
-119.928109	-1.581510E-5
-119.907480	-1.398722E-5
-119.886851	-1.120567E-5
-119.866222	-7.152557E-6
-119.845593	-2.702077E-6
-119.824964	2.066294E-6
-119.804336	6.675720E-6
-119.783707	1.025200E-5
-119.763078	1.398722E-5
-119.742449	1.804034E-5
-119.721820	2.233187E-5
-119.701191	2.551079E-5
-119.680563	2.805392E-5
-119.659934	2.980232E-5
-119.639305	3.163020E-5
-119.618676	3.250440E-5
-119.598047	3.155073E-5
-119.577419	3.170967E-5
-119.556790	3.155073E-5
-119.536161	3.012021E-5
-119.515532	2.686183E-5
-119.494903	2.352397E-5
-119.474274	2.082189E-5
-119.453646	1.788139E-5
-119.433017	1.446406E-5
-119.412388	9.377797E-6
-119.391759	5.880992E-6
-119.371130	1.827876E-6
-119.350502	-2.622604E-6
-119.329873	-5.722046E-6
-119.309244	-8.503596E-6
-119.288615	-1.049042E-5
-119.267986	-1.176198E-5
-119.247357	-1.215935E-5
-119.226729	-1.096725E-5
-119.206100	-1.041094E-5
-119.185471	-9.457270E-6
-119.164842	-6.993612E-6
-119.144213	-3.417333E-6
-119.123584	3.973643E-7
-119.102956	4.768372E-6
-119.082327	8.900960E-6
-119.061698	1.343091E-5
-119.041069	1.804034E-5
-119.020440	2.249082E-5
-118.999812	2.741814E-5
-118.979183	3.194809E-5
-118.958554	3.600121E-5
-118.937925	3.846486E-5
-118.917296	4.045169E-5
-118.896667	4.140536E-5
-118.876039	4.212062E-5
-118.855410	4.164378E-5
-118.834781	3.981590E-5
-118.814152	3.735224E-5
-118.793523	3.512700E-5
-118.772895	3.012021E-5
-118.752266	2.439817E-5
-118.731637	1.851718E-5
-118.711008	1.223882E-5
-118.690379	5.324682E-6
-118.669750	-1.748403E-6
-118.649122	-9.854635E-6
-118.628493	-1.764297E-5
-118.607864	-2.559026E-5
-118.587235	-3.306071E-5
-118.566606	-4.021327E-5
-118.545977	-4.673004E-5
-118.525349	-5.340576E-5
-118.504720	-5.936623E-5
-118.484091	-6.588300E-5
-118.463462	-6.953875E-5
-118.442833	-7.255872E-5
-118.422205	-7.343292E-5
-118.401576	-7.255872E-5
-118.380947	-7.247925E-5
-118.360318	-7.184347E-5
-118.339689	-6.993612E-5
-118.319060	-6.643931E-5
-118.298432	-6.214778E-5
-118.277803	-5.571047E-5
-118.257174	-4.975001E-5
-118.236545	-4.307429E-5
-118.215916	-3.703435E-5
-118.195288	-2.996127E-5
-118.174659	-2.312660E-5
-118.154030	-1.708666E-5
-118.133401	-1.120567E-5
-118.112772	-4.529953E-6
-118.092143	1.351039E-6
-118.071515	6.675720E-6
-118.050886	1.096725E-5
-118.030257	1.414617E-5
-118.009628	1.716614E-5
-117.988999	1.931190E-5
-117.968370	2.098083E-5
-117.947742	2.010663E-5
-117.927113	1.907349E-5
-117.906484	1.756350E-5
-117.885855	1.509984E-5
-117.865226	1.287460E-5
-117.844598	1.025200E-5
-117.823969	6.516774E-6
-117.803340	2.543132E-6
-117.782711	-3.973643E-7
-117.762082	-5.086263E-6
-117.741453	-9.139379E-6
-117.720825	-1.311302E-5
-117.700196	-1.716614E-5
-117.679567	-2.161662E-5
-117.658938	-2.606710E-5
-117.638309	-3.139178E-5
-117.617681	-3.488859E-5
-117.597052	-3.838539E-5
-117.576423	-4.204114E-5
-117.555794	-4.625320E-5
-117.535165	-4.879634E-5
-117.514536	-5.157789E-5
-117.493908	-5.388260E-5
-117.473279	-5.578995E-5
-117.452650	-5.777677E-5
-117.432021	-5.841255E-5
-117.411392	-5.976359E-5
-117.390764	-6.047885E-5
-117.370135	-5.992254E-5
-117.349506	-5.873044E-5
-117.328877	-5.666415E-5
-117.308248	-5.340576E-5
-117.287619	-4.990896E-5
-117.266991	-4.529953E-5
-117.246362	-4.013379E-5
-117.225733	-3.425280E-5
-117.205104	-2.741814E-5
-117.184475	-1.986821E-5
-117.163846	-1.144409E-5
-117.143218	-2.463659E-6
-117.122589	5.563100E-6
-117.101960	1.470248E-5
-117.081331	2.463659E-5
-117.060702	3.425280E-5
-117.040074	4.466375E-5
-117.019445	5.507469E-5
-116.998816	6.469091E-5
-116.978187	7.343292E-5
-116.957558	8.185705E-5
-116.936929	8.837382E-5
-116.916301	9.489059E-5
-116.895672	0.000101
-116.875043	0.000106
-116.854414	0.000110
-116.833785	0.000112
-116.813157	0.000112
-116.792528	0.000111
-116.771899	0.000109
-116.751270	0.000106
-116.730641	0.000102
-116.710012	9.735425E-5
-116.689384	9.115537E-5
-116.668755	8.591016E-5
-116.648126	8.018812E-5
-116.627497	7.335345E-5
-116.606868	6.572405E-5
-116.586239	5.873044E-5
-116.565611	5.276998E-5
-116.544982	4.601479E-5
-116.524353	3.989538E-5
-116.503724	3.449122E-5
-116.483095	2.988180E-5
-116.462467	2.590815E-5
-116.441838	2.312660E-5
-116.421209	2.106031E-5
-116.400580	1.899401E-5
-116.379951	1.716614E-5
-116.359322	1.557668E-5
-116.338694	1.589457E-5
-116.318065	1.565615E-5
-116.297436	1.573563E-5
-116.276807	1.541773E-5
-116.256178	1.517932E-5
-116.235550	1.502037E-5
-116.214921	1.271566E-5
-116.194292	1.192093E-5
-116.173663	9.298325E-6
-116.153034	6.675720E-6
-116.132405	2.225240E-6
-116.111777	-3.178914E-6
-116.091148	-9.377797E-6
-116.070519	-1.629194E-5
-116.049890	-2.320608E-5
-116.029261	-3.059705E-5
-116.008632	-3.759066E-5
-115.988004	-4.490217E-5
-115.967375	-5.380313E-5
-115.946746	-6.349881E-5
-115.926117	-7.247925E-5
-115.905488	-8.074443E-5
-115.884860	-8.885066E-5
-115.864231	-9.632111E-5
-115.843602	-0.000103
-115.822973	-0.000109
-115.802344	-0.000114
-115.781715	-0.000118
-115.761087	-0.000122
-115.740458	-0.000123
-115.719829	-0.000124
-115.699200	-0.000122
-115.678571	-0.000118
-115.657943	-0.000114
-115.637314	-0.000109
-115.616685	-0.000101
-115.596056	-9.179115E-5
-115.575427	-8.098284E-5
-115.554798	-7.001559E-5
-115.534170	-5.785624E-5
-115.513541	-4.474322E-5
-115.492912	-3.043811E-5
-115.472283	-1.525879E-5
-115.451654	-7.947286E-8
-115.431025	1.557668E-5
-115.410397	2.948443E-5
-115.389768	4.331271E-5
-115.369139	5.563100E-5
-115.348510	6.635984E-5
-115.327881	7.637342E-5
-115.307253	8.312861E-5
-115.286624	8.765856E-5
-115.265995	8.972486E-5
-115.245366	8.988380E-5
-115.224737	8.853277E-5
-115.204108	8.567174E-5
-115.183480	8.002917E-5
-115.162851	7.287661E-5
-115.142222	6.508827E-5
-115.121593	5.618731E-5
-115.100964	4.601479E-5
-115.080336	3.631910E-5
-115.059707	2.574921E-5
-115.039078	1.533826E-5
-115.018449	6.278356E-6
-114.997820	-1.192093E-6
-114.977191	-7.549922E-6
-114.956563	-1.160304E-5
-114.935934	-1.223882E-5
-114.915305	-1.064936E-5
-114.894676	-7.708867E-6
-114.874047	-2.543132E-6
-114.853418	4.688899E-6
-114.832790	1.327197E-5
-114.812161	2.455711E-5
-114.791532	3.560384E-5
-114.770903	4.768372E-5
-114.750274	6.031990E-5
-114.729646	7.351240E-5
-114.709017	8.551280E-5
-114.688388	9.663900E-5
-114.667759	0.000106
-114.647130	0.000115
-114.626501	0.000122
-114.605873	0.000125
-114.585244	0.000125
-114.564615	0.000123
-114.543986	0.000117
-114.523357	0.000110
-114.502729	0.000100
-114.482100	8.781751E-5
-114.461471	7.390976E-5
-114.440842	5.833308E-5
-114.420213	4.108747E-5
-114.399584	2.177556E-5
-114.378956	2.066294E-6
-114.358327	-1.835823E-5
-114.337698	-3.743172E-5
-114.317069	-5.690257E-5
-114.296440	-7.549922E-5
-114.275811	-9.314219E-5
-114.255183	-0.000108
-114.234554	-0.000121
-114.213925	-0.000131
-114.193296	-0.000140
-114.172667	-0.000147
-114.152039	-0.000150
-114.131410	-0.000153
-114.110781	-0.000154
-114.090152	-0.000151
-114.069523	-0.000146
-114.048894	-0.000141
-114.028266	-0.000134
-114.007637	-0.000125
-113.987008	-0.000117
-113.966379	-0.000107
-113.945750	-9.783109E-5
-113.925122	-8.781751E-5
-113.904493	-7.748604E-5
-113.883864	-6.747246E-5
-113.863235	-5.801519E-5
-113.842606	-4.903475E-5
-113.821977	-3.981590E-5
-113.801349	-3.234545E-5
-113.780720	-2.590815E-5
-113.760091	-1.970927E-5
-113.739462	-1.366933E-5
-113.718833	-9.377797E-6
-113.698204	-6.039937E-6
-113.677576	-3.735224E-6
-113.656947	-1.112620E-6
-113.636318	5.563100E-7
-113.615689	2.940496E-6
-113.595060	3.019969E-6
-113.574432	2.702077E-6
-113.553803	2.225240E-6
-113.533174	3.178914E-7
-113.512545	-7.947286E-7
-113.491916	-1.509984E-6
-113.471287	-2.940496E-6
-113.450659	-5.086263E-6
-113.430030	-6.119410E-6
-113.409401	-6.993612E-6
-113.388772	-4.927317E-6
-113.368143	-3.814697E-6
-113.347515	-1.907349E-6
-113.326886	1.271566E-6
-113.306257	6.755193E-6
-113.285628	1.470248E-5
-113.264999	2.336502E-5
-113.244370	3.274282E-5
-113.223742	4.410744E-5
-113.203113	5.857150E-5
-113.182484	7.279714E-5
-113.161855	8.924802E-5
-113.141226	0.000105
-113.120597	0.000121
-113.099969	0.000137
-113.079340	0.000152
-113.058711	0.000168
-113.038082	0.000182
-113.017453	0.000192
-112.996825	0.000200
-112.976196	0.000208
-112.955567	0.000213
-112.934938	0.000214
-112.914309	0.000212
-112.893680	0.000207
-112.873052	0.000201
-112.852423	0.000192
-112.831794	0.000181
-112.811165	0.000167
-112.790536	0.000151
-112.769908	0.000131
-112.749279	0.000113
-112.728650	9.385745E-5
-112.708021	7.486343E-5
-112.687392	5.563100E-5
-112.666763	3.687541E-5
-112.646135	2.010663E-5
-112.625506	2.940496E-6
-112.604877	-1.303355E-5
-112.584248	-2.694130E-5
-112.563619	-3.902117E-5
-112.542990	-5.054474E-5
-112.522362	-6.039937E-5
-112.501733	-6.977717E-5
-112.481104	-7.700920E-5
-112.460475	-8.296967E-5
-112.439846	-8.877118E-5
-112.419218	-9.234746E-5
-112.398589	-9.544690E-5
-112.377960	-9.854635E-5
-112.357331	-0.000101
-112.336702	-0.000104
-112.316073	-0.000105
-112.295445	-0.000105
-112.274816	-0.000107
-112.254187	-0.000108
-112.233558	-0.000109
-112.212929	-0.000109
-112.192301	-0.000109
-112.171672	-0.000109
-112.151043	-0.000110
-112.130414	-0.000109
-112.109785	-0.000109
-112.089156	-0.000109
-112.068528	-0.000110
-112.047899	-0.000110
-112.027270	-0.000110
-112.006641	-0.000111
-111.986012	-0.000112
-111.965383	-0.000113
-111.944755	-0.000116
-111.924126	-0.000119
-111.903497	-0.000122
-111.882868	-0.000126
-111.862239	-0.000129
-111.841611	-0.000134
-111.820982	-0.000140
-111.800353	-0.000145
-111.779724	-0.000148
-111.759095	-0.000151
-111.738466	-0.000153
-111.717838	-0.000154
-111.697209	-0.000151
-111.676580	-0.000147
-111.655951	-0.000141
-111.635322	-0.000133
-111.614694	-0.000122
-111.594065	-0.000107
-111.573436	-9.004275E-5
-111.552807	-6.977717E-5
-111.532178	-4.831950E-5
-111.511549	-2.535184E-5
-111.490921	1.430511E-6
-111.470292	2.980232E-5
-111.449663	5.849202E-5
-111.429034	8.543332E-5
-111.408405	0.000112
-111.387776	0.000141
-111.367148	0.000169
-111.346519	0.000194
-111.325890	0.000216
-111.305261	0.000234
-111.284632	0.000249
-111.264004	0.000261
-111.243375	0.000269
-111.222746	0.000273
-111.202117	0.000273
-111.181488	0.000266
-111.160859	0.000255
-111.140231	0.000244
-111.119602	0.000228
-111.098973	0.000209
-111.078344	0.000190
-111.057715	0.000169
-111.037087	0.000148
-111.016458	0.000128
-110.995829	0.000105
-110.975200	8.543332E-5
-110.954571	6.818771E-5
-110.933942	5.221367E-5
-110.913314	3.870328E-5
-110.892685	2.781550E-5
-110.872056	2.098083E-5
-110.851427	1.668930E-5
-110.830798	1.414617E-5
-110.810170	1.303355E-5
-110.789541	1.422564E-5
-110.768912	1.605352E-5
-110.748283	1.907349E-5
-110.727654	2.312660E-5
-110.707025	2.686183E-5
-110.686397	2.940496E-5
-110.665768	3.234545E-5
-110.645139	3.353755E-5
-110.624510	3.409386E-5
-110.603881	3.321966E-5
-110.583252	3.163020E-5
-110.562624	2.757708E-5
-110.541995	2.153714E-5
-110.521366	1.422564E-5
-110.500737	4.927317E-6
-110.480108	-7.390976E-6
-110.459480	-1.970927E-5
-110.438851	-3.457069E-5
-110.418222	-5.110105E-5
-110.397593	-6.930033E-5
-110.376964	-8.988380E-5
-110.356335	-0.000111
-110.335707	-0.000133
-110.315078	-0.000154
-110.294449	-0.000176
-110.273820	-0.000198
-110.253191	-0.000222
-110.232563	-0.000245
-110.211934	-0.000269
-110.191305	-0.000289
-110.170676	-0.000303
-110.150047	-0.000315
-110.129418	-0.000322
-110.108790	-0.000324
-110.088161	-0.000321
-110.067532	-0.000313
-110.046903	-0.000301
-110.026274	-0.000284
-110.005645	-0.000262
-109.985017	-0.000236
-109.964388	-0.000207
-109.943759	-0.000173
-109.923130	-0.000137
-109.902501	-0.000101
-109.881873	-6.484985E-5
-109.861244	-2.916654E-5
-109.840615	6.755193E-6
-109.819986	3.989538E-5
-109.799357	6.866455E-5
-109.778728	9.433428E-5
-109.758100	0.000117
-109.737471	0.000135
-109.716842	0.000149
-109.696213	0.000157
-109.675584	0.000160
-109.654956	0.000158
-109.634327	0.000153
-109.613698	0.000146
-109.593069	0.000138
-109.572440	0.000130
-109.551811	0.000122
-109.531183	0.000114
-109.510554	0.000108
-109.489925	0.000106
-109.469296	0.000107
-109.448667	0.000114
-109.428038	0.000125
-109.407410	0.000142
-109.386781	0.000163
-109.366152	0.000191
-109.345523	0.000222
-109.324894	0.000255
-109.304266	0.000292
-109.283637	0.000328
-109.263008	0.000366
-109.242379	0.000403
-109.221750	0.000438
-109.201121	0.000468
-109.180493	0.000490
-109.159864	0.000506
-109.139235	0.000514
-109.118606	0.000513
-109.097977	0.000502
-109.077349	0.000482
-109.056720	0.000456
-109.036091	0.000421
-109.015462	0.000378
-108.994833	0.000325
-108.974204	0.000268
-108.953576	0.000210
-108.932947	0.000152
-108.912318	9.497007E-5
-108.891689	3.814697E-5
-108.871060	-1.668930E-5
-108.850431	-6.620089E-5
-108.829803	-0.000108
-108.809174	-0.000143
-108.788545	-0.000169
-108.767916	-0.000188
-108.747287	-0.000199
-108.726659	-0.000202
-108.706030	-0.000198
-108.685401	-0.000190
-108.664772	-0.000173
-108.644143	-0.000156
-108.623514	-0.000135
-108.602886	-0.000114
-108.582257	-9.489059E-5
-108.561628	-7.963181E-5
-108.540999	-6.723404E-5
-108.520370	-5.737940E-5
-108.499742	-5.221367E-5
-108.479113	-5.292892E-5
-108.458484	-5.920728E-5
-108.437855	-6.977717E-5
-108.417226	-8.662542E-5
-108.396597	-0.000112
-108.375969	-0.000144
-108.355340	-0.000181
-108.334711	-0.000223
-108.314082	-0.000270
-108.293453	-0.000323
-108.272824	-0.000375
-108.252196	-0.000430
-108.231567	-0.000485
-108.210938	-0.000536
-108.190309	-0.000591
-108.169680	-0.000644
-108.149052	-0.000693
-108.128423	-0.000731
-108.107794	-0.000759
-108.087165	-0.000778
-108.066536	-0.000786
-108.045907	-0.000781
-108.025279	-0.000765
-108.004650	-0.000735
-107.984021	-0.000684
-107.963392	-0.000616
-107.942763	-0.000538
-107.922135	-0.000451
-107.901506	-0.000350
-107.880877	-0.000243
-107.860248	-0.000127
-107.839619	-2.241135E-5
-107.818990	8.161863E-5
-107.798362	0.000179
-107.777733	0.000271
-107.757104	0.000357
-107.736475	0.000429
-107.715846	0.000486
-107.695217	0.000527
-107.674589	0.000548
-107.653960	0.000554
-107.633331	0.000544
-107.612702	0.000519
-107.592073	0.000481
-107.571445	0.000438
-107.550816	0.000385
-107.530187	0.000323
-107.509558	0.000258
-107.488929	0.000192
-107.468300	0.000129
-107.447672	6.381671E-5
-107.427043	1.033147E-6
-107.406414	-5.817413E-5
-107.385785	-0.000116
-107.365156	-0.000172
-107.344528	-0.000228
-107.323899	-0.000284
-107.303270	-0.000339
-107.282641	-0.000396
-107.262012	-0.000459
-107.241383	-0.000525
-107.220755	-0.000596
-107.200126	-0.000668
-107.179497	-0.000740
-107.158868	-0.000820
-107.138239	-0.000901
-107.117610	-0.000971
-107.096982	-0.001035
-107.076353	-0.001093
-107.055724	-0.001141
-107.035095	-0.001171
-107.014466	-0.001179
-106.993838	-0.001172
-106.973209	-0.001136
-106.952580	-0.001080
-106.931951	-0.000992
-106.911322	-0.000886
-106.890693	-0.000760
-106.870065	-0.000607
-106.849436	-0.000438
-106.828807	-0.000247
-106.808178	-4.609426E-5
-106.787549	0.000153
-106.766921	0.000362
-106.746292	0.000573
-106.725663	0.000783
-106.705034	0.000984
-106.684405	0.001163
-106.663776	0.001324
-106.643148	0.001471
-106.622519	0.001595
-106.601890	0.001686
-106.581261	0.001750
-106.560632	0.001787
-106.540003	0.001802
-106.519375	0.001783
-106.498746	0.001742
-106.478117	0.001691
-106.457488	0.001627
-106.436859	0.001542
-106.416231	0.001439
-106.395602	0.001322
-106.374973	0.001200
-106.354344	0.001085
-106.333715	0.000966
-106.313086	0.000845
-106.292458	0.000724
-106.271829	0.000603
-106.251200	0.000488
-106.230571	0.000381
-106.209942	0.000281
-106.189314	0.000185
-106.168685	9.576480E-5
-106.148056	2.209345E-5
-106.127427	-4.673004E-5
-106.106798	-0.000105
-106.086169	-0.000159
-106.065541	-0.000205
-106.044912	-0.000244
-106.024283	-0.000276
-106.003654	-0.000301
-105.983025	-0.000320
-105.962396	-0.000336
-105.941768	-0.000348
-105.921139	-0.000354
-105.900510	-0.000356
-105.879881	-0.000355
-105.859252	-0.000352
-105.838624	-0.000346
-105.817995	-0.000338
-105.797366	-0.000328
-105.776737	-0.000318
-105.756108	-0.000311
-105.735479	-0.000301
-105.714851	-0.000289
-105.694222	-0.000277
-105.673593	-0.000267
-105.652964	-0.000258
-105.632335	-0.000247
-105.611707	-0.000236
-105.591078	-0.000224
-105.570449	-0.000214
-105.549820	-0.000205
-105.529191	-0.000196
-105.508562	-0.000186
-105.487934	-0.000176
-105.467305	-0.000168
-105.446676	-0.000160
-105.426047	-0.000152
-105.405418	-0.000145
-105.384789	-0.000138
-105.364161	-0.000132
-105.343532	-0.000125
-105.322903	-0.000118
-105.302274	-0.000113
-105.281645	-0.000109
-105.261017	-0.000104
-105.240388	-9.997686E-5
-105.219759	-9.592374E-5
-105.199130	-9.179115E-5
-105.178501	-8.734067E-5
-105.157872	-8.241336E-5
-105.137244	-7.947286E-5
-105.116615	-7.637342E-5
-105.095986	-7.383029E-5
-105.075357	-7.136663E-5
-105.054728	-6.794930E-5
-105.034100	-6.643931E-5
-105.013471	-6.437302E-5
-104.992842	-6.286303E-5
-104.972213	-6.024043E-5
-104.951584	-5.809466E-5
-104.930955	-5.523364E-5
-104.910327	-5.348523E-5
-104.889698	-5.118052E-5
-104.869069	-5.030632E-5
-104.848440	-4.887581E-5
-104.827811	-4.673004E-5
-104.807182	-4.442533E-5
-104.786554	-4.394849E-5
-104.765925	-4.259745E-5
-104.745296	-4.132589E-5
-104.724667	-3.965696E-5
-104.704038	-3.830592E-5
-104.683410	-3.687541E-5
-104.662781	-3.520648E-5
-104.642152	-3.314018E-5
-104.621523	-3.226598E-5
-104.600894	-3.178914E-5
-104.580265	-3.043811E-5
-104.559637	-2.988180E-5
-104.539008	-2.789497E-5
-104.518379	-2.741814E-5
-104.497750	-2.678235E-5
-104.477121	-2.535184E-5
-104.456493	-2.344449E-5
-104.435864	-2.217293E-5
-104.415235	-2.153714E-5
-104.394606	-2.074242E-5
-104.373977	-2.010663E-5
-104.353348	-1.875559E-5
-104.332720	-1.740456E-5
-104.312091	-1.629194E-5
-104.291462	-1.517932E-5
-104.270833	-1.454353E-5
-104.250204	-1.366933E-5
-104.229576	-1.263618E-5
-104.208947	-1.319249E-5
-104.188318	-1.168251E-5
-104.167689	-1.136462E-5
-104.147060	-1.080831E-5
-104.126431	-1.072884E-5
-104.105803	-9.616216E-6
-104.085174	-8.662542E-6
-104.064545	-7.629395E-6
-104.043916	-8.265177E-6
-104.023287	-7.788340E-6
-104.002658	-7.073085E-6
-103.982030	-5.324682E-6
-103.961401	-4.529953E-6
-103.940772	-3.894170E-6
-103.920143	-3.337860E-6
-103.899514	-3.735224E-6
-103.878886	-4.291534E-6
-103.858257	-3.894170E-6
-103.837628	-2.781550E-6
-103.816999	-2.384186E-6
-103.796370	-2.066294E-6
-103.775741	-1.271566E-6
-103.755113	-1.430511E-6
-103.734484	-1.271566E-6
-103.713855	-5.563100E-7
-103.693226	-1.192093E-6
-103.672597	-1.033147E-6
-103.651969	0.000000
-103.631340	-1.589457E-7
-103.610711	-1.589457E-7
-103.590082	-7.947286E-8
-103.569453	-1.589457E-7
-103.548824	2.384186E-7
-103.528196	7.152557E-7
-103.507567	9.536743E-7
-103.486938	1.033147E-6
-103.466309	6.357829E-7
-103.445680	3.973643E-7
-103.425051	1.509984E-6
-103.404423	1.668930E-6
-103.383794	1.192093E-6
-103.363165	9.536743E-7
-103.342536	-4.768372E-7
-103.321907	6.357829E-7
-103.301279	1.112620E-6
-103.280650	1.192093E-6
-103.260021	8.742015E-7
-103.239392	1.351039E-6
-103.218763	1.192093E-6
-103.198134	2.304713E-6
-103.177506	2.225240E-6
-103.156877	1.589457E-6
-103.136248	1.748403E-6
-103.115619	2.702077E-6
-103.094990	2.225240E-6
-103.074362	2.225240E-6
-103.053733	2.781550E-6
-103.033104	2.304713E-6
-103.012475	2.304713E-6
-102.991846	2.622604E-6
-102.971217	2.145767E-6
-102.950589	1.668930E-6
-102.929960	1.589457E-6
-102.909331	1.668930E-6
-102.888702	2.066294E-6
-102.868073	2.066294E-6
-102.847444	2.225240E-6
-102.826816	2.145767E-6
-102.806187	1.907349E-6
-102.785558	2.463659E-6
-102.764929	2.384186E-6
-102.744300	1.907349E-6
-102.723672	1.668930E-6
-102.703043	1.668930E-6
-102.682414	1.748403E-6
-102.661785	1.509984E-6
-102.641156	2.225240E-6
-102.620527	2.543132E-6
-102.599899	1.986821E-6
-102.579270	1.430511E-6
-102.558641	8.742015E-7
-102.538012	7.152557E-7
-102.517383	1.589457E-6
-102.496755	1.192093E-6
-102.476126	1.351039E-6
-102.455497	9.536743E-7
-102.434868	-1.589457E-7
-102.414239	5.563100E-7
-102.393610	1.033147E-6
-102.372982	2.384186E-7
-102.352353	2.384186E-7
-102.331724	3.178914E-7
-102.311095	4.768372E-7
-102.290466	7.152557E-7
-102.269837	8.742015E-7
-102.249209	7.152557E-7
-102.228580	1.033147E-6
-102.207951	1.668930E-6
-102.187322	7.947286E-7
-102.166693	6.357829E-7
-102.146065	8.742015E-7
-102.125436	1.033147E-6
-102.104807	5.563100E-7
-102.084178	0.000000
-102.063549	3.178914E-7
-102.042920	6.357829E-7
-102.022292	1.112620E-6
-102.001663	1.589457E-6
-101.981034	2.384186E-7
-101.960405	-3.973643E-7
-101.939776	0.000000
-101.919148	3.973643E-7
-101.898519	-5.563100E-7
-101.877890	-6.357829E-7
-101.857261	2.384186E-7
-101.836632	3.178914E-7
-101.816003	2.384186E-7
-101.795375	7.947286E-8
-101.774746	2.384186E-7
-101.754117	7.152557E-7
-101.733488	9.536743E-7
-101.712859	3.973643E-7
-101.692230	4.768372E-7
-101.671602	6.357829E-7
-101.650973	9.536743E-7
-101.630344	1.271566E-6
-101.609715	7.152557E-7
-101.589086	2.384186E-7
-101.568458	3.973643E-7
-101.547829	1.589457E-7
-101.527200	0.000000
-101.506571	0.000000
-101.485942	2.384186E-7
-101.465313	-1.589457E-7
-101.444685	0.000000
-101.424056	6.357829E-7
-101.403427	4.768372E-7
-101.382798	4.768372E-7
-101.362169	6.357829E-7
-101.341541	1.589457E-7
-101.320912	-7.947286E-7
-101.300283	-4.768372E-7
-101.279654	-7.947286E-7
-101.259025	-1.589457E-7
-101.238396	-7.947286E-8
-101.217768	-3.973643E-7
-101.197139	-2.384186E-7
-101.176510	0.000000
-101.155881	-4.768372E-7
-101.135252	-6.357829E-7
-101.114623	1.589457E-7
-101.093995	-3.973643E-7
-101.073366	-1.112620E-6
-101.052737	-9.536743E-7
-101.032108	-7.152557E-7
-101.011479	8.742015E-7
-100.990851	1.033147E-6
-100.970222	6.357829E-7
-100.949593	4.768372E-7
-100.928964	2.384186E-7
-100.908335	-5.563100E-7
-100.887706	-6.357829E-7
-100.867078	-5.563100E-7
-100.846449	-1.589457E-7
-100.825820	0.000000
-100.805191	3.178914E-7
-100.784562	3.178914E-7
-100.763934	-3.178914E-7
-100.743305	-9.536743E-7
-100.722676	-9.536743E-7
-100.702047	-3.973643E-7
-100.681418	8.742015E-7
-100.660789	2.384186E-7
-100.640161	2.384186E-7
-100.619532	-1.589457E-7
-100.598903	0.000000
-100.578274	-2.384186E-7
-100.557645	-5.563100E-7
-100.537016	7.152557E-7
-100.516388	6.357829E-7
-100.495759	7.947286E-8
-100.475130	1.589457E-7
-100.454501	2.384186E-7
-100.433872	3.178914E-7
-100.413244	1.271566E-6
-100.392615	1.112620E-6
-100.371986	1.033147E-6
-100.351357	7.152557E-7
-100.330728	7.152557E-7
-100.310099	4.768372E-7
-100.289471	2.384186E-7
-100.268842	7.947286E-8
-100.248213	4.768372E-7
-100.227584	3.973643E-7
-100.206955	7.947286E-7
-100.186327	9.536743E-7
-100.165698	-1.589457E-7
-100.145069	-7.947286E-8
-100.124440	2.384186E-7
-100.103811	4.768372E-7
-100.083182	1.589457E-7
-100.062554	0.000000
-100.041925	-2.384186E-7
-100.021296	-7.152557E-7
