-142.000947	-1.668930E-6
-141.980319	-1.430511E-6
-141.959690	-9.536743E-7
-141.939061	-1.430511E-6
-141.918432	-6.357829E-7
-141.897803	6.357829E-7
-141.877174	2.066294E-6
-141.856546	2.781550E-6
-141.835917	3.099442E-6
-141.815288	3.417333E-6
-141.794659	4.847844E-6
-141.774030	5.324682E-6
-141.753401	6.437302E-6
-141.732773	6.039937E-6
-141.712144	5.483627E-6
-141.691515	5.563100E-6
-141.670886	5.086263E-6
-141.650257	5.006790E-6
-141.629629	4.450480E-6
-141.609000	3.735224E-6
-141.588371	2.702077E-6
-141.567742	1.509984E-6
-141.547113	3.973643E-7
-141.526484	-1.192093E-6
-141.505856	-1.827876E-6
-141.485227	-2.463659E-6
-141.464598	-3.099442E-6
-141.443969	-4.450480E-6
-141.423340	-4.291534E-6
-141.402712	-4.768372E-6
-141.382083	-4.529953E-6
-141.361454	-4.371007E-6
-141.340825	-4.609426E-6
-141.320196	-3.973643E-6
-141.299567	-3.735224E-6
-141.278939	-3.894170E-6
-141.258310	-3.973643E-6
-141.237681	-3.576279E-6
-141.217052	-3.973643E-6
-141.196423	-4.450480E-6
-141.175794	-3.973643E-6
-141.155166	-4.053116E-6
-141.134537	-5.006790E-6
-141.113908	-5.404154E-6
-141.093279	-5.404154E-6
-141.072650	-5.801519E-6
-141.052022	-6.516774E-6
-141.031393	-6.755193E-6
-141.010764	-6.834666E-6
-140.990135	-7.232030E-6
-140.969506	-6.993612E-6
-140.948877	-7.232030E-6
-140.928249	-6.914139E-6
-140.907620	-5.086263E-6
-140.886991	-3.337860E-6
-140.866362	-2.622604E-6
-140.845733	-1.589457E-6
-140.825105	-1.589457E-7
-140.804476	1.430511E-6
-140.783847	2.145767E-6
-140.763218	4.768372E-6
-140.742589	6.357829E-6
-140.721960	6.755193E-6
-140.701332	7.629395E-6
-140.680703	8.583069E-6
-140.660074	9.934107E-6
-140.639445	1.104673E-5
-140.618816	1.176198E-5
-140.598187	1.152356E-5
-140.577559	1.112620E-5
-140.556930	1.136462E-5
-140.536301	1.120567E-5
-140.515672	1.096725E-5
-140.495043	1.056989E-5
-140.474415	1.041094E-5
-140.453786	1.033147E-5
-140.433157	9.854635E-6
-140.412528	9.854635E-6
-140.391899	9.218852E-6
-140.371270	8.106232E-6
-140.350642	8.900960E-6
-140.330013	8.265177E-6
-140.309384	7.788340E-6
-140.288755	7.152557E-6
-140.268126	7.311503E-6
-140.247498	8.742015E-6
-140.226869	9.218852E-6
-140.206240	8.503596E-6
-140.185611	8.185705E-6
-140.164982	7.390976E-6
-140.144353	7.788340E-6
-140.123725	7.947286E-6
-140.103096	7.867813E-6
-140.082467	7.152557E-6
-140.061838	6.755193E-6
-140.041209	6.993612E-6
-140.020580	7.232030E-6
-139.999952	6.357829E-6
-139.979323	5.801519E-6
-139.958694	6.914139E-6
-139.938065	6.357829E-6
-139.917436	5.324682E-6
-139.896808	4.927317E-6
-139.876179	4.609426E-6
-139.855550	3.814697E-6
-139.834921	2.622604E-6
-139.814292	1.907349E-6
-139.793663	1.033147E-6
-139.773035	7.947286E-8
-139.752406	-6.357829E-7
-139.731777	-1.589457E-6
-139.711148	-2.225240E-6
-139.690519	-3.337860E-6
-139.669891	-4.768372E-6
-139.649262	-5.722046E-6
-139.628633	-7.311503E-6
-139.608004	-8.424123E-6
-139.587375	-1.017253E-5
-139.566746	-1.088778E-5
-139.546118	-1.231829E-5
-139.525489	-1.255671E-5
-139.504860	-1.263618E-5
-139.484231	-1.200040E-5
-139.463602	-1.184146E-5
-139.442973	-1.215935E-5
-139.422345	-1.215935E-5
-139.401716	-1.120567E-5
-139.381087	-1.120567E-5
-139.360458	-1.215935E-5
-139.339829	-1.160304E-5
-139.319201	-1.049042E-5
-139.298572	-1.080831E-5
-139.277943	-1.072884E-5
-139.257314	-1.072884E-5
-139.236685	-1.025200E-5
-139.216056	-1.009305E-5
-139.195428	-1.041094E-5
-139.174799	-1.001358E-5
-139.154170	-9.298325E-6
-139.133541	-8.900960E-6
-139.112912	-9.139379E-6
-139.092284	-8.662542E-6
-139.071655	-7.549922E-6
-139.051026	-6.993612E-6
-139.030397	-6.198883E-6
-139.009768	-5.086263E-6
-138.989139	-3.655752E-6
-138.968511	-2.543132E-6
-138.947882	-2.384186E-7
-138.927253	1.192093E-6
-138.906624	2.066294E-6
-138.885995	3.735224E-6
-138.865366	5.642573E-6
-138.844738	6.357829E-6
-138.824109	6.834666E-6
-138.803480	8.106232E-6
-138.782851	7.947286E-6
-138.762222	7.629395E-6
-138.741594	6.675720E-6
-138.720965	6.039937E-6
-138.700336	5.960464E-6
-138.679707	5.324682E-6
-138.659078	4.688899E-6
-138.638449	4.371007E-6
-138.617821	3.576279E-6
-138.597192	2.543132E-6
-138.576563	2.304713E-6
-138.555934	2.145767E-6
-138.535305	1.112620E-6
-138.514677	1.430511E-6
-138.494048	1.907349E-6
-138.473419	1.907349E-6
-138.452790	1.589457E-6
-138.432161	1.351039E-6
-138.411532	3.178914E-7
-138.390904	8.742015E-7
-138.370275	2.781550E-6
-138.349646	2.702077E-6
-138.329017	1.986821E-6
-138.308388	2.225240E-6
-138.287759	2.145767E-6
-138.267131	2.304713E-6
-138.246502	2.463659E-6
-138.225873	2.940496E-6
-138.205244	3.496806E-6
-138.184615	3.655752E-6
-138.163987	4.450480E-6
-138.143358	5.006790E-6
-138.122729	5.642573E-6
-138.102100	4.927317E-6
-138.081471	6.675720E-6
-138.060842	7.390976E-6
-138.040214	6.516774E-6
-138.019585	5.642573E-6
-137.998956	5.563100E-6
-137.978327	4.450480E-6
-137.957698	3.496806E-6
-137.937070	2.781550E-6
-137.916441	2.304713E-6
-137.895812	1.430511E-6
-137.875183	4.768372E-7
-137.854554	-1.351039E-6
-137.833925	-3.178914E-6
-137.813297	-4.450480E-6
-137.792668	-5.642573E-6
-137.772039	-6.039937E-6
-137.751410	-6.675720E-6
-137.730781	-8.265177E-6
-137.710152	-8.742015E-6
-137.689524	-9.536743E-6
-137.668895	-9.695689E-6
-137.648266	-1.080831E-5
-137.627637	-1.144409E-5
-137.607008	-1.152356E-5
-137.586380	-1.144409E-5
-137.565751	-1.120567E-5
-137.545122	-1.128515E-5
-137.524493	-1.168251E-5
-137.503864	-1.144409E-5
-137.483235	-1.072884E-5
-137.462607	-1.152356E-5
-137.441978	-1.152356E-5
-137.421349	-1.096725E-5
-137.400720	-1.025200E-5
-137.380091	-9.616216E-6
-137.359463	-8.583069E-6
-137.338834	-8.980433E-6
-137.318205	-8.821487E-6
-137.297576	-8.265177E-6
-137.276947	-7.549922E-6
-137.256318	-6.755193E-6
-137.235690	-5.483627E-6
-137.215061	-4.450480E-6
-137.194432	-3.894170E-6
-137.173803	-4.212062E-6
-137.153174	-4.212062E-6
-137.132545	-3.973643E-6
-137.111917	-3.894170E-6
-137.091288	-2.702077E-6
-137.070659	-1.668930E-6
-137.050030	-1.271566E-6
-137.029401	-3.973643E-7
-137.008773	-3.178914E-7
-136.988144	-3.178914E-7
-136.967515	-6.357829E-7
-136.946886	-1.271566E-6
-136.926257	-1.351039E-6
-136.905628	-7.947286E-7
-136.885000	-8.742015E-7
-136.864371	-6.357829E-7
-136.843742	-1.112620E-6
-136.823113	-1.351039E-6
-136.802484	-2.384186E-7
-136.781856	7.152557E-7
-136.761227	1.033147E-6
-136.740598	1.430511E-6
-136.719969	2.940496E-6
-136.699340	3.099442E-6
-136.678711	3.019969E-6
-136.658083	3.337860E-6
-136.637454	4.768372E-6
-136.616825	6.357829E-6
-136.596196	7.708867E-6
-136.575567	8.185705E-6
-136.554939	8.821487E-6
-136.534310	9.139379E-6
-136.513681	9.298325E-6
-136.493052	1.120567E-5
-136.472423	1.160304E-5
-136.451794	1.215935E-5
-136.431166	1.271566E-5
-136.410537	1.327197E-5
-136.389908	1.358986E-5
-136.369279	1.502037E-5
-136.348650	1.557668E-5
-136.328021	1.502037E-5
-136.307393	1.351039E-5
-136.286764	1.382828E-5
-136.266135	1.422564E-5
-136.245506	1.366933E-5
-136.224877	1.231829E-5
-136.204249	1.152356E-5
-136.183620	1.056989E-5
-136.162991	9.616216E-6
-136.142362	8.185705E-6
-136.121733	6.119410E-6
-136.101104	4.291534E-6
-136.080476	3.099442E-6
-136.059847	1.033147E-6
-136.039218	-7.152557E-7
-136.018589	-2.463659E-6
-135.997960	-5.086263E-6
-135.977332	-7.311503E-6
-135.956703	-9.218852E-6
-135.936074	-1.025200E-5
-135.915445	-1.112620E-5
-135.894816	-1.215935E-5
-135.874187	-1.430511E-5
-135.853559	-1.541773E-5
-135.832930	-1.629194E-5
-135.812301	-1.668930E-5
-135.791672	-1.796087E-5
-135.771043	-1.851718E-5
-135.750414	-1.811981E-5
-135.729786	-1.756350E-5
-135.709157	-1.684825E-5
-135.688528	-1.502037E-5
-135.667899	-1.509984E-5
-135.647270	-1.414617E-5
-135.626642	-1.422564E-5
-135.606013	-1.351039E-5
-135.585384	-1.247724E-5
-135.564755	-1.207987E-5
-135.544126	-1.239777E-5
-135.523497	-1.112620E-5
-135.502869	-1.072884E-5
-135.482240	-1.080831E-5
-135.461611	-9.934107E-6
-135.440982	-9.695689E-6
-135.420353	-9.854635E-6
-135.399725	-9.059906E-6
-135.379096	-8.344650E-6
-135.358467	-7.708867E-6
-135.337838	-6.596247E-6
-135.317209	-5.880992E-6
-135.296580	-4.529953E-6
-135.275952	-3.099442E-6
-135.255323	-2.940496E-6
-135.234694	-2.304713E-6
-135.214065	-1.907349E-6
-135.193436	-1.509984E-6
-135.172807	-6.357829E-7
-135.152179	7.947286E-8
-135.131550	9.536743E-7
-135.110921	5.563100E-7
-135.090292	1.192093E-6
-135.069663	1.986821E-6
-135.049035	2.702077E-6
-135.028406	2.702077E-6
-135.007777	2.861023E-6
-134.987148	3.178914E-6
-134.966519	3.735224E-6
-134.945890	4.291534E-6
-134.925262	4.291534E-6
-134.904633	4.927317E-6
-134.884004	5.086263E-6
-134.863375	5.245209E-6
-134.842746	5.324682E-6
-134.822118	5.960464E-6
-134.801489	6.993612E-6
-134.780860	7.152557E-6
-134.760231	6.755193E-6
-134.739602	7.311503E-6
-134.718973	8.503596E-6
-134.698345	8.821487E-6
-134.677716	9.616216E-6
-134.657087	1.152356E-5
-134.636458	1.279513E-5
-134.615829	1.390775E-5
-134.595200	1.502037E-5
-134.574572	1.589457E-5
-134.553943	1.724561E-5
-134.533314	1.796087E-5
-134.512685	1.907349E-5
-134.492056	2.010663E-5
-134.471428	2.121925E-5
-134.450799	2.209345E-5
-134.430170	2.225240E-5
-134.409541	2.201398E-5
-134.388912	2.113978E-5
-134.368283	1.978874E-5
-134.347655	1.827876E-5
-134.327026	1.684825E-5
-134.306397	1.454353E-5
-134.285768	1.120567E-5
-134.265139	9.298325E-6
-134.244511	6.437302E-6
-134.223882	3.099442E-6
-134.203253	-3.178914E-7
-134.182624	-2.781550E-6
-134.161995	-5.245209E-6
-134.141366	-8.265177E-6
-134.120738	-1.128515E-5
-134.100109	-1.327197E-5
-134.079480	-1.398722E-5
-134.058851	-1.454353E-5
-134.038222	-1.494090E-5
-134.017593	-1.597404E-5
-133.996965	-1.597404E-5
-133.976336	-1.573563E-5
-133.955707	-1.509984E-5
-133.935078	-1.486142E-5
-133.914449	-1.470248E-5
-133.893821	-1.414617E-5
-133.873192	-1.311302E-5
-133.852563	-1.215935E-5
-133.831934	-1.041094E-5
-133.811305	-9.536743E-6
-133.790676	-8.742015E-6
-133.770048	-8.026759E-6
-133.749419	-8.344650E-6
-133.728790	-8.583069E-6
-133.708161	-8.742015E-6
-133.687532	-8.980433E-6
-133.666904	-9.139379E-6
-133.646275	-9.377797E-6
-133.625646	-9.059906E-6
-133.605017	-8.821487E-6
-133.584388	-9.536743E-6
-133.563759	-1.096725E-5
-133.543131	-1.192093E-5
-133.522502	-1.192093E-5
-133.501873	-1.104673E-5
-133.481244	-1.056989E-5
-133.460615	-1.128515E-5
-133.439986	-1.176198E-5
-133.419358	-1.239777E-5
-133.398729	-1.152356E-5
-133.378100	-1.056989E-5
-133.357471	-9.218852E-6
-133.336842	-7.867813E-6
-133.316214	-8.265177E-6
-133.295585	-8.026759E-6
-133.274956	-7.311503E-6
-133.254327	-6.119410E-6
-133.233698	-4.847844E-6
-133.213069	-3.735224E-6
-133.192441	-3.735224E-6
-133.171812	-2.622604E-6
-133.151183	-3.178914E-7
-133.130554	1.033147E-6
-133.109925	1.351039E-6
-133.089297	1.827876E-6
-133.068668	2.384186E-6
-133.048039	3.178914E-6
-133.027410	4.529953E-6
-133.006781	5.165736E-6
-132.986152	5.563100E-6
-132.965524	6.437302E-6
-132.944895	6.993612E-6
-132.924266	8.106232E-6
-132.903637	8.583069E-6
-132.883008	1.001358E-5
-132.862379	1.128515E-5
-132.841751	1.247724E-5
-132.821122	1.335144E-5
-132.800493	1.414617E-5
-132.779864	1.589457E-5
-132.759235	1.660983E-5
-132.738607	1.811981E-5
-132.717978	1.899401E-5
-132.697349	1.915296E-5
-132.676720	1.994769E-5
-132.656091	1.994769E-5
-132.635462	1.978874E-5
-132.614834	1.931190E-5
-132.594205	1.883507E-5
-132.573576	1.716614E-5
-132.552947	1.660983E-5
-132.532318	1.525879E-5
-132.511690	1.351039E-5
-132.491061	1.255671E-5
-132.470432	9.775162E-6
-132.449803	6.596247E-6
-132.429174	3.973643E-6
-132.408545	2.304713E-6
-132.387917	-7.947286E-8
-132.367288	-1.907349E-6
-132.346659	-3.894170E-6
-132.326030	-5.006790E-6
-132.305401	-6.278356E-6
-132.284772	-7.629395E-6
-132.264144	-8.503596E-6
-132.243515	-7.788340E-6
-132.222886	-8.265177E-6
-132.202257	-8.026759E-6
-132.181628	-8.583069E-6
-132.161000	-8.662542E-6
-132.140371	-7.549922E-6
-132.119742	-7.073085E-6
-132.099113	-6.993612E-6
-132.078484	-6.675720E-6
-132.057855	-6.437302E-6
-132.037227	-7.549922E-6
-132.016598	-8.185705E-6
-131.995969	-8.583069E-6
-131.975340	-9.139379E-6
-131.954711	-1.017253E-5
-131.934083	-1.064936E-5
-131.913454	-1.231829E-5
-131.892825	-1.462301E-5
-131.872196	-1.637141E-5
-131.851567	-1.875559E-5
-131.830938	-2.026558E-5
-131.810310	-2.153714E-5
-131.789681	-2.225240E-5
-131.769052	-2.423922E-5
-131.748423	-2.415975E-5
-131.727794	-2.423922E-5
-131.707165	-2.447764E-5
-131.686537	-2.431870E-5
-131.665908	-2.304713E-5
-131.645279	-2.185504E-5
-131.624650	-2.042452E-5
-131.604021	-1.962980E-5
-131.583393	-1.772245E-5
-131.562764	-1.573563E-5
-131.542135	-1.374880E-5
-131.521506	-1.239777E-5
-131.500877	-1.136462E-5
-131.480248	-9.457270E-6
-131.459620	-7.311503E-6
-131.438991	-6.039937E-6
-131.418362	-4.291534E-6
-131.397733	-3.655752E-6
-131.377104	-1.986821E-6
-131.356476	-1.112620E-6
-131.335847	-6.357829E-7
-131.315218	-8.742015E-7
-131.294589	-1.271566E-6
-131.273960	-6.357829E-7
-131.253331	3.973643E-7
-131.232703	0.000000
-131.212074	7.152557E-7
-131.191445	7.152557E-7
-131.170816	1.748403E-6
-131.150187	3.735224E-6
-131.129558	5.563100E-6
-131.108930	7.788340E-6
-131.088301	9.298325E-6
-131.067672	1.025200E-5
-131.047043	1.239777E-5
-131.026414	1.454353E-5
-131.005786	1.621246E-5
-130.985157	1.780192E-5
-130.964528	1.835823E-5
-130.943899	1.994769E-5
-130.923270	1.986821E-5
-130.902641	1.955032E-5
-130.882013	1.931190E-5
-130.861384	1.827876E-5
-130.840755	1.653035E-5
-130.820126	1.581510E-5
-130.799497	1.494090E-5
-130.778869	1.414617E-5
-130.758240	1.231829E-5
-130.737611	9.934107E-6
-130.716982	8.026759E-6
-130.696353	6.993612E-6
-130.675724	5.404154E-6
-130.655096	4.291534E-6
-130.634467	3.655752E-6
-130.613838	2.781550E-6
-130.593209	2.066294E-6
-130.572580	1.668930E-6
-130.551952	2.304713E-6
-130.531323	2.145767E-6
-130.510694	1.192093E-6
-130.490065	1.351039E-6
-130.469436	2.463659E-6
-130.448807	3.019969E-6
-130.428179	3.894170E-6
-130.407550	5.086263E-6
-130.386921	5.404154E-6
-130.366292	4.371007E-6
-130.345663	3.337860E-6
-130.325034	2.861023E-6
-130.304406	1.351039E-6
-130.283777	1.192093E-6
-130.263148	3.178914E-7
-130.242519	-1.112620E-6
-130.221890	-3.735224E-6
-130.201262	-5.245209E-6
-130.180633	-7.549922E-6
-130.160004	-1.112620E-5
-130.139375	-1.382828E-5
-130.118746	-1.581510E-5
-130.098117	-1.835823E-5
-130.077489	-2.082189E-5
-130.056860	-2.344449E-5
-130.036231	-2.543132E-5
-130.015602	-2.710025E-5
-129.994973	-2.916654E-5
-129.974345	-3.035863E-5
-129.953716	-3.067652E-5
-129.933087	-3.012021E-5
-129.912458	-3.027916E-5
-129.891829	-2.892812E-5
-129.871200	-2.765656E-5
-129.850572	-2.606710E-5
-129.829943	-2.320608E-5
-129.809314	-1.986821E-5
-129.788685	-1.764297E-5
-129.768056	-1.478195E-5
-129.747427	-1.064936E-5
-129.726799	-7.390976E-6
-129.706170	-3.894170E-6
-129.685541	-3.178914E-7
-129.664912	2.225240E-6
-129.644283	4.450480E-6
-129.623655	6.993612E-6
-129.603026	8.344650E-6
-129.582397	1.001358E-5
-129.561768	1.128515E-5
-129.541139	1.184146E-5
-129.520510	1.104673E-5
-129.499882	1.088778E-5
-129.479253	1.088778E-5
-129.458624	9.536743E-6
-129.437995	7.708867E-6
-129.417366	5.722046E-6
-129.396738	4.847844E-6
-129.376109	4.053116E-6
-129.355480	3.099442E-6
-129.334851	1.509984E-6
-129.314222	5.563100E-7
-129.293593	6.357829E-7
-129.272965	3.973643E-7
-129.252336	8.742015E-7
-129.231707	1.430511E-6
-129.211078	2.384186E-6
-129.190449	3.735224E-6
-129.169820	4.927317E-6
-129.149192	6.675720E-6
-129.128563	8.742015E-6
-129.107934	1.136462E-5
-129.087305	1.374880E-5
-129.066676	1.494090E-5
-129.046048	1.676877E-5
-129.025419	1.939138E-5
-129.004790	2.153714E-5
-128.984161	2.249082E-5
-128.963532	2.368291E-5
-128.942903	2.487501E-5
-128.922275	2.527237E-5
-128.901646	2.559026E-5
-128.881017	2.519290E-5
-128.860388	2.408028E-5
-128.839759	2.272924E-5
-128.819131	2.225240E-5
-128.798502	2.026558E-5
-128.777873	1.843770E-5
-128.757244	1.581510E-5
-128.736615	1.422564E-5
-128.715986	1.168251E-5
-128.695358	1.009305E-5
-128.674729	7.470449E-6
-128.654100	5.006790E-6
-128.633471	2.781550E-6
-128.612842	9.536743E-7
-128.592213	-8.742015E-7
-128.571585	-2.145767E-6
-128.550956	-3.417333E-6
-128.530327	-4.371007E-6
-128.509698	-5.563100E-6
-128.489069	-7.232030E-6
-128.468441	-8.344650E-6
-128.447812	-9.457270E-6
-128.427183	-9.536743E-6
-128.406554	-1.041094E-5
-128.385925	-1.152356E-5
-128.365296	-1.231829E-5
-128.344668	-1.184146E-5
-128.324039	-1.200040E-5
-128.303410	-1.215935E-5
-128.282781	-1.247724E-5
-128.262152	-1.335144E-5
-128.241524	-1.358986E-5
-128.220895	-1.374880E-5
-128.200266	-1.279513E-5
-128.179637	-1.207987E-5
-128.159008	-1.184146E-5
-128.138379	-1.176198E-5
-128.117751	-1.192093E-5
-128.097122	-1.287460E-5
-128.076493	-1.295408E-5
-128.055864	-1.295408E-5
-128.035235	-1.303355E-5
-128.014606	-1.311302E-5
-127.993978	-1.438459E-5
-127.973349	-1.525879E-5
-127.952720	-1.653035E-5
-127.932091	-1.716614E-5
-127.911462	-1.883507E-5
-127.890834	-2.034505E-5
-127.870205	-2.137820E-5
-127.849576	-2.225240E-5
-127.828947	-2.280871E-5
-127.808318	-2.376239E-5
-127.787689	-2.368291E-5
-127.767061	-2.352397E-5
-127.746432	-2.249082E-5
-127.725803	-2.121925E-5
-127.705174	-2.026558E-5
-127.684545	-1.851718E-5
-127.663917	-1.629194E-5
-127.643288	-1.358986E-5
-127.622659	-1.080831E-5
-127.602030	-8.265177E-6
-127.581401	-3.258387E-6
-127.560772	4.768372E-7
-127.540144	4.529953E-6
-127.519515	8.821487E-6
-127.498886	1.295408E-5
-127.478257	1.645088E-5
-127.457628	1.883507E-5
-127.436999	2.098083E-5
-127.416371	2.408028E-5
-127.395742	2.566973E-5
-127.375113	2.551079E-5
-127.354484	2.614657E-5
-127.333855	2.670288E-5
-127.313227	2.678235E-5
-127.292598	2.606710E-5
-127.271969	2.527237E-5
-127.251340	2.455711E-5
-127.230711	2.296766E-5
-127.210082	2.066294E-5
-127.189454	1.899401E-5
-127.168825	1.621246E-5
-127.148196	1.287460E-5
-127.127567	9.298325E-6
-127.106938	5.960464E-6
-127.086310	2.304713E-6
-127.065681	-2.066294E-6
-127.045052	-6.039937E-6
-127.024423	-9.536743E-6
-127.003794	-1.279513E-5
-126.983165	-1.756350E-5
-126.962537	-2.113978E-5
-126.941908	-2.527237E-5
-126.921279	-2.876918E-5
-126.900650	-3.282229E-5
-126.880021	-3.600121E-5
-126.859392	-3.862381E-5
-126.838764	-4.045169E-5
-126.818135	-4.251798E-5
-126.797506	-4.371007E-5
-126.776877	-4.410744E-5
-126.756248	-4.394849E-5
-126.735620	-4.148483E-5
-126.714991	-3.870328E-5
-126.694362	-3.576279E-5
-126.673733	-3.353755E-5
-126.653104	-2.972285E-5
-126.632475	-2.543132E-5
-126.611847	-2.153714E-5
-126.591218	-1.629194E-5
-126.570589	-1.104673E-5
-126.549960	-4.132589E-6
-126.529331	2.702077E-6
-126.508703	9.218852E-6
-126.488074	1.430511E-5
-126.467445	1.939138E-5
-126.446816	2.463659E-5
-126.426187	2.996127E-5
-126.405558	3.512700E-5
-126.384930	4.061063E-5
-126.364301	4.394849E-5
-126.343672	4.657110E-5
-126.323043	4.967054E-5
-126.302414	5.245209E-5
-126.281785	5.364418E-5
-126.261157	5.491575E-5
-126.240528	5.443891E-5
-126.219899	5.300840E-5
-126.199270	5.308787E-5
-126.178641	5.269051E-5
-126.158013	5.086263E-5
-126.137384	4.768372E-5
-126.116755	4.386902E-5
-126.096126	3.957748E-5
-126.075497	3.568331E-5
-126.054868	3.131231E-5
-126.034240	2.686183E-5
-126.013611	2.209345E-5
-125.992982	1.732508E-5
-125.972353	1.231829E-5
-125.951724	6.834666E-6
-125.931096	2.225240E-6
-125.910467	-1.907349E-6
-125.889838	-5.404154E-6
-125.869209	-9.139379E-6
-125.848580	-1.192093E-5
-125.827951	-1.295408E-5
-125.807323	-1.446406E-5
-125.786694	-1.549721E-5
-125.766065	-1.533826E-5
-125.745436	-1.557668E-5
-125.724807	-1.605352E-5
-125.704178	-1.557668E-5
-125.683550	-1.525879E-5
-125.662921	-1.382828E-5
-125.642292	-1.247724E-5
-125.621663	-1.088778E-5
-125.601034	-9.695689E-6
-125.580406	-9.059906E-6
-125.559777	-7.549922E-6
-125.539148	-6.039937E-6
-125.518519	-4.291534E-6
-125.497890	-3.496806E-6
-125.477261	-3.417333E-6
-125.456633	-3.894170E-6
-125.436004	-4.053116E-6
-125.415375	-4.291534E-6
-125.394746	-4.212062E-6
-125.374117	-5.245209E-6
-125.353489	-5.324682E-6
-125.332860	-5.563100E-6
-125.312231	-5.324682E-6
-125.291602	-5.006790E-6
-125.270973	-4.529953E-6
-125.250344	-3.576279E-6
-125.229716	-2.543132E-6
-125.209087	-1.589457E-6
-125.188458	-7.152557E-7
-125.167829	1.033147E-6
-125.147200	2.622604E-6
-125.126571	4.371007E-6
-125.105943	6.198883E-6
-125.085314	6.834666E-6
-125.064685	7.549922E-6
-125.044056	7.073085E-6
-125.023427	6.198883E-6
-125.002799	5.960464E-6
-124.982170	5.722046E-6
-124.961541	3.973643E-6
-124.940912	4.768372E-7
-124.920283	-2.225240E-6
-124.899654	-5.006790E-6
-124.879026	-7.867813E-6
-124.858397	-1.009305E-5
-124.837768	-1.366933E-5
-124.817139	-1.740456E-5
-124.796510	-1.994769E-5
-124.775882	-2.257029E-5
-124.755253	-2.431870E-5
-124.734624	-2.543132E-5
-124.713995	-2.678235E-5
-124.693366	-2.821287E-5
-124.672737	-2.805392E-5
-124.652109	-2.694130E-5
-124.631480	-2.551079E-5
-124.610851	-2.400080E-5
-124.590222	-2.074242E-5
-124.569593	-1.804034E-5
-124.548964	-1.573563E-5
-124.528336	-1.271566E-5
-124.507707	-9.377797E-6
-124.487078	-4.847844E-6
-124.466449	-1.907349E-6
-124.445820	1.430511E-6
-124.425192	5.722046E-6
-124.404563	9.139379E-6
-124.383934	1.207987E-5
-124.363305	1.287460E-5
-124.342676	1.358986E-5
-124.322047	1.462301E-5
-124.301419	1.621246E-5
-124.280790	1.732508E-5
-124.260161	1.549721E-5
-124.239532	1.398722E-5
-124.218903	1.120567E-5
-124.198275	8.900960E-6
-124.177646	7.232030E-6
-124.157017	4.291534E-6
-124.136388	1.112620E-6
-124.115759	-3.973643E-7
-124.095130	-3.576279E-6
-124.074502	-5.801519E-6
-124.053873	-7.073085E-6
-124.033244	-8.503596E-6
-124.012615	-8.900960E-6
-123.991986	-9.457270E-6
-123.971358	-9.536743E-6
-123.950729	-8.662542E-6
-123.930100	-7.629395E-6
-123.909471	-7.470449E-6
-123.888842	-6.198883E-6
-123.868213	-3.576279E-6
-123.847585	-1.112620E-6
-123.826956	1.351039E-6
-123.806327	3.258387E-6
-123.785698	5.483627E-6
-123.765069	7.152557E-6
-123.744440	8.821487E-6
-123.723812	1.056989E-5
-123.703183	1.207987E-5
-123.682554	1.271566E-5
-123.661925	1.311302E-5
-123.641296	1.279513E-5
-123.620668	1.255671E-5
-123.600039	1.287460E-5
-123.579410	1.255671E-5
-123.558781	1.136462E-5
-123.538152	1.128515E-5
-123.517523	9.536743E-6
-123.496895	7.390976E-6
-123.476266	6.357829E-6
-123.455637	5.722046E-6
-123.435008	5.245209E-6
-123.414379	3.973643E-6
-123.393751	2.781550E-6
-123.373122	1.986821E-6
-123.352493	2.225240E-6
-123.331864	1.827876E-6
-123.311235	1.907349E-6
-123.290606	1.986821E-6
-123.269978	2.304713E-6
-123.249349	2.940496E-6
-123.228720	3.576279E-6
-123.208091	3.258387E-6
-123.187462	3.417333E-6
-123.166833	3.814697E-6
-123.146205	4.371007E-6
-123.125576	3.814697E-6
-123.104947	3.735224E-6
-123.084318	3.099442E-6
-123.063689	1.907349E-6
-123.043061	-7.947286E-8
-123.022432	-1.827876E-6
-123.001803	-3.655752E-6
-122.981174	-4.688899E-6
-122.960545	-6.357829E-6
-122.939916	-7.311503E-6
-122.919288	-8.106232E-6
-122.898659	-8.821487E-6
-122.878030	-8.900960E-6
-122.857401	-9.854635E-6
-122.836772	-1.001358E-5
-122.816144	-9.854635E-6
-122.795515	-9.139379E-6
-122.774886	-8.185705E-6
-122.754257	-7.629395E-6
-122.733628	-5.404154E-6
-122.712999	-3.337860E-6
-122.692371	-1.748403E-6
-122.671742	-5.563100E-7
-122.651113	1.112620E-6
-122.630484	2.781550E-6
-122.609855	4.450480E-6
-122.589226	5.245209E-6
-122.568598	4.927317E-6
-122.547969	5.801519E-6
-122.527340	6.278356E-6
-122.506711	5.722046E-6
-122.486082	4.927317E-6
-122.465454	3.178914E-6
-122.444825	0.000000
-122.424196	-3.099442E-6
-122.403567	-5.165736E-6
-122.382938	-7.788340E-6
-122.362309	-1.056989E-5
-122.341681	-1.311302E-5
-122.321052	-1.613299E-5
-122.300423	-1.804034E-5
-122.279794	-1.923243E-5
-122.259165	-1.962980E-5
-122.238537	-1.939138E-5
-122.217908	-2.034505E-5
-122.197279	-2.074242E-5
-122.176650	-2.018611E-5
-122.156021	-1.875559E-5
-122.135392	-1.764297E-5
-122.114764	-1.708666E-5
-122.094135	-1.414617E-5
-122.073506	-1.215935E-5
-122.052877	-1.001358E-5
-122.032248	-7.311503E-6
-122.011619	-4.371007E-6
-121.990991	-1.907349E-6
-121.970362	4.768372E-7
-121.949733	1.509984E-6
-121.929104	3.099442E-6
-121.908475	4.371007E-6
-121.887847	4.688899E-6
-121.867218	4.291534E-6
-121.846589	4.212062E-6
-121.825960	3.337860E-6
-121.805331	1.827876E-6
-121.784702	8.742015E-7
-121.764074	8.742015E-7
-121.743445	-9.536743E-7
-121.722816	-2.622604E-6
-121.702187	-3.973643E-6
-121.681558	-4.768372E-6
-121.660930	-5.404154E-6
-121.640301	-6.119410E-6
-121.619672	-6.039937E-6
-121.599043	-5.880992E-6
-121.578414	-5.722046E-6
-121.557785	-5.324682E-6
-121.537157	-4.053116E-6
-121.516528	-2.066294E-6
-121.495899	-1.192093E-6
-121.475270	3.178914E-7
-121.454641	2.225240E-6
-121.434012	3.973643E-6
-121.413384	6.278356E-6
-121.392755	8.662542E-6
-121.372126	9.695689E-6
-121.351497	1.104673E-5
-121.330868	1.215935E-5
-121.310240	1.303355E-5
-121.289611	1.263618E-5
-121.268982	1.287460E-5
-121.248353	1.192093E-5
-121.227724	1.088778E-5
-121.207095	9.695689E-6
-121.186467	8.503596E-6
-121.165838	6.596247E-6
-121.145209	4.371007E-6
-121.124580	2.463659E-6
-121.103951	1.351039E-6
-121.083323	-4.768372E-7
-121.062694	-3.019969E-6
-121.042065	-5.006790E-6
-121.021436	-7.390976E-6
-121.000807	-8.503596E-6
-120.980178	-9.616216E-6
-120.959550	-1.160304E-5
-120.938921	-1.366933E-5
-120.918292	-1.446406E-5
-120.897663	-1.430511E-5
-120.877034	-1.478195E-5
-120.856405	-1.533826E-5
-120.835777	-1.422564E-5
-120.815148	-1.351039E-5
-120.794519	-1.343091E-5
-120.773890	-1.287460E-5
-120.753261	-1.120567E-5
-120.732633	-9.854635E-6
-120.712004	-7.947286E-6
-120.691375	-4.927317E-6
-120.670746	-2.781550E-6
-120.650117	-1.192093E-6
-120.629488	3.973643E-7
-120.608860	2.781550E-6
-120.588231	4.450480E-6
-120.567602	6.119410E-6
-120.546973	7.470449E-6
-120.526344	7.629395E-6
-120.505716	8.900960E-6
-120.485087	9.377797E-6
-120.464458	9.377797E-6
-120.443829	9.616216E-6
-120.423200	9.536743E-6
-120.402571	9.934107E-6
-120.381943	8.583069E-6
-120.361314	7.470449E-6
-120.340685	6.437302E-6
-120.320056	4.212062E-6
-120.299427	2.622604E-6
-120.278798	3.178914E-7
-120.258170	-1.986821E-6
-120.237541	-3.814697E-6
-120.216912	-5.642573E-6
-120.196283	-8.185705E-6
-120.175654	-9.854635E-6
-120.155026	-1.160304E-5
-120.134397	-1.351039E-5
-120.113768	-1.446406E-5
-120.093139	-1.494090E-5
-120.072510	-1.629194E-5
-120.051881	-1.764297E-5
-120.031253	-1.748403E-5
-120.010624	-1.748403E-5
-119.989995	-1.708666E-5
-119.969366	-1.589457E-5
-119.948737	-1.438459E-5
-119.928109	-1.231829E-5
-119.907480	-9.775162E-6
-119.886851	-6.437302E-6
-119.866222	-3.178914E-6
-119.845593	3.178914E-7
-119.824964	4.132589E-6
-119.804336	7.073085E-6
-119.783707	1.104673E-5
-119.763078	1.382828E-5
-119.742449	1.700719E-5
-119.721820	2.034505E-5
-119.701191	2.376239E-5
-119.680563	2.662341E-5
-119.659934	2.868970E-5
-119.639305	2.940496E-5
-119.618676	3.027916E-5
-119.598047	3.131231E-5
-119.577419	3.178914E-5
-119.556790	3.075600E-5
-119.536161	2.916654E-5
-119.515532	2.566973E-5
-119.494903	2.288818E-5
-119.474274	2.018611E-5
-119.453646	1.653035E-5
-119.433017	1.176198E-5
-119.412388	8.344650E-6
-119.391759	5.006790E-6
-119.371130	1.430511E-6
-119.350502	-2.225240E-6
-119.329873	-5.404154E-6
-119.309244	-8.821487E-6
-119.288615	-1.041094E-5
-119.267986	-1.033147E-5
-119.247357	-1.033147E-5
-119.226729	-9.775162E-6
-119.206100	-9.218852E-6
-119.185471	-8.185705E-6
-119.164842	-5.563100E-6
-119.144213	-2.861023E-6
-119.123584	1.033147E-6
-119.102956	5.404154E-6
-119.082327	1.009305E-5
-119.061698	1.462301E-5
-119.041069	1.907349E-5
-119.020440	2.368291E-5
-118.999812	2.741814E-5
-118.979183	3.107389E-5
-118.958554	3.465017E-5
-118.937925	3.703435E-5
-118.917296	3.933907E-5
-118.896667	3.989538E-5
-118.876039	3.870328E-5
-118.855410	3.655752E-5
-118.834781	3.441175E-5
-118.814152	3.194809E-5
-118.793523	2.821287E-5
-118.772895	2.312660E-5
-118.752266	1.700719E-5
-118.731637	1.009305E-5
-118.711008	2.702077E-6
-118.690379	-4.688899E-6
-118.669750	-1.176198E-5
-118.649122	-1.931190E-5
-118.628493	-2.598763E-5
-118.607864	-3.226598E-5
-118.587235	-3.989538E-5
-118.566606	-4.704793E-5
-118.545977	-5.380313E-5
-118.525349	-6.008148E-5
-118.504720	-6.341934E-5
-118.484091	-6.659826E-5
-118.463462	-6.922086E-5
-118.442833	-7.041295E-5
-118.422205	-7.025401E-5
-118.401576	-6.898244E-5
-118.380947	-6.866455E-5
-118.360318	-6.548564E-5
-118.339689	-6.198883E-5
-118.319060	-5.722046E-5
-118.298432	-5.292892E-5
-118.277803	-4.649162E-5
-118.257174	-3.997485E-5
-118.236545	-3.258387E-5
-118.215916	-2.527237E-5
-118.195288	-1.788139E-5
-118.174659	-1.033147E-5
-118.154030	-3.576279E-6
-118.133401	3.258387E-6
-118.112772	8.821487E-6
-118.092143	1.358986E-5
-118.071515	1.700719E-5
-118.050886	2.042452E-5
-118.030257	2.328555E-5
-118.009628	2.503395E-5
-117.988999	2.527237E-5
-117.968370	2.543132E-5
-117.947742	2.447764E-5
-117.927113	2.185504E-5
-117.906484	1.772245E-5
-117.885855	1.366933E-5
-117.865226	1.017253E-5
-117.844598	5.483627E-6
-117.823969	1.589457E-6
-117.803340	-3.019969E-6
-117.782711	-7.708867E-6
-117.762082	-1.247724E-5
-117.741453	-1.804034E-5
-117.720825	-2.384186E-5
-117.700196	-2.884865E-5
-117.679567	-3.361702E-5
-117.658938	-3.830592E-5
-117.638309	-4.267693E-5
-117.617681	-4.688899E-5
-117.597052	-5.014737E-5
-117.576423	-5.245209E-5
-117.555794	-5.571047E-5
-117.535165	-5.761782E-5
-117.514536	-5.960464E-5
-117.493908	-6.119410E-5
-117.473279	-6.262461E-5
-117.452650	-6.349881E-5
-117.432021	-6.341934E-5
-117.411392	-6.310145E-5
-117.390764	-6.143252E-5
-117.370135	-5.952517E-5
-117.349506	-5.825361E-5
-117.328877	-5.396207E-5
-117.308248	-4.975001E-5
-117.287619	-4.434586E-5
-117.266991	-3.886223E-5
-117.246362	-3.258387E-5
-117.225733	-2.559026E-5
-117.205104	-1.724561E-5
-117.184475	-8.185705E-6
-117.163846	6.357829E-7
-117.143218	9.536743E-6
-117.122589	1.827876E-5
-117.101960	2.797445E-5
-117.081331	3.695488E-5
-117.060702	4.673004E-5
-117.040074	5.539258E-5
-117.019445	6.461143E-5
-116.998816	7.398923E-5
-116.978187	8.249283E-5
-116.957558	8.781751E-5
-116.936929	9.393692E-5
-116.916301	9.965897E-5
-116.895672	0.000104
-116.875043	0.000108
-116.854414	0.000111
-116.833785	0.000112
-116.813157	0.000111
-116.792528	0.000109
-116.771899	0.000107
-116.751270	0.000104
-116.730641	9.989738E-5
-116.710012	9.504954E-5
-116.689384	8.940697E-5
-116.668755	8.289019E-5
-116.648126	7.645289E-5
-116.627497	6.906192E-5
-116.606868	6.175041E-5
-116.586239	5.499522E-5
-116.565611	4.879634E-5
-116.544982	4.275640E-5
-116.524353	3.576279E-5
-116.503724	3.012021E-5
-116.483095	2.670288E-5
-116.462467	2.288818E-5
-116.441838	1.947085E-5
-116.421209	1.804034E-5
-116.400580	1.700719E-5
-116.379951	1.708666E-5
-116.359322	1.565615E-5
-116.338694	1.494090E-5
-116.318065	1.446406E-5
-116.297436	1.446406E-5
-116.276807	1.406670E-5
-116.256178	1.398722E-5
-116.235550	1.287460E-5
-116.214921	1.096725E-5
-116.194292	9.536743E-6
-116.173663	7.152557E-6
-116.153034	3.655752E-6
-116.132405	-7.152557E-7
-116.111777	-6.357829E-6
-116.091148	-1.184146E-5
-116.070519	-1.851718E-5
-116.049890	-2.519290E-5
-116.029261	-3.194809E-5
-116.008632	-3.933907E-5
-115.988004	-4.752477E-5
-115.967375	-5.594889E-5
-115.946746	-6.484985E-5
-115.926117	-7.398923E-5
-115.905488	-8.241336E-5
-115.884860	-8.988380E-5
-115.864231	-9.648005E-5
-115.843602	-0.000103
-115.822973	-0.000110
-115.802344	-0.000115
-115.781715	-0.000118
-115.761087	-0.000121
-115.740458	-0.000123
-115.719829	-0.000123
-115.699200	-0.000121
-115.678571	-0.000118
-115.657943	-0.000114
-115.637314	-0.000108
-115.616685	-9.942055E-5
-115.596056	-9.004275E-5
-115.575427	-7.931391E-5
-115.554798	-6.755193E-5
-115.534170	-5.475680E-5
-115.513541	-4.124641E-5
-115.492912	-2.654394E-5
-115.472283	-1.176198E-5
-115.451654	2.463659E-6
-115.431025	1.756350E-5
-115.410397	3.258387E-5
-115.389768	4.641215E-5
-115.369139	5.857150E-5
-115.348510	6.786982E-5
-115.327881	7.653236E-5
-115.307253	8.281072E-5
-115.286624	8.781751E-5
-115.265995	9.091695E-5
-115.245366	8.988380E-5
-115.224737	8.781751E-5
-115.204108	8.432070E-5
-115.183480	7.947286E-5
-115.162851	7.279714E-5
-115.142222	6.429354E-5
-115.121593	5.467733E-5
-115.100964	4.466375E-5
-115.080336	3.449122E-5
-115.059707	2.543132E-5
-115.039078	1.613299E-5
-115.018449	7.311503E-6
-114.997820	7.947286E-7
-114.977191	-3.496806E-6
-114.956563	-6.278356E-6
-114.935934	-6.993612E-6
-114.915305	-5.642573E-6
-114.894676	-1.907349E-6
-114.874047	4.132589E-6
-114.853418	1.303355E-5
-114.832790	2.264977E-5
-114.812161	3.409386E-5
-114.791532	4.514058E-5
-114.770903	5.626678E-5
-114.750274	6.898244E-5
-114.729646	8.177757E-5
-114.709017	9.322166E-5
-114.688388	0.000105
-114.667759	0.000115
-114.647130	0.000122
-114.626501	0.000127
-114.605873	0.000129
-114.585244	0.000130
-114.564615	0.000128
-114.543986	0.000122
-114.523357	0.000113
-114.502729	0.000100
-114.482100	8.710225E-5
-114.461471	7.287661E-5
-114.440842	5.634626E-5
-114.420213	3.822645E-5
-114.399584	1.748403E-5
-114.378956	-2.145767E-6
-114.358327	-2.257029E-5
-114.337698	-4.299482E-5
-114.317069	-6.246567E-5
-114.296440	-8.090337E-5
-114.275811	-9.870529E-5
-114.255183	-0.000114
-114.234554	-0.000127
-114.213925	-0.000138
-114.193296	-0.000147
-114.172667	-0.000152
-114.152039	-0.000155
-114.131410	-0.000157
-114.110781	-0.000156
-114.090152	-0.000154
-114.069523	-0.000149
-114.048894	-0.000143
-114.028266	-0.000136
-114.007637	-0.000127
-113.987008	-0.000117
-113.966379	-0.000108
-113.945750	-9.735425E-5
-113.925122	-8.805593E-5
-113.904493	-7.740657E-5
-113.883864	-6.739299E-5
-113.863235	-5.809466E-5
-113.842606	-4.982948E-5
-113.821977	-4.116694E-5
-113.801349	-3.314018E-5
-113.780720	-2.654394E-5
-113.760091	-2.177556E-5
-113.739462	-1.645088E-5
-113.718833	-1.112620E-5
-113.698204	-6.993612E-6
-113.677576	-4.847844E-6
-113.656947	-3.973643E-6
-113.636318	-3.576279E-6
-113.615689	-4.132589E-6
-113.595060	-3.655752E-6
-113.574432	-4.132589E-6
-113.553803	-5.722046E-6
-113.533174	-8.503596E-6
-113.512545	-1.072884E-5
-113.491916	-1.311302E-5
-113.471287	-1.533826E-5
-113.450659	-1.637141E-5
-113.430030	-1.732508E-5
-113.409401	-1.780192E-5
-113.388772	-1.700719E-5
-113.368143	-1.462301E-5
-113.347515	-1.112620E-5
-113.326886	-6.993612E-6
-113.306257	-2.384186E-7
-113.285628	7.073085E-6
-113.264999	1.660983E-5
-113.244370	2.710025E-5
-113.223742	3.989538E-5
-113.203113	5.515416E-5
-113.182484	7.073085E-5
-113.161855	8.702278E-5
-113.141226	0.000104
-113.120597	0.000121
-113.099969	0.000138
-113.079340	0.000154
-113.058711	0.000169
-113.038082	0.000182
-113.017453	0.000193
-112.996825	0.000201
-112.976196	0.000207
-112.955567	0.000211
-112.934938	0.000211
-112.914309	0.000209
-112.893680	0.000205
-112.873052	0.000197
-112.852423	0.000186
-112.831794	0.000174
-112.811165	0.000159
-112.790536	0.000142
-112.769908	0.000123
-112.749279	0.000104
-112.728650	8.503596E-5
-112.708021	6.445249E-5
-112.687392	4.458427E-5
-112.666763	2.630552E-5
-112.646135	8.583069E-6
-112.625506	-8.900960E-6
-112.604877	-2.415975E-5
-112.584248	-3.878276E-5
-112.563619	-5.102158E-5
-112.542990	-6.095568E-5
-112.522362	-6.977717E-5
-112.501733	-7.700920E-5
-112.481104	-8.352598E-5
-112.460475	-8.940697E-5
-112.439846	-9.369850E-5
-112.419218	-9.600321E-5
-112.398589	-9.886424E-5
-112.377960	-0.000102
-112.357331	-0.000102
-112.336702	-0.000102
-112.316073	-0.000102
-112.295445	-0.000103
-112.274816	-0.000104
-112.254187	-0.000106
-112.233558	-0.000107
-112.212929	-0.000108
-112.192301	-0.000107
-112.171672	-0.000108
-112.151043	-0.000107
-112.130414	-0.000106
-112.109785	-0.000104
-112.089156	-0.000103
-112.068528	-0.000102
-112.047899	-0.000102
-112.027270	-0.000102
-112.006641	-0.000102
-111.986012	-0.000104
-111.965383	-0.000105
-111.944755	-0.000107
-111.924126	-0.000109
-111.903497	-0.000113
-111.882868	-0.000117
-111.862239	-0.000121
-111.841611	-0.000125
-111.820982	-0.000128
-111.800353	-0.000131
-111.779724	-0.000134
-111.759095	-0.000136
-111.738466	-0.000138
-111.717838	-0.000137
-111.697209	-0.000136
-111.676580	-0.000131
-111.655951	-0.000124
-111.635322	-0.000114
-111.614694	-0.000102
-111.594065	-8.765856E-5
-111.573436	-6.953875E-5
-111.552807	-4.911423E-5
-111.532178	-2.654394E-5
-111.511549	-2.543132E-6
-111.490921	2.233187E-5
-111.470292	4.831950E-5
-111.449663	7.430712E-5
-111.429034	0.000102
-111.408405	0.000129
-111.387776	0.000155
-111.367148	0.000180
-111.346519	0.000201
-111.325890	0.000222
-111.305261	0.000239
-111.284632	0.000253
-111.264004	0.000263
-111.243375	0.000269
-111.222746	0.000271
-111.202117	0.000268
-111.181488	0.000263
-111.160859	0.000253
-111.140231	0.000241
-111.119602	0.000226
-111.098973	0.000210
-111.078344	0.000190
-111.057715	0.000170
-111.037087	0.000149
-111.016458	0.000130
-110.995829	0.000108
-110.975200	8.678436E-5
-110.954571	6.906192E-5
-110.933942	5.491575E-5
-110.913314	4.204114E-5
-110.892685	3.163020E-5
-110.872056	2.415975E-5
-110.851427	1.851718E-5
-110.830798	1.414617E-5
-110.810170	1.319249E-5
-110.789541	1.382828E-5
-110.768912	1.486142E-5
-110.748283	1.740456E-5
-110.727654	1.970927E-5
-110.707025	2.185504E-5
-110.686397	2.328555E-5
-110.665768	2.479553E-5
-110.645139	2.543132E-5
-110.624510	2.574921E-5
-110.603881	2.423922E-5
-110.583252	2.145767E-5
-110.562624	1.772245E-5
-110.541995	1.104673E-5
-110.521366	3.337860E-6
-110.500737	-6.993612E-6
-110.480108	-1.851718E-5
-110.459480	-3.123283E-5
-110.438851	-4.466375E-5
-110.418222	-6.087621E-5
-110.397593	-7.907550E-5
-110.376964	-9.775162E-5
-110.356335	-0.000117
-110.335707	-0.000139
-110.315078	-0.000162
-110.294449	-0.000184
-110.273820	-0.000202
-110.253191	-0.000225
-110.232563	-0.000249
-110.211934	-0.000273
-110.191305	-0.000291
-110.170676	-0.000306
-110.150047	-0.000318
-110.129418	-0.000325
-110.108790	-0.000328
-110.088161	-0.000327
-110.067532	-0.000319
-110.046903	-0.000306
-110.026274	-0.000288
-110.005645	-0.000266
-109.985017	-0.000239
-109.964388	-0.000208
-109.943759	-0.000175
-109.923130	-0.000139
-109.902501	-0.000102
-109.881873	-6.302198E-5
-109.861244	-2.368291E-5
-109.840615	1.462301E-5
-109.819986	4.847844E-5
-109.799357	7.756551E-5
-109.778728	0.000103
-109.758100	0.000126
-109.737471	0.000143
-109.716842	0.000154
-109.696213	0.000160
-109.675584	0.000162
-109.654956	0.000161
-109.634327	0.000158
-109.613698	0.000152
-109.593069	0.000143
-109.572440	0.000134
-109.551811	0.000125
-109.531183	0.000117
-109.510554	0.000111
-109.489925	0.000108
-109.469296	0.000110
-109.448667	0.000116
-109.428038	0.000126
-109.407410	0.000142
-109.386781	0.000163
-109.366152	0.000190
-109.345523	0.000218
-109.324894	0.000251
-109.304266	0.000287
-109.283637	0.000323
-109.263008	0.000360
-109.242379	0.000398
-109.221750	0.000433
-109.201121	0.000462
-109.180493	0.000483
-109.159864	0.000496
-109.139235	0.000503
-109.118606	0.000503
-109.097977	0.000491
-109.077349	0.000470
-109.056720	0.000439
-109.036091	0.000401
-109.015462	0.000357
-108.994833	0.000308
-108.974204	0.000254
-108.953576	0.000198
-108.932947	0.000140
-108.912318	8.408229E-5
-108.891689	2.908707E-5
-108.871060	-2.217293E-5
-108.850431	-6.890297E-5
-108.829803	-0.000109
-108.809174	-0.000142
-108.788545	-0.000167
-108.767916	-0.000185
-108.747287	-0.000195
-108.726659	-0.000197
-108.706030	-0.000193
-108.685401	-0.000186
-108.664772	-0.000173
-108.644143	-0.000154
-108.623514	-0.000134
-108.602886	-0.000116
-108.582257	-9.989738E-5
-108.561628	-8.598963E-5
-108.540999	-7.446607E-5
-108.520370	-6.469091E-5
-108.499742	-5.952517E-5
-108.479113	-6.063779E-5
-108.458484	-6.850561E-5
-108.437855	-8.122126E-5
-108.417226	-9.902318E-5
-108.396597	-0.000123
-108.375969	-0.000155
-108.355340	-0.000191
-108.334711	-0.000231
-108.314082	-0.000277
-108.293453	-0.000327
-108.272824	-0.000378
-108.252196	-0.000433
-108.231567	-0.000488
-108.210938	-0.000542
-108.190309	-0.000595
-108.169680	-0.000643
-108.149052	-0.000688
-108.128423	-0.000726
-108.107794	-0.000754
-108.087165	-0.000772
-108.066536	-0.000779
-108.045907	-0.000773
-108.025279	-0.000754
-108.004650	-0.000720
-107.984021	-0.000670
-107.963392	-0.000606
-107.942763	-0.000528
-107.922135	-0.000437
-107.901506	-0.000335
-107.880877	-0.000228
-107.860248	-0.000113
-107.839619	-1.104673E-5
-107.818990	9.330114E-5
-107.798362	0.000194
-107.777733	0.000287
-107.757104	0.000373
-107.736475	0.000447
-107.715846	0.000504
-107.695217	0.000540
-107.674589	0.000560
-107.653960	0.000565
-107.633331	0.000549
-107.612702	0.000519
-107.592073	0.000479
-107.571445	0.000427
-107.550816	0.000366
-107.530187	0.000302
-107.509558	0.000237
-107.488929	0.000170
-107.468300	0.000101
-107.447672	3.520648E-5
-107.427043	-2.908707E-5
-107.406414	-9.028117E-5
-107.385785	-0.000147
-107.365156	-0.000203
-107.344528	-0.000258
-107.323899	-0.000314
-107.303270	-0.000367
-107.282641	-0.000423
-107.262012	-0.000484
-107.241383	-0.000547
-107.220755	-0.000610
-107.200126	-0.000681
-107.179497	-0.000753
-107.158868	-0.000823
-107.138239	-0.000898
-107.117610	-0.000972
-107.096982	-0.001034
-107.076353	-0.001085
-107.055724	-0.001131
-107.035095	-0.001160
-107.014466	-0.001166
-106.993838	-0.001153
-106.973209	-0.001118
-106.952580	-0.001056
-106.931951	-0.000968
-106.911322	-0.000853
-106.890693	-0.000718
-106.870065	-0.000565
-106.849436	-0.000395
-106.828807	-0.000205
-106.808178	-3.178914E-7
-106.787549	0.000204
-106.766921	0.000415
-106.746292	0.000624
-106.725663	0.000830
-106.705034	0.001023
-106.684405	0.001194
-106.663776	0.001347
-106.643148	0.001479
-106.622519	0.001590
-106.601890	0.001670
-106.581261	0.001730
-106.560632	0.001770
-106.540003	0.001791
-106.519375	0.001779
-106.498746	0.001729
-106.478117	0.001666
-106.457488	0.001592
-106.436859	0.001506
-106.416231	0.001416
-106.395602	0.001310
-106.374973	0.001197
-106.354344	0.001081
-106.333715	0.000956
-106.313086	0.000831
-106.292458	0.000709
-106.271829	0.000588
-106.251200	0.000474
-106.230571	0.000367
-106.209942	0.000270
-106.189314	0.000174
-106.168685	8.670489E-5
-106.148056	1.311302E-5
-106.127427	-5.356471E-5
-106.106798	-0.000110
-106.086169	-0.000161
-106.065541	-0.000208
-106.044912	-0.000247
-106.024283	-0.000278
-106.003654	-0.000302
-105.983025	-0.000320
-105.962396	-0.000333
-105.941768	-0.000340
-105.921139	-0.000346
-105.900510	-0.000349
-105.879881	-0.000347
-105.859252	-0.000343
-105.838624	-0.000341
-105.817995	-0.000335
-105.797366	-0.000326
-105.776737	-0.000315
-105.756108	-0.000306
-105.735479	-0.000298
-105.714851	-0.000288
-105.694222	-0.000277
-105.673593	-0.000265
-105.652964	-0.000253
-105.632335	-0.000243
-105.611707	-0.000233
-105.591078	-0.000222
-105.570449	-0.000212
-105.549820	-0.000200
-105.529191	-0.000192
-105.508562	-0.000183
-105.487934	-0.000175
-105.467305	-0.000169
-105.446676	-0.000162
-105.426047	-0.000154
-105.405418	-0.000146
-105.384789	-0.000137
-105.364161	-0.000130
-105.343532	-0.000125
-105.322903	-0.000119
-105.302274	-0.000113
-105.281645	-0.000108
-105.261017	-0.000103
-105.240388	-9.791056E-5
-105.219759	-9.314219E-5
-105.199130	-8.940697E-5
-105.178501	-8.598963E-5
-105.157872	-8.233388E-5
-105.137244	-7.875760E-5
-105.116615	-7.549922E-5
-105.095986	-7.216136E-5
-105.075357	-6.945928E-5
-105.054728	-6.731351E-5
-105.034100	-6.477038E-5
-105.013471	-6.286303E-5
-104.992842	-6.071726E-5
-104.972213	-5.809466E-5
-104.951584	-5.602837E-5
-104.930955	-5.332629E-5
-104.910327	-5.110105E-5
-104.889698	-4.927317E-5
-104.869069	-4.712741E-5
-104.848440	-4.514058E-5
-104.827811	-4.394849E-5
-104.807182	-4.323324E-5
-104.786554	-4.243851E-5
-104.765925	-4.084905E-5
-104.745296	-3.862381E-5
-104.724667	-3.687541E-5
-104.704038	-3.631910E-5
-104.683410	-3.433228E-5
-104.662781	-3.353755E-5
-104.642152	-3.210704E-5
-104.621523	-3.099442E-5
-104.600894	-2.876918E-5
-104.580265	-2.781550E-5
-104.559637	-2.662341E-5
-104.539008	-2.519290E-5
-104.518379	-2.471606E-5
-104.497750	-2.415975E-5
-104.477121	-2.304713E-5
-104.456493	-2.201398E-5
-104.435864	-2.034505E-5
-104.415235	-1.962980E-5
-104.394606	-1.859665E-5
-104.373977	-1.756350E-5
-104.353348	-1.629194E-5
-104.332720	-1.486142E-5
-104.312091	-1.366933E-5
-104.291462	-1.279513E-5
-104.270833	-1.247724E-5
-104.250204	-1.184146E-5
-104.229576	-1.184146E-5
-104.208947	-1.128515E-5
-104.188318	-1.025200E-5
-104.167689	-1.001358E-5
-104.147060	-8.980433E-6
-104.126431	-8.026759E-6
-104.105803	-7.947286E-6
-104.085174	-7.549922E-6
-104.064545	-6.993612E-6
-104.043916	-6.278356E-6
-104.023287	-5.880992E-6
-104.002658	-6.198883E-6
-103.982030	-5.880992E-6
-103.961401	-5.563100E-6
-103.940772	-5.404154E-6
-103.920143	-4.768372E-6
-103.899514	-4.212062E-6
-103.878886	-3.894170E-6
-103.858257	-3.496806E-6
-103.837628	-2.861023E-6
-103.816999	-3.258387E-6
-103.796370	-3.178914E-6
-103.775741	-2.543132E-6
-103.755113	-3.417333E-6
-103.734484	-1.827876E-6
-103.713855	-1.351039E-6
-103.693226	-2.304713E-6
-103.672597	-2.543132E-6
-103.651969	-2.463659E-6
-103.631340	-1.430511E-6
-103.610711	-9.536743E-7
-103.590082	-4.768372E-7
-103.569453	-7.947286E-7
-103.548824	1.589457E-7
-103.528196	-2.384186E-7
-103.507567	-4.768372E-7
-103.486938	6.357829E-7
-103.466309	-7.947286E-8
-103.445680	3.973643E-7
-103.425051	2.384186E-7
-103.404423	3.178914E-7
-103.383794	3.973643E-7
-103.363165	7.152557E-7
-103.342536	7.152557E-7
-103.321907	7.947286E-7
-103.301279	7.152557E-7
-103.280650	1.033147E-6
-103.260021	6.357829E-7
-103.239392	7.947286E-7
-103.218763	1.509984E-6
-103.198134	1.589457E-6
-103.177506	1.271566E-6
-103.156877	1.668930E-6
-103.136248	1.351039E-6
-103.115619	7.947286E-8
-103.094990	4.768372E-7
-103.074362	2.384186E-7
-103.053733	8.742015E-7
-103.033104	8.742015E-7
-103.012475	1.192093E-6
-102.991846	1.748403E-6
-102.971217	9.536743E-7
-102.950589	6.357829E-7
-102.929960	9.536743E-7
-102.909331	6.357829E-7
-102.888702	9.536743E-7
-102.868073	8.742015E-7
-102.847444	1.192093E-6
-102.826816	1.509984E-6
-102.806187	1.351039E-6
-102.785558	1.112620E-6
-102.764929	1.192093E-6
-102.744300	8.742015E-7
-102.723672	1.430511E-6
-102.703043	2.145767E-6
-102.682414	5.563100E-7
-102.661785	8.742015E-7
-102.641156	1.509984E-6
-102.620527	1.589457E-6
-102.599899	2.145767E-6
-102.579270	2.463659E-6
-102.558641	1.827876E-6
-102.538012	1.430511E-6
-102.517383	8.742015E-7
-102.496755	1.430511E-6
-102.476126	1.668930E-6
-102.455497	7.947286E-7
-102.434868	1.192093E-6
-102.414239	1.033147E-6
-102.393610	1.589457E-6
-102.372982	1.271566E-6
-102.352353	9.536743E-7
-102.331724	9.536743E-7
-102.311095	9.536743E-7
-102.290466	1.192093E-6
-102.269837	3.973643E-7
-102.249209	-1.589457E-7
-102.228580	5.563100E-7
-102.207951	1.112620E-6
-102.187322	8.742015E-7
-102.166693	6.357829E-7
-102.146065	1.112620E-6
-102.125436	1.351039E-6
-102.104807	7.152557E-7
-102.084178	4.768372E-7
-102.063549	-1.589457E-7
-102.042920	-7.947286E-8
-102.022292	-7.947286E-8
-102.001663	7.947286E-8
-101.981034	2.384186E-7
-101.960405	3.973643E-7
-101.939776	4.768372E-7
-101.919148	9.536743E-7
-101.898519	3.178914E-7
-101.877890	-2.384186E-7
-101.857261	8.742015E-7
-101.836632	5.563100E-7
-101.816003	-3.178914E-7
-101.795375	-4.768372E-7
-101.774746	-2.384186E-7
-101.754117	-3.178914E-7
-101.733488	5.563100E-7
-101.712859	5.563100E-7
-101.692230	5.563100E-7
-101.671602	6.357829E-7
-101.650973	1.033147E-6
-101.630344	6.357829E-7
-101.609715	6.357829E-7
-101.589086	6.357829E-7
-101.568458	-7.947286E-8
-101.547829	3.178914E-7
-101.527200	5.563100E-7
-101.506571	2.384186E-7
-101.485942	3.973643E-7
-101.465313	8.742015E-7
-101.444685	8.742015E-7
-101.424056	9.536743E-7
-101.403427	6.357829E-7
-101.382798	8.742015E-7
-101.362169	1.112620E-6
-101.341541	1.033147E-6
-101.320912	7.152557E-7
-101.300283	6.357829E-7
-101.279654	-7.947286E-8
-101.259025	1.271566E-6
-101.238396	1.748403E-6
-101.217768	1.827876E-6
-101.197139	1.271566E-6
-101.176510	6.357829E-7
-101.155881	-3.178914E-7
-101.135252	-4.768372E-7
-101.114623	0.000000
-101.093995	0.000000
-101.073366	5.563100E-7
-101.052737	3.973643E-7
-101.032108	7.947286E-7
-101.011479	5.563100E-7
-100.990851	0.000000
-100.970222	-7.947286E-8
-100.949593	7.947286E-8
-100.928964	2.384186E-7
-100.908335	1.112620E-6
-100.887706	1.271566E-6
-100.867078	1.192093E-6
-100.846449	9.536743E-7
-100.825820	-7.947286E-8
-100.805191	-6.357829E-7
-100.784562	-1.748403E-6
-100.763934	-1.192093E-6
-100.743305	-3.973643E-7
-100.722676	-1.589457E-7
-100.702047	5.563100E-7
-100.681418	7.947286E-8
-100.660789	5.563100E-7
-100.640161	3.973643E-7
-100.619532	-1.589457E-7
-100.598903	-3.178914E-7
-100.578274	-2.384186E-7
-100.557645	1.589457E-7
-100.537016	0.000000
-100.516388	-5.563100E-7
-100.495759	-6.357829E-7
-100.475130	-5.563100E-7
-100.454501	7.947286E-8
-100.433872	3.178914E-7
-100.413244	1.589457E-7
-100.392615	8.742015E-7
-100.371986	2.384186E-7
-100.351357	6.357829E-7
-100.330728	8.742015E-7
-100.310099	8.742015E-7
-100.289471	6.357829E-7
-100.268842	3.973643E-7
-100.248213	7.947286E-8
-100.227584	5.563100E-7
-100.206955	-1.589457E-7
-100.186327	-8.742015E-7
-100.165698	0.000000
-100.145069	0.000000
-100.124440	6.357829E-7
-100.103811	5.563100E-7
-100.083182	7.947286E-8
-100.062554	-8.742015E-7
-100.041925	-3.973643E-7
-100.021296	0.000000
