-142.000947	5.801519E-6
-141.980319	5.165736E-6
-141.959690	4.688899E-6
-141.939061	4.529953E-6
-141.918432	3.019969E-6
-141.897803	2.145767E-6
-141.877174	8.742015E-7
-141.856546	3.973643E-7
-141.835917	-8.742015E-7
-141.815288	-2.304713E-6
-141.794659	-3.178914E-6
-141.774030	-3.973643E-6
-141.753401	-4.609426E-6
-141.732773	-5.483627E-6
-141.712144	-6.437302E-6
-141.691515	-6.437302E-6
-141.670886	-6.357829E-6
-141.650257	-5.722046E-6
-141.629629	-5.483627E-6
-141.609000	-4.768372E-6
-141.588371	-5.324682E-6
-141.567742	-5.563100E-6
-141.547113	-5.324682E-6
-141.526484	-4.927317E-6
-141.505856	-4.609426E-6
-141.485227	-4.768372E-6
-141.464598	-4.132589E-6
-141.443969	-3.894170E-6
-141.423340	-4.291534E-6
-141.402712	-4.609426E-6
-141.382083	-4.450480E-6
-141.361454	-4.053116E-6
-141.340825	-5.086263E-6
-141.320196	-5.483627E-6
-141.299567	-5.245209E-6
-141.278939	-5.324682E-6
-141.258310	-5.245209E-6
-141.237681	-4.768372E-6
-141.217052	-5.324682E-6
-141.196423	-5.483627E-6
-141.175794	-6.039937E-6
-141.155166	-6.834666E-6
-141.134537	-7.629395E-6
-141.113908	-6.914139E-6
-141.093279	-6.675720E-6
-141.072650	-7.470449E-6
-141.052022	-7.788340E-6
-141.031393	-7.629395E-6
-141.010764	-6.516774E-6
-140.990135	-6.596247E-6
-140.969506	-5.563100E-6
-140.948877	-4.450480E-6
-140.928249	-3.655752E-6
-140.907620	-3.019969E-6
-140.886991	-1.668930E-6
-140.866362	-1.192093E-6
-140.845733	-6.357829E-7
-140.825105	-2.384186E-7
-140.804476	-5.563100E-7
-140.783847	-6.357829E-7
-140.763218	-1.192093E-6
-140.742589	-2.861023E-6
-140.721960	-4.291534E-6
-140.701332	-5.165736E-6
-140.680703	-5.722046E-6
-140.660074	-7.232030E-6
-140.639445	-8.900960E-6
-140.618816	-1.112620E-5
-140.598187	-1.343091E-5
-140.577559	-1.502037E-5
-140.556930	-1.533826E-5
-140.536301	-1.549721E-5
-140.515672	-1.621246E-5
-140.495043	-1.581510E-5
-140.474415	-1.494090E-5
-140.453786	-1.414617E-5
-140.433157	-1.406670E-5
-140.412528	-1.207987E-5
-140.391899	-9.695689E-6
-140.371270	-8.026759E-6
-140.350642	-5.722046E-6
-140.330013	-3.973643E-6
-140.309384	-3.178914E-6
-140.288755	-1.192093E-6
-140.268126	1.748403E-6
-140.247498	2.781550E-6
-140.226869	3.099442E-6
-140.206240	3.894170E-6
-140.185611	4.291534E-6
-140.164982	4.927317E-6
-140.144353	4.609426E-6
-140.123725	2.702077E-6
-140.103096	2.066294E-6
-140.082467	1.509984E-6
-140.061838	7.152557E-7
-140.041209	-5.563100E-7
-140.020580	-2.861023E-6
-139.999952	-6.119410E-6
-139.979323	-8.265177E-6
-139.958694	-9.536743E-6
-139.938065	-9.616216E-6
-139.917436	-1.001358E-5
-139.896808	-1.072884E-5
-139.876179	-1.080831E-5
-139.855550	-1.033147E-5
-139.834921	-9.934107E-6
-139.814292	-9.059906E-6
-139.793663	-8.106232E-6
-139.773035	-6.596247E-6
-139.752406	-4.291534E-6
-139.731777	-2.225240E-6
-139.711148	-1.271566E-6
-139.690519	4.768372E-7
-139.669891	2.225240E-6
-139.649262	3.576279E-6
-139.628633	4.529953E-6
-139.608004	4.927317E-6
-139.587375	7.152557E-6
-139.566746	8.424123E-6
-139.546118	9.457270E-6
-139.525489	9.377797E-6
-139.504860	9.775162E-6
-139.484231	9.377797E-6
-139.463602	9.059906E-6
-139.442973	8.821487E-6
-139.422345	7.867813E-6
-139.401716	7.311503E-6
-139.381087	6.596247E-6
-139.360458	6.039937E-6
-139.339829	5.642573E-6
-139.319201	4.529953E-6
-139.298572	4.371007E-6
-139.277943	3.735224E-6
-139.257314	3.496806E-6
-139.236685	1.589457E-6
-139.216056	1.907349E-6
-139.195428	2.861023E-6
-139.174799	2.543132E-6
-139.154170	2.066294E-6
-139.133541	2.861023E-6
-139.112912	4.132589E-6
-139.092284	4.609426E-6
-139.071655	5.245209E-6
-139.051026	5.245209E-6
-139.030397	4.450480E-6
-139.009768	5.086263E-6
-138.989139	6.039937E-6
-138.968511	5.642573E-6
-138.947882	4.371007E-6
-138.927253	3.735224E-6
-138.906624	1.986821E-6
-138.885995	1.112620E-6
-138.865366	-4.768372E-7
-138.844738	-1.589457E-6
-138.824109	-2.861023E-6
-138.803480	-4.212062E-6
-138.782851	-5.404154E-6
-138.762222	-5.324682E-6
-138.741594	-4.768372E-6
-138.720965	-5.086263E-6
-138.700336	-4.450480E-6
-138.679707	-3.496806E-6
-138.659078	-3.178914E-6
-138.638449	-1.509984E-6
-138.617821	4.768372E-7
-138.597192	9.536743E-7
-138.576563	3.178914E-6
-138.555934	5.563100E-6
-138.535305	7.311503E-6
-138.514677	8.106232E-6
-138.494048	8.662542E-6
-138.473419	9.854635E-6
-138.452790	9.854635E-6
-138.432161	9.934107E-6
-138.411532	9.854635E-6
-138.390904	9.218852E-6
-138.370275	9.059906E-6
-138.349646	7.708867E-6
-138.329017	6.198883E-6
-138.308388	5.404154E-6
-138.287759	4.768372E-6
-138.267131	3.894170E-6
-138.246502	2.781550E-6
-138.225873	2.463659E-6
-138.205244	1.668930E-6
-138.184615	1.748403E-6
-138.163987	1.351039E-6
-138.143358	1.112620E-6
-138.122729	1.668930E-6
-138.102100	2.066294E-6
-138.081471	2.622604E-6
-138.060842	3.337860E-6
-138.040214	4.053116E-6
-138.019585	3.814697E-6
-137.998956	3.973643E-6
-137.978327	3.258387E-6
-137.957698	2.940496E-6
-137.937070	2.145767E-6
-137.916441	1.112620E-6
-137.895812	5.563100E-7
-137.875183	-1.589457E-7
-137.854554	-4.768372E-7
-137.833925	-1.430511E-6
-137.813297	-1.986821E-6
-137.792668	-3.735224E-6
-137.772039	-4.132589E-6
-137.751410	-3.894170E-6
-137.730781	-4.053116E-6
-137.710152	-3.178914E-6
-137.689524	-2.463659E-6
-137.668895	-2.304713E-6
-137.648266	-1.907349E-6
-137.627637	-8.742015E-7
-137.607008	7.947286E-8
-137.586380	-7.947286E-8
-137.565751	0.000000
-137.545122	-7.947286E-7
-137.524493	-2.384186E-7
-137.503864	1.589457E-7
-137.483235	5.563100E-7
-137.462607	8.742015E-7
-137.441978	7.152557E-7
-137.421349	1.430511E-6
-137.400720	1.589457E-6
-137.380091	1.271566E-6
-137.359463	-1.589457E-7
-137.338834	-1.589457E-7
-137.318205	3.973643E-7
-137.297576	-3.973643E-7
-137.276947	-7.947286E-7
-137.256318	-1.668930E-6
-137.235690	-2.702077E-6
-137.215061	-3.417333E-6
-137.194432	-4.212062E-6
-137.173803	-4.609426E-6
-137.153174	-5.165736E-6
-137.132545	-6.119410E-6
-137.111917	-6.119410E-6
-137.091288	-6.675720E-6
-137.070659	-7.947286E-6
-137.050030	-8.185705E-6
-137.029401	-8.185705E-6
-137.008773	-7.947286E-6
-136.988144	-8.821487E-6
-136.967515	-9.218852E-6
-136.946886	-1.025200E-5
-136.926257	-9.854635E-6
-136.905628	-9.536743E-6
-136.885000	-8.742015E-6
-136.864371	-8.185705E-6
-136.843742	-7.947286E-6
-136.823113	-7.073085E-6
-136.802484	-4.847844E-6
-136.781856	-3.417333E-6
-136.761227	-2.384186E-6
-136.740598	-1.033147E-6
-136.719969	9.536743E-7
-136.699340	2.940496E-6
-136.678711	5.165736E-6
-136.658083	7.152557E-6
-136.637454	8.026759E-6
-136.616825	8.106232E-6
-136.596196	7.788340E-6
-136.575567	7.867813E-6
-136.554939	7.708867E-6
-136.534310	6.993612E-6
-136.513681	6.357829E-6
-136.493052	4.212062E-6
-136.472423	1.827876E-6
-136.451794	-5.563100E-7
-136.431166	-2.622604E-6
-136.410537	-5.086263E-6
-136.389908	-8.026759E-6
-136.369279	-1.072884E-5
-136.348650	-1.231829E-5
-136.328021	-1.343091E-5
-136.307393	-1.398722E-5
-136.286764	-1.470248E-5
-136.266135	-1.462301E-5
-136.245506	-1.398722E-5
-136.224877	-1.319249E-5
-136.204249	-1.255671E-5
-136.183620	-1.231829E-5
-136.162991	-1.144409E-5
-136.142362	-9.854635E-6
-136.121733	-8.503596E-6
-136.101104	-6.516774E-6
-136.080476	-4.927317E-6
-136.059847	-4.291534E-6
-136.039218	-2.702077E-6
-136.018589	-1.668930E-6
-135.997960	-7.947286E-7
-135.977332	6.357829E-7
-135.956703	8.742015E-7
-135.936074	1.589457E-6
-135.915445	2.781550E-6
-135.894816	3.973643E-6
-135.874187	5.086263E-6
-135.853559	5.086263E-6
-135.832930	5.245209E-6
-135.812301	5.404154E-6
-135.791672	7.073085E-6
-135.771043	7.549922E-6
-135.750414	7.867813E-6
-135.729786	7.629395E-6
-135.709157	7.311503E-6
-135.688528	6.198883E-6
-135.667899	3.973643E-6
-135.647270	2.781550E-6
-135.626642	1.986821E-6
-135.606013	1.112620E-6
-135.585384	-2.384186E-7
-135.564755	-1.748403E-6
-135.544126	-3.417333E-6
-135.523497	-4.053116E-6
-135.502869	-4.053116E-6
-135.482240	-4.371007E-6
-135.461611	-4.291534E-6
-135.440982	-4.371007E-6
-135.420353	-4.212062E-6
-135.399725	-3.576279E-6
-135.379096	-2.384186E-6
-135.358467	-1.351039E-6
-135.337838	-3.973643E-7
-135.317209	-4.768372E-7
-135.296580	-1.430511E-6
-135.275952	-9.536743E-7
-135.255323	6.357829E-7
-135.234694	6.357829E-7
-135.214065	6.357829E-7
-135.193436	2.384186E-7
-135.172807	-4.768372E-7
-135.152179	-1.112620E-6
-135.131550	-1.827876E-6
-135.110921	-1.668930E-6
-135.090292	-2.384186E-6
-135.069663	-2.861023E-6
-135.049035	-2.781550E-6
-135.028406	-3.019969E-6
-135.007777	-3.099442E-6
-134.987148	-3.496806E-6
-134.966519	-3.099442E-6
-134.945890	-2.384186E-6
-134.925262	-1.907349E-6
-134.904633	-7.947286E-7
-134.884004	4.768372E-7
-134.863375	2.145767E-6
-134.842746	3.178914E-6
-134.822118	3.655752E-6
-134.801489	3.576279E-6
-134.780860	3.337860E-6
-134.760231	2.781550E-6
-134.739602	3.178914E-6
-134.718973	2.304713E-6
-134.698345	1.827876E-6
-134.677716	7.152557E-7
-134.657087	-5.563100E-7
-134.636458	-1.748403E-6
-134.615829	-3.735224E-6
-134.595200	-6.039937E-6
-134.574572	-7.708867E-6
-134.553943	-8.583069E-6
-134.533314	-9.377797E-6
-134.512685	-1.001358E-5
-134.492056	-1.025200E-5
-134.471428	-1.072884E-5
-134.450799	-1.096725E-5
-134.430170	-1.064936E-5
-134.409541	-1.033147E-5
-134.388912	-9.536743E-6
-134.368283	-8.662542E-6
-134.347655	-8.344650E-6
-134.327026	-7.152557E-6
-134.306397	-7.390976E-6
-134.285768	-6.357829E-6
-134.265139	-5.245209E-6
-134.244511	-3.735224E-6
-134.223882	-3.337860E-6
-134.203253	-3.099442E-6
-134.182624	-2.304713E-6
-134.161995	-1.668930E-6
-134.141366	-3.973643E-7
-134.120738	1.351039E-6
-134.100109	3.417333E-6
-134.079480	6.675720E-6
-134.058851	8.503596E-6
-134.038222	9.218852E-6
-134.017593	8.980433E-6
-133.996965	1.049042E-5
-133.976336	1.207987E-5
-133.955707	1.247724E-5
-133.935078	1.358986E-5
-133.914449	1.263618E-5
-133.893821	1.160304E-5
-133.873192	1.017253E-5
-133.852563	8.742015E-6
-133.831934	8.026759E-6
-133.811305	6.278356E-6
-133.790676	2.861023E-6
-133.770048	-5.563100E-7
-133.749419	-2.225240E-6
-133.728790	-3.576279E-6
-133.708161	-5.642573E-6
-133.687532	-7.549922E-6
-133.666904	-9.139379E-6
-133.646275	-1.009305E-5
-133.625646	-1.088778E-5
-133.605017	-1.128515E-5
-133.584388	-1.144409E-5
-133.563759	-1.128515E-5
-133.543131	-1.072884E-5
-133.522502	-1.033147E-5
-133.501873	-1.025200E-5
-133.481244	-9.854635E-6
-133.460615	-9.377797E-6
-133.439986	-9.059906E-6
-133.419358	-7.947286E-6
-133.398729	-7.311503E-6
-133.378100	-6.278356E-6
-133.357471	-4.847844E-6
-133.336842	-3.576279E-6
-133.316214	-1.748403E-6
-133.295585	-7.152557E-7
-133.274956	7.947286E-7
-133.254327	1.827876E-6
-133.233698	3.337860E-6
-133.213069	4.927317E-6
-133.192441	6.119410E-6
-133.171812	7.708867E-6
-133.151183	8.900960E-6
-133.130554	9.775162E-6
-133.109925	1.112620E-5
-133.089297	1.263618E-5
-133.068668	1.343091E-5
-133.048039	1.239777E-5
-133.027410	1.184146E-5
-133.006781	1.025200E-5
-132.986152	9.457270E-6
-132.965524	8.503596E-6
-132.944895	6.596247E-6
-132.924266	4.450480E-6
-132.903637	3.337860E-6
-132.883008	2.066294E-6
-132.862379	-7.947286E-8
-132.841751	-1.827876E-6
-132.821122	-3.258387E-6
-132.800493	-4.847844E-6
-132.779864	-6.675720E-6
-132.759235	-7.073085E-6
-132.738607	-7.390976E-6
-132.717978	-9.616216E-6
-132.697349	-1.017253E-5
-132.676720	-1.041094E-5
-132.656091	-1.120567E-5
-132.635462	-1.064936E-5
-132.614834	-9.457270E-6
-132.594205	-8.980433E-6
-132.573576	-7.152557E-6
-132.552947	-5.324682E-6
-132.532318	-4.529953E-6
-132.511690	-3.814697E-6
-132.491061	-1.668930E-6
-132.470432	2.384186E-7
-132.449803	1.509984E-6
-132.429174	3.019969E-6
-132.408545	5.642573E-6
-132.387917	7.470449E-6
-132.367288	8.185705E-6
-132.346659	1.009305E-5
-132.326030	1.192093E-5
-132.305401	1.279513E-5
-132.284772	1.358986E-5
-132.264144	1.502037E-5
-132.243515	1.589457E-5
-132.222886	1.549721E-5
-132.202257	1.557668E-5
-132.181628	1.517932E-5
-132.161000	1.390775E-5
-132.140371	1.271566E-5
-132.119742	1.112620E-5
-132.099113	9.218852E-6
-132.078484	6.755193E-6
-132.057855	3.496806E-6
-132.037227	1.112620E-6
-132.016598	-7.947286E-7
-131.995969	-3.099442E-6
-131.975340	-5.324682E-6
-131.954711	-7.152557E-6
-131.934083	-8.662542E-6
-131.913454	-9.457270E-6
-131.892825	-1.041094E-5
-131.872196	-1.247724E-5
-131.851567	-1.358986E-5
-131.830938	-1.239777E-5
-131.810310	-1.064936E-5
-131.789681	-9.457270E-6
-131.769052	-7.947286E-6
-131.748423	-5.483627E-6
-131.727794	-3.337860E-6
-131.707165	-9.536743E-7
-131.686537	1.351039E-6
-131.665908	4.291534E-6
-131.645279	5.324682E-6
-131.624650	6.357829E-6
-131.604021	7.470449E-6
-131.583393	8.503596E-6
-131.562764	8.265177E-6
-131.542135	7.947286E-6
-131.521506	7.708867E-6
-131.500877	6.596247E-6
-131.480248	5.165736E-6
-131.459620	4.291534E-6
-131.438991	1.589457E-6
-131.418362	-8.742015E-7
-131.397733	-2.543132E-6
-131.377104	-4.132589E-6
-131.356476	-5.483627E-6
-131.335847	-6.755193E-6
-131.315218	-7.152557E-6
-131.294589	-7.311503E-6
-131.273960	-6.039937E-6
-131.253331	-5.801519E-6
-131.232703	-4.927317E-6
-131.212074	-4.132589E-6
-131.191445	-3.576279E-6
-131.170816	-2.543132E-6
-131.150187	-1.668930E-6
-131.129558	-1.033147E-6
-131.108930	-6.357829E-7
-131.088301	3.973643E-7
-131.067672	8.742015E-7
-131.047043	1.112620E-6
-131.026414	1.112620E-6
-131.005786	7.947286E-7
-130.985157	1.589457E-7
-130.964528	-9.536743E-7
-130.943899	-1.668930E-6
-130.923270	-2.861023E-6
-130.902641	-3.576279E-6
-130.882013	-5.642573E-6
-130.861384	-7.073085E-6
-130.840755	-8.344650E-6
-130.820126	-8.900960E-6
-130.799497	-1.017253E-5
-130.778869	-1.056989E-5
-130.758240	-1.144409E-5
-130.737611	-1.168251E-5
-130.716982	-1.239777E-5
-130.696353	-1.255671E-5
-130.675724	-1.072884E-5
-130.655096	-9.775162E-6
-130.634467	-9.457270E-6
-130.613838	-7.947286E-6
-130.593209	-5.324682E-6
-130.572580	-2.622604E-6
-130.551952	-1.589457E-7
-130.531323	2.781550E-6
-130.510694	5.245209E-6
-130.490065	8.106232E-6
-130.469436	1.009305E-5
-130.448807	1.144409E-5
-130.428179	1.422564E-5
-130.407550	1.541773E-5
-130.386921	1.613299E-5
-130.366292	1.772245E-5
-130.345663	1.692772E-5
-130.325034	1.517932E-5
-130.304406	1.184146E-5
-130.283777	9.775162E-6
-130.263148	7.152557E-6
-130.242519	4.132589E-6
-130.221890	1.271566E-6
-130.201262	-2.145767E-6
-130.180633	-6.596247E-6
-130.160004	-9.854635E-6
-130.139375	-1.168251E-5
-130.118746	-1.374880E-5
-130.098117	-1.573563E-5
-130.077489	-1.541773E-5
-130.056860	-1.446406E-5
-130.036231	-1.358986E-5
-130.015602	-1.152356E-5
-129.994973	-1.017253E-5
-129.974345	-8.026759E-6
-129.953716	-6.039937E-6
-129.933087	-4.212062E-6
-129.912458	-1.827876E-6
-129.891829	1.351039E-6
-129.871200	4.450480E-6
-129.850572	7.232030E-6
-129.829943	8.583069E-6
-129.809314	8.821487E-6
-129.788685	7.788340E-6
-129.768056	6.039937E-6
-129.747427	5.642573E-6
-129.726799	3.496806E-6
-129.706170	1.351039E-6
-129.685541	-1.748403E-6
-129.664912	-3.576279E-6
-129.644283	-6.198883E-6
-129.623655	-8.980433E-6
-129.603026	-1.096725E-5
-129.582397	-1.247724E-5
-129.561768	-1.406670E-5
-129.541139	-1.478195E-5
-129.520510	-1.565615E-5
-129.499882	-1.462301E-5
-129.479253	-1.358986E-5
-129.458624	-1.200040E-5
-129.437995	-1.112620E-5
-129.417366	-9.934107E-6
-129.396738	-7.470449E-6
-129.376109	-4.768372E-6
-129.355480	-2.940496E-6
-129.334851	-2.543132E-6
-129.314222	-1.509984E-6
-129.293593	2.384186E-7
-129.272965	3.973643E-7
-129.252336	0.000000
-129.231707	-7.152557E-7
-129.211078	-2.066294E-6
-129.190449	-2.861023E-6
-129.169820	-3.337860E-6
-129.149192	-4.371007E-6
-129.128563	-5.165736E-6
-129.107934	-6.039937E-6
-129.087305	-6.914139E-6
-129.066676	-7.629395E-6
-129.046048	-8.583069E-6
-129.025419	-9.218852E-6
-129.004790	-1.009305E-5
-128.984161	-9.854635E-6
-128.963532	-9.616216E-6
-128.942903	-8.265177E-6
-128.922275	-8.026759E-6
-128.901646	-5.563100E-6
-128.881017	-1.748403E-6
-128.860388	7.152557E-7
-128.839759	2.304713E-6
-128.819131	4.371007E-6
-128.798502	6.119410E-6
-128.777873	8.106232E-6
-128.757244	9.377797E-6
-128.736615	1.136462E-5
-128.715986	1.128515E-5
-128.695358	1.104673E-5
-128.674729	1.104673E-5
-128.654100	9.536743E-6
-128.633471	8.583069E-6
-128.612842	6.198883E-6
-128.592213	3.973643E-6
-128.571585	1.907349E-6
-128.550956	-1.986821E-6
-128.530327	-4.371007E-6
-128.509698	-7.232030E-6
-128.489069	-9.377797E-6
-128.468441	-1.120567E-5
-128.447812	-1.231829E-5
-128.427183	-1.311302E-5
-128.406554	-1.343091E-5
-128.385925	-1.311302E-5
-128.365296	-1.263618E-5
-128.344668	-1.033147E-5
-128.324039	-8.106232E-6
-128.303410	-6.119410E-6
-128.282781	-3.019969E-6
-128.262152	-6.357829E-7
-128.241524	1.192093E-6
-128.220895	3.735224E-6
-128.200266	6.675720E-6
-128.179637	8.265177E-6
-128.159008	9.298325E-6
-128.138379	1.049042E-5
-128.117751	1.064936E-5
-128.097122	1.096725E-5
-128.076493	1.041094E-5
-128.055864	1.001358E-5
-128.035235	8.662542E-6
-128.014606	7.788340E-6
-127.993978	6.675720E-6
-127.973349	4.212062E-6
-127.952720	1.430511E-6
-127.932091	-7.152557E-7
-127.911462	-2.781550E-6
-127.890834	-3.814697E-6
-127.870205	-5.324682E-6
-127.849576	-7.708867E-6
-127.828947	-8.821487E-6
-127.808318	-9.059906E-6
-127.787689	-9.536743E-6
-127.767061	-1.033147E-5
-127.746432	-1.017253E-5
-127.725803	-9.218852E-6
-127.705174	-8.344650E-6
-127.684545	-8.026759E-6
-127.663917	-7.390976E-6
-127.643288	-6.119410E-6
-127.622659	-3.576279E-6
-127.602030	-1.351039E-6
-127.581401	1.430511E-6
-127.560772	4.053116E-6
-127.540144	5.960464E-6
-127.519515	8.662542E-6
-127.498886	1.096725E-5
-127.478257	1.144409E-5
-127.457628	1.144409E-5
-127.436999	1.152356E-5
-127.416371	1.072884E-5
-127.395742	1.033147E-5
-127.375113	8.900960E-6
-127.354484	7.549922E-6
-127.333855	5.483627E-6
-127.313227	3.178914E-6
-127.292598	1.430511E-6
-127.271969	0.000000
-127.251340	-1.986821E-6
-127.230711	-3.973643E-6
-127.210082	-4.847844E-6
-127.189454	-5.086263E-6
-127.168825	-5.086263E-6
-127.148196	-6.119410E-6
-127.127567	-5.324682E-6
-127.106938	-4.688899E-6
-127.086310	-4.529953E-6
-127.065681	-3.417333E-6
-127.045052	-1.748403E-6
-127.024423	-1.033147E-6
-127.003794	3.178914E-7
-126.983165	1.907349E-6
-126.962537	2.940496E-6
-126.941908	3.973643E-6
-126.921279	5.086263E-6
-126.900650	7.232030E-6
-126.880021	7.311503E-6
-126.859392	8.503596E-6
-126.838764	7.788340E-6
-126.818135	7.232030E-6
-126.797506	6.357829E-6
-126.776877	4.847844E-6
-126.756248	3.655752E-6
-126.735620	1.430511E-6
-126.714991	7.947286E-8
-126.694362	-1.907349E-6
-126.673733	-3.576279E-6
-126.653104	-5.404154E-6
-126.632475	-6.357829E-6
-126.611847	-6.516774E-6
-126.591218	-6.119410E-6
-126.570589	-6.119410E-6
-126.549960	-6.357829E-6
-126.529331	-4.132589E-6
-126.508703	-2.543132E-6
-126.488074	3.973643E-7
-126.467445	4.132589E-6
-126.446816	7.152557E-6
-126.426187	9.536743E-6
-126.405558	1.152356E-5
-126.384930	1.295408E-5
-126.364301	1.478195E-5
-126.343672	1.637141E-5
-126.323043	1.684825E-5
-126.302414	1.581510E-5
-126.281785	1.494090E-5
-126.261157	1.390775E-5
-126.240528	1.215935E-5
-126.219899	1.001358E-5
-126.199270	5.801519E-6
-126.178641	3.258387E-6
-126.158013	5.563100E-7
-126.137384	-1.589457E-6
-126.116755	-3.417333E-6
-126.096126	-4.450480E-6
-126.075497	-5.483627E-6
-126.054868	-6.834666E-6
-126.034240	-8.344650E-6
-126.013611	-9.695689E-6
-125.992982	-1.001358E-5
-125.972353	-1.064936E-5
-125.951724	-1.088778E-5
-125.931096	-1.056989E-5
-125.910467	-9.139379E-6
-125.889838	-7.708867E-6
-125.869209	-7.232030E-6
-125.848580	-6.119410E-6
-125.827951	-5.404154E-6
-125.807323	-4.053116E-6
-125.786694	-2.463659E-6
-125.766065	-1.112620E-6
-125.745436	4.768372E-7
-125.724807	1.748403E-6
-125.704178	2.702077E-6
-125.683550	3.417333E-6
-125.662921	3.417333E-6
-125.642292	3.019969E-6
-125.621663	2.861023E-6
-125.601034	1.986821E-6
-125.580406	1.112620E-6
-125.559777	-2.384186E-7
-125.539148	-1.351039E-6
-125.518519	-2.622604E-6
-125.497890	-4.927317E-6
-125.477261	-7.152557E-6
-125.456633	-7.708867E-6
-125.436004	-7.867813E-6
-125.415375	-7.708867E-6
-125.394746	-7.708867E-6
-125.374117	-7.390976E-6
-125.353489	-6.755193E-6
-125.332860	-6.675720E-6
-125.312231	-5.722046E-6
-125.291602	-4.529953E-6
-125.270973	-2.781550E-6
-125.250344	-1.589457E-6
-125.229716	-1.589457E-7
-125.209087	1.112620E-6
-125.188458	2.145767E-6
-125.167829	2.622604E-6
-125.147200	2.861023E-6
-125.126571	2.702077E-6
-125.105943	3.099442E-6
-125.085314	2.622604E-6
-125.064685	1.907349E-6
-125.044056	1.589457E-6
-125.023427	1.033147E-6
-125.002799	5.563100E-7
-124.982170	-7.947286E-7
-124.961541	-1.509984E-6
-124.940912	-1.509984E-6
-124.920283	-2.543132E-6
-124.899654	-3.417333E-6
-124.879026	-4.688899E-6
-124.858397	-7.152557E-6
-124.837768	-9.377797E-6
-124.817139	-1.239777E-5
-124.796510	-1.732508E-5
-124.775882	-2.304713E-5
-124.755253	-2.861023E-5
-124.734624	-3.512700E-5
-124.713995	-4.108747E-5
-124.693366	-4.760424E-5
-124.672737	-5.380313E-5
-124.652109	-5.968412E-5
-124.631480	-6.405512E-5
-124.610851	-6.763140E-5
-124.590222	-6.945928E-5
-124.569593	-7.065137E-5
-124.548964	-6.985664E-5
-124.528336	-6.691615E-5
-124.507707	-6.238619E-5
-124.487078	-5.682309E-5
-124.466449	-4.967054E-5
-124.445820	-4.092852E-5
-124.425192	-3.107389E-5
-124.404563	-2.137820E-5
-124.383934	-1.088778E-5
-124.363305	1.748403E-6
-124.342676	1.438459E-5
-124.322047	2.559026E-5
-124.301419	3.520648E-5
-124.280790	4.418691E-5
-124.260161	5.284945E-5
-124.239532	6.111463E-5
-124.218903	6.771088E-5
-124.198275	7.247925E-5
-124.177646	7.597605E-5
-124.157017	7.891655E-5
-124.136388	8.114179E-5
-124.115759	8.185705E-5
-124.095130	8.281072E-5
-124.074502	8.233388E-5
-124.053873	8.122126E-5
-124.033244	7.891655E-5
-124.012615	7.589658E-5
-123.991986	7.160505E-5
-123.971358	6.723404E-5
-123.950729	6.198883E-5
-123.930100	5.666415E-5
-123.909471	5.046527E-5
-123.888842	4.347165E-5
-123.868213	3.568331E-5
-123.847585	2.837181E-5
-123.826956	2.169609E-5
-123.806327	1.454353E-5
-123.785698	7.947286E-6
-123.765069	1.827876E-6
-123.744440	-4.053116E-6
-123.723812	-9.059906E-6
-123.703183	-1.335144E-5
-123.682554	-1.740456E-5
-123.661925	-2.074242E-5
-123.641296	-2.415975E-5
-123.620668	-2.519290E-5
-123.600039	-2.654394E-5
-123.579410	-2.733866E-5
-123.558781	-2.670288E-5
-123.538152	-2.606710E-5
-123.517523	-2.400080E-5
-123.496895	-2.050400E-5
-123.476266	-1.772245E-5
-123.455637	-1.597404E-5
-123.435008	-1.486142E-5
-123.414379	-1.311302E-5
-123.393751	-1.176198E-5
-123.373122	-1.009305E-5
-123.352493	-8.344650E-6
-123.331864	-7.708867E-6
-123.311235	-7.629395E-6
-123.290606	-7.152557E-6
-123.269978	-7.549922E-6
-123.249349	-8.106232E-6
-123.228720	-9.218852E-6
-123.208091	-1.080831E-5
-123.187462	-1.184146E-5
-123.166833	-1.271566E-5
-123.146205	-1.358986E-5
-123.125576	-1.343091E-5
-123.104947	-1.327197E-5
-123.084318	-1.327197E-5
-123.063689	-1.168251E-5
-123.043061	-9.616216E-6
-123.022432	-7.788340E-6
-123.001803	-5.642573E-6
-122.981174	-2.781550E-6
-122.960545	-3.973643E-7
-122.939916	2.066294E-6
-122.919288	4.371007E-6
-122.898659	6.437302E-6
-122.878030	8.821487E-6
-122.857401	1.064936E-5
-122.836772	1.215935E-5
-122.816144	1.279513E-5
-122.795515	1.311302E-5
-122.774886	1.271566E-5
-122.754257	1.207987E-5
-122.733628	9.775162E-6
-122.712999	6.357829E-6
-122.692371	2.861023E-6
-122.671742	-4.768372E-7
-122.651113	-4.609426E-6
-122.630484	-7.708867E-6
-122.609855	-1.120567E-5
-122.589226	-1.454353E-5
-122.568598	-1.819928E-5
-122.547969	-2.018611E-5
-122.527340	-2.257029E-5
-122.506711	-2.336502E-5
-122.486082	-2.384186E-5
-122.465454	-2.447764E-5
-122.444825	-2.535184E-5
-122.424196	-2.495448E-5
-122.403567	-2.288818E-5
-122.382938	-2.034505E-5
-122.362309	-1.684825E-5
-122.341681	-1.263618E-5
-122.321052	-8.742015E-6
-122.300423	-5.483627E-6
-122.279794	-2.702077E-6
-122.259165	7.947286E-7
-122.238537	4.371007E-6
-122.217908	7.390976E-6
-122.197279	9.854635E-6
-122.176650	1.215935E-5
-122.156021	1.366933E-5
-122.135392	1.454353E-5
-122.114764	1.517932E-5
-122.094135	1.430511E-5
-122.073506	1.351039E-5
-122.052877	1.351039E-5
-122.032248	1.168251E-5
-122.011619	1.056989E-5
-121.990991	8.583069E-6
-121.970362	7.073085E-6
-121.949733	4.927317E-6
-121.929104	2.861023E-6
-121.908475	1.986821E-6
-121.887847	7.152557E-7
-121.867218	-1.509984E-6
-121.846589	-3.576279E-6
-121.825960	-5.165736E-6
-121.805331	-6.039937E-6
-121.784702	-7.390976E-6
-121.764074	-8.185705E-6
-121.743445	-9.298325E-6
-121.722816	-1.017253E-5
-121.702187	-1.009305E-5
-121.681558	-8.900960E-6
-121.660930	-9.616216E-6
-121.640301	-9.616216E-6
-121.619672	-7.947286E-6
-121.599043	-7.708867E-6
-121.578414	-5.880992E-6
-121.557785	-4.927317E-6
-121.537157	-3.337860E-6
-121.516528	-2.384186E-6
-121.495899	-2.145767E-6
-121.475270	-2.940496E-6
-121.454641	-1.907349E-6
-121.434012	-1.192093E-6
-121.413384	-1.112620E-6
-121.392755	-2.145767E-6
-121.372126	-2.145767E-6
-121.351497	-2.781550E-6
-121.330868	-2.463659E-6
-121.310240	-2.543132E-6
-121.289611	-2.622604E-6
-121.268982	-2.145767E-6
-121.248353	-1.112620E-6
-121.227724	6.357829E-7
-121.207095	3.099442E-6
-121.186467	5.324682E-6
-121.165838	7.708867E-6
-121.145209	1.144409E-5
-121.124580	1.398722E-5
-121.103951	1.653035E-5
-121.083323	1.907349E-5
-121.062694	2.264977E-5
-121.042065	2.495448E-5
-121.021436	2.519290E-5
-121.000807	2.471606E-5
-120.980178	2.257029E-5
-120.959550	2.034505E-5
-120.938921	1.875559E-5
-120.918292	1.541773E-5
-120.897663	1.136462E-5
-120.877034	5.960464E-6
-120.856405	1.351039E-6
-120.835777	-2.781550E-6
-120.815148	-6.914139E-6
-120.794519	-1.184146E-5
-120.773890	-1.613299E-5
-120.753261	-1.931190E-5
-120.732633	-2.241135E-5
-120.712004	-2.646446E-5
-120.691375	-2.868970E-5
-120.670746	-3.043811E-5
-120.650117	-3.123283E-5
-120.629488	-3.035863E-5
-120.608860	-2.908707E-5
-120.588231	-2.710025E-5
-120.567602	-2.455711E-5
-120.546973	-2.002716E-5
-120.526344	-1.525879E-5
-120.505716	-1.120567E-5
-120.485087	-5.006790E-6
-120.464458	1.112620E-6
-120.443829	6.278356E-6
-120.423200	1.072884E-5
-120.402571	1.509984E-5
-120.381943	1.819928E-5
-120.361314	2.225240E-5
-120.340685	2.495448E-5
-120.320056	2.773603E-5
-120.299427	2.940496E-5
-120.278798	2.884865E-5
-120.258170	2.614657E-5
-120.237541	2.217293E-5
-120.216912	1.764297E-5
-120.196283	1.223882E-5
-120.175654	5.086263E-6
-120.155026	-2.463659E-6
-120.134397	-8.980433E-6
-120.113768	-1.486142E-5
-120.093139	-2.042452E-5
-120.072510	-2.495448E-5
-120.051881	-2.980232E-5
-120.031253	-3.290176E-5
-120.010624	-3.512700E-5
-119.989995	-3.679593E-5
-119.969366	-3.743172E-5
-119.948737	-3.655752E-5
-119.928109	-3.520648E-5
-119.907480	-3.298124E-5
-119.886851	-3.019969E-5
-119.866222	-2.630552E-5
-119.845593	-2.185504E-5
-119.824964	-1.811981E-5
-119.804336	-1.343091E-5
-119.783707	-9.139379E-6
-119.763078	-6.039937E-6
-119.742449	-2.145767E-6
-119.721820	2.384186E-7
-119.701191	1.192093E-6
-119.680563	3.337860E-6
-119.659934	4.291534E-6
-119.639305	5.563100E-6
-119.618676	6.357829E-6
-119.598047	6.119410E-6
-119.577419	5.483627E-6
-119.556790	5.642573E-6
-119.536161	5.960464E-6
-119.515532	6.675720E-6
-119.494903	6.198883E-6
-119.474274	7.390976E-6
-119.453646	8.583069E-6
-119.433017	9.139379E-6
-119.412388	1.025200E-5
-119.391759	1.239777E-5
-119.371130	1.422564E-5
-119.350502	1.549721E-5
-119.329873	1.692772E-5
-119.309244	1.724561E-5
-119.288615	1.756350E-5
-119.267986	1.827876E-5
-119.247357	1.748403E-5
-119.226729	1.700719E-5
-119.206100	1.605352E-5
-119.185471	1.446406E-5
-119.164842	1.239777E-5
-119.144213	1.017253E-5
-119.123584	6.834666E-6
-119.102956	4.053116E-6
-119.082327	4.768372E-7
-119.061698	-3.814697E-6
-119.041069	-7.708867E-6
-119.020440	-1.120567E-5
-118.999812	-1.406670E-5
-118.979183	-1.724561E-5
-118.958554	-1.899401E-5
-118.937925	-2.066294E-5
-118.917296	-2.066294E-5
-118.896667	-2.066294E-5
-118.876039	-2.050400E-5
-118.855410	-1.915296E-5
-118.834781	-1.764297E-5
-118.814152	-1.573563E-5
-118.793523	-1.215935E-5
-118.772895	-8.980433E-6
-118.752266	-5.324682E-6
-118.731637	-2.225240E-6
-118.711008	-3.178914E-7
-118.690379	2.066294E-6
-118.669750	3.337860E-6
-118.649122	5.324682E-6
-118.628493	7.470449E-6
-118.607864	8.583069E-6
-118.587235	9.775162E-6
-118.566606	1.231829E-5
-118.545977	1.279513E-5
-118.525349	1.128515E-5
-118.504720	1.088778E-5
-118.484091	1.009305E-5
-118.463462	9.139379E-6
-118.442833	6.914139E-6
-118.422205	3.735224E-6
-118.401576	1.271566E-6
-118.380947	-1.033147E-6
-118.360318	-3.099442E-6
-118.339689	-4.371007E-6
-118.319060	-5.722046E-6
-118.298432	-6.596247E-6
-118.277803	-6.834666E-6
-118.257174	-7.708867E-6
-118.236545	-8.026759E-6
-118.215916	-7.708867E-6
-118.195288	-6.039937E-6
-118.174659	-5.245209E-6
-118.154030	-3.496806E-6
-118.133401	-2.225240E-6
-118.112772	-7.152557E-7
-118.092143	-6.357829E-7
-118.071515	-2.384186E-7
-118.050886	6.357829E-7
-118.030257	2.384186E-7
-118.009628	3.178914E-7
-117.988999	7.152557E-7
-117.968370	-1.589457E-7
-117.947742	-1.033147E-6
-117.927113	-1.430511E-6
-117.906484	-1.907349E-6
-117.885855	-2.066294E-6
-117.865226	-2.225240E-6
-117.844598	-2.145767E-6
-117.823969	-2.145767E-6
-117.803340	-1.748403E-6
-117.782711	-3.178914E-7
-117.762082	6.357829E-7
-117.741453	2.145767E-6
-117.720825	3.337860E-6
-117.700196	4.450480E-6
-117.679567	5.801519E-6
-117.658938	7.549922E-6
-117.638309	9.059906E-6
-117.617681	9.934107E-6
-117.597052	1.049042E-5
-117.576423	1.128515E-5
-117.555794	1.160304E-5
-117.535165	1.096725E-5
-117.514536	1.056989E-5
-117.493908	1.041094E-5
-117.473279	1.001358E-5
-117.452650	9.139379E-6
-117.432021	7.867813E-6
-117.411392	6.039937E-6
-117.390764	4.132589E-6
-117.370135	2.622604E-6
-117.349506	7.947286E-8
-117.328877	-1.668930E-6
-117.308248	-4.291534E-6
-117.287619	-7.232030E-6
-117.266991	-9.139379E-6
-117.246362	-1.080831E-5
-117.225733	-1.120567E-5
-117.205104	-1.192093E-5
-117.184475	-1.366933E-5
-117.163846	-1.438459E-5
-117.143218	-1.422564E-5
-117.122589	-1.462301E-5
-117.101960	-1.319249E-5
-117.081331	-1.255671E-5
-117.060702	-1.136462E-5
-117.040074	-8.980433E-6
-117.019445	-7.390976E-6
-116.998816	-5.722046E-6
-116.978187	-2.543132E-6
-116.957558	2.384186E-7
-116.936929	2.702077E-6
-116.916301	5.404154E-6
-116.895672	7.311503E-6
-116.875043	9.536743E-6
-116.854414	1.104673E-5
-116.833785	1.311302E-5
-116.813157	1.502037E-5
-116.792528	1.549721E-5
-116.771899	1.605352E-5
-116.751270	1.517932E-5
-116.730641	1.319249E-5
-116.710012	1.104673E-5
-116.689384	1.025200E-5
-116.668755	8.900960E-6
-116.648126	6.357829E-6
-116.627497	4.371007E-6
-116.606868	1.351039E-6
-116.586239	-3.178914E-7
-116.565611	-2.225240E-6
-116.544982	-5.404154E-6
-116.524353	-8.900960E-6
-116.503724	-1.128515E-5
-116.483095	-1.335144E-5
-116.462467	-1.414617E-5
-116.441838	-1.525879E-5
-116.421209	-1.637141E-5
-116.400580	-1.621246E-5
-116.379951	-1.660983E-5
-116.359322	-1.557668E-5
-116.338694	-1.517932E-5
-116.318065	-1.406670E-5
-116.297436	-1.192093E-5
-116.276807	-9.457270E-6
-116.256178	-6.993612E-6
-116.235550	-4.927317E-6
-116.214921	-2.225240E-6
-116.194292	1.589457E-7
-116.173663	2.304713E-6
-116.153034	4.371007E-6
-116.132405	5.404154E-6
-116.111777	6.119410E-6
-116.091148	8.026759E-6
-116.070519	9.377797E-6
-116.049890	8.900960E-6
-116.029261	8.662542E-6
-116.008632	8.980433E-6
-115.988004	8.900960E-6
-115.967375	7.708867E-6
-115.946746	6.834666E-6
-115.926117	6.198883E-6
-115.905488	5.642573E-6
-115.884860	5.086263E-6
-115.864231	4.371007E-6
-115.843602	3.814697E-6
-115.822973	3.496806E-6
-115.802344	2.622604E-6
-115.781715	2.463659E-6
-115.761087	2.304713E-6
-115.740458	2.304713E-6
-115.719829	2.225240E-6
-115.699200	1.827876E-6
-115.678571	1.271566E-6
-115.657943	1.748403E-6
-115.637314	1.271566E-6
-115.616685	4.768372E-7
-115.596056	8.742015E-7
-115.575427	6.357829E-7
-115.554798	6.357829E-7
-115.534170	1.271566E-6
-115.513541	5.563100E-7
-115.492912	2.384186E-7
-115.472283	0.000000
-115.451654	-7.947286E-8
-115.431025	6.357829E-7
-115.410397	3.973643E-7
-115.389768	-6.357829E-7
-115.369139	-1.271566E-6
-115.348510	-1.907349E-6
-115.327881	-2.940496E-6
-115.307253	-3.337860E-6
-115.286624	-5.642573E-6
-115.265995	-6.516774E-6
-115.245366	-8.344650E-6
-115.224737	-9.457270E-6
-115.204108	-1.080831E-5
-115.183480	-1.215935E-5
-115.162851	-1.263618E-5
-115.142222	-1.319249E-5
-115.121593	-1.295408E-5
-115.100964	-1.215935E-5
-115.080336	-1.104673E-5
-115.059707	-8.980433E-6
-115.039078	-8.503596E-6
-115.018449	-6.278356E-6
-114.997820	-4.053116E-6
-114.977191	-2.066294E-6
-114.956563	-3.973643E-7
-114.935934	7.152557E-7
-114.915305	1.907349E-6
-114.894676	3.417333E-6
-114.874047	4.132589E-6
-114.853418	3.894170E-6
-114.832790	4.291534E-6
-114.812161	3.576279E-6
-114.791532	2.622604E-6
-114.770903	1.351039E-6
-114.750274	-2.384186E-7
-114.729646	-3.973643E-7
-114.709017	-1.589457E-6
-114.688388	-2.622604E-6
-114.667759	-3.417333E-6
-114.647130	-4.053116E-6
-114.626501	-5.324682E-6
-114.605873	-5.880992E-6
-114.585244	-6.357829E-6
-114.564615	-7.232030E-6
-114.543986	-6.357829E-6
-114.523357	-6.755193E-6
-114.502729	-6.675720E-6
-114.482100	-6.437302E-6
-114.461471	-6.755193E-6
-114.440842	-6.516774E-6
-114.420213	-5.960464E-6
-114.399584	-6.119410E-6
-114.378956	-5.165736E-6
-114.358327	-4.053116E-6
-114.337698	-3.496806E-6
-114.317069	-2.781550E-6
-114.296440	-2.304713E-6
-114.275811	-7.152557E-7
-114.255183	-3.178914E-7
-114.234554	1.430511E-6
-114.213925	3.417333E-6
-114.193296	3.655752E-6
-114.172667	4.450480E-6
-114.152039	4.847844E-6
-114.131410	5.006790E-6
-114.110781	5.880992E-6
-114.090152	6.675720E-6
-114.069523	6.993612E-6
-114.048894	6.993612E-6
-114.028266	7.390976E-6
-114.007637	7.947286E-6
-113.987008	8.106232E-6
-113.966379	7.788340E-6
-113.945750	8.185705E-6
-113.925122	8.185705E-6
-113.904493	7.311503E-6
-113.883864	7.311503E-6
-113.863235	7.549922E-6
-113.842606	6.914139E-6
-113.821977	6.198883E-6
-113.801349	5.880992E-6
-113.780720	5.165736E-6
-113.760091	4.291534E-6
-113.739462	3.337860E-6
-113.718833	1.589457E-6
-113.698204	2.384186E-7
-113.677576	-9.536743E-7
-113.656947	-1.907349E-6
-113.636318	-3.496806E-6
-113.615689	-4.529953E-6
-113.595060	-5.722046E-6
-113.574432	-6.278356E-6
-113.553803	-7.549922E-6
-113.533174	-8.026759E-6
-113.512545	-9.139379E-6
-113.491916	-1.001358E-5
-113.471287	-1.056989E-5
-113.450659	-1.144409E-5
-113.430030	-1.231829E-5
-113.409401	-1.247724E-5
-113.388772	-1.136462E-5
-113.368143	-1.041094E-5
-113.347515	-1.025200E-5
-113.326886	-8.900960E-6
-113.306257	-6.914139E-6
-113.285628	-4.291534E-6
-113.264999	-1.907349E-6
-113.244370	-3.178914E-7
-113.223742	1.986821E-6
-113.203113	5.563100E-6
-113.182484	8.503596E-6
-113.161855	1.033147E-5
-113.141226	1.184146E-5
-113.120597	1.374880E-5
-113.099969	1.470248E-5
-113.079340	1.462301E-5
-113.058711	1.255671E-5
-113.038082	1.072884E-5
-113.017453	8.980433E-6
-112.996825	6.914139E-6
-112.976196	5.086263E-6
-112.955567	2.384186E-6
-112.934938	-2.384186E-7
-112.914309	-2.304713E-6
-112.893680	-3.496806E-6
-112.873052	-4.768372E-6
-112.852423	-6.278356E-6
-112.831794	-7.788340E-6
-112.811165	-8.344650E-6
-112.790536	-8.185705E-6
-112.769908	-6.993612E-6
-112.749279	-7.549922E-6
-112.728650	-7.073085E-6
-112.708021	-5.880992E-6
-112.687392	-4.609426E-6
-112.666763	-3.258387E-6
-112.646135	-3.099442E-6
-112.625506	-2.225240E-6
-112.604877	-1.589457E-6
-112.584248	-2.384186E-7
-112.563619	2.384186E-7
-112.542990	1.271566E-6
-112.522362	1.192093E-6
-112.501733	1.509984E-6
-112.481104	1.430511E-6
-112.460475	7.152557E-7
-112.439846	-7.947286E-7
-112.419218	-1.271566E-6
-112.398589	-1.748403E-6
-112.377960	-3.337860E-6
-112.357331	-5.563100E-6
-112.336702	-6.119410E-6
-112.316073	-7.470449E-6
-112.295445	-8.583069E-6
-112.274816	-9.934107E-6
-112.254187	-1.025200E-5
-112.233558	-1.049042E-5
-112.212929	-1.064936E-5
-112.192301	-1.064936E-5
-112.171672	-1.096725E-5
-112.151043	-1.041094E-5
-112.130414	-9.139379E-6
-112.109785	-6.198883E-6
-112.089156	-3.258387E-6
-112.068528	-7.947286E-7
-112.047899	2.384186E-6
-112.027270	5.006790E-6
-112.006641	7.232030E-6
-111.986012	1.072884E-5
-111.965383	1.303355E-5
-111.944755	1.486142E-5
-111.924126	1.533826E-5
-111.903497	1.557668E-5
-111.882868	1.502037E-5
-111.862239	1.502037E-5
-111.841611	1.398722E-5
-111.820982	1.335144E-5
-111.800353	1.184146E-5
-111.779724	1.072884E-5
-111.759095	9.695689E-6
-111.738466	8.424123E-6
-111.717838	8.026759E-6
-111.697209	6.755193E-6
-111.676580	5.642573E-6
-111.655951	3.337860E-6
-111.635322	1.827876E-6
-111.614694	7.947286E-7
-111.594065	-1.589457E-7
-111.573436	-7.947286E-7
-111.552807	-8.742015E-7
-111.532178	-8.742015E-7
-111.511549	-1.509984E-6
-111.490921	-1.986821E-6
-111.470292	-1.351039E-6
-111.449663	-6.357829E-7
-111.429034	5.563100E-7
-111.408405	2.304713E-6
-111.387776	3.019969E-6
-111.367148	5.245209E-6
-111.346519	7.390976E-6
-111.325890	9.377797E-6
-111.305261	1.239777E-5
-111.284632	1.470248E-5
-111.264004	1.589457E-5
-111.243375	1.780192E-5
-111.222746	1.883507E-5
-111.202117	1.923243E-5
-111.181488	1.923243E-5
-111.160859	1.843770E-5
-111.140231	1.708666E-5
-111.119602	1.660983E-5
-111.098973	1.549721E-5
-111.078344	1.358986E-5
-111.057715	1.223882E-5
-111.037087	1.096725E-5
-111.016458	8.900960E-6
-110.995829	7.788340E-6
-110.975200	7.232030E-6
-110.954571	7.311503E-6
-110.933942	7.073085E-6
-110.913314	8.185705E-6
-110.892685	8.980433E-6
-110.872056	9.139379E-6
-110.851427	1.025200E-5
-110.830798	1.144409E-5
-110.810170	1.319249E-5
-110.789541	1.454353E-5
-110.768912	1.605352E-5
-110.748283	1.780192E-5
-110.727654	1.970927E-5
-110.707025	2.098083E-5
-110.686397	2.257029E-5
-110.665768	2.328555E-5
-110.645139	2.280871E-5
-110.624510	2.272924E-5
-110.603881	2.201398E-5
-110.583252	2.050400E-5
-110.562624	1.899401E-5
-110.541995	1.835823E-5
-110.521366	1.653035E-5
-110.500737	1.398722E-5
-110.480108	1.223882E-5
-110.459480	1.041094E-5
-110.438851	7.788340E-6
-110.418222	5.165736E-6
-110.397593	2.304713E-6
-110.376964	5.563100E-7
-110.356335	-1.033147E-6
-110.335707	-1.589457E-7
-110.315078	-3.178914E-7
-110.294449	0.000000
-110.273820	1.430511E-6
-110.253191	2.702077E-6
-110.232563	3.735224E-6
-110.211934	5.483627E-6
-110.191305	7.788340E-6
-110.170676	9.457270E-6
-110.150047	9.775162E-6
-110.129418	9.616216E-6
-110.108790	9.218852E-6
-110.088161	8.821487E-6
-110.067532	7.073085E-6
-110.046903	4.768372E-6
-110.026274	1.907349E-6
-110.005645	-3.973643E-7
-109.985017	-3.814697E-6
-109.964388	-6.993612E-6
-109.943759	-9.457270E-6
-109.923130	-1.231829E-5
-109.902501	-1.430511E-5
-109.881873	-1.653035E-5
-109.861244	-1.939138E-5
-109.840615	-2.153714E-5
-109.819986	-2.288818E-5
-109.799357	-2.431870E-5
-109.778728	-2.423922E-5
-109.758100	-2.392133E-5
-109.737471	-2.376239E-5
-109.716842	-2.312660E-5
-109.696213	-2.264977E-5
-109.675584	-2.209345E-5
-109.654956	-2.082189E-5
-109.634327	-2.042452E-5
-109.613698	-1.891454E-5
-109.593069	-1.811981E-5
-109.572440	-1.724561E-5
-109.551811	-1.613299E-5
-109.531183	-1.645088E-5
-109.510554	-1.613299E-5
-109.489925	-1.581510E-5
-109.469296	-1.700719E-5
-109.448667	-1.708666E-5
-109.428038	-1.740456E-5
-109.407410	-1.732508E-5
-109.386781	-1.867612E-5
-109.366152	-1.986821E-5
-109.345523	-2.042452E-5
-109.324894	-2.233187E-5
-109.304266	-2.384186E-5
-109.283637	-2.463659E-5
-109.263008	-2.559026E-5
-109.242379	-2.630552E-5
-109.221750	-2.614657E-5
-109.201121	-2.543132E-5
-109.180493	-2.503395E-5
-109.159864	-2.400080E-5
-109.139235	-2.320608E-5
-109.118606	-2.121925E-5
-109.097977	-1.859665E-5
-109.077349	-1.589457E-5
-109.056720	-1.382828E-5
-109.036091	-1.104673E-5
-109.015462	-8.821487E-6
-108.994833	-6.834666E-6
-108.974204	-4.132589E-6
-108.953576	-2.622604E-6
-108.932947	-1.509984E-6
-108.912318	-7.152557E-7
-108.891689	-1.430511E-6
-108.871060	-3.337860E-6
-108.850431	-4.927317E-6
-108.829803	-6.914139E-6
-108.809174	-9.218852E-6
-108.788545	-1.295408E-5
-108.767916	-1.708666E-5
-108.747287	-2.161662E-5
-108.726659	-2.582868E-5
-108.706030	-2.972285E-5
-108.685401	-3.329913E-5
-108.664772	-3.512700E-5
-108.644143	-3.472964E-5
-108.623514	-3.298124E-5
-108.602886	-3.091494E-5
-108.582257	-2.694130E-5
-108.561628	-2.113978E-5
-108.540999	-1.517932E-5
-108.520370	-9.934107E-6
-108.499742	-3.019969E-6
-108.479113	3.973643E-6
-108.458484	1.168251E-5
-108.437855	1.859665E-5
-108.417226	2.471606E-5
-108.396597	3.004074E-5
-108.375969	3.671646E-5
-108.355340	4.084905E-5
-108.334711	4.339218E-5
-108.314082	4.569689E-5
-108.293453	4.712741E-5
-108.272824	4.609426E-5
-108.252196	4.529953E-5
-108.231567	4.482269E-5
-108.210938	4.259745E-5
-108.190309	3.902117E-5
-108.169680	3.544490E-5
-108.149052	3.019969E-5
-108.128423	2.551079E-5
-108.107794	2.074242E-5
-108.087165	1.621246E-5
-108.066536	1.144409E-5
-108.045907	7.311503E-6
-108.025279	3.496806E-6
-108.004650	4.768372E-7
-107.984021	-2.384186E-7
-107.963392	-1.509984E-6
-107.942763	-2.145767E-6
-107.922135	-1.827876E-6
-107.901506	5.563100E-7
-107.880877	4.212062E-6
-107.860248	7.549922E-6
-107.839619	1.088778E-5
-107.818990	1.581510E-5
-107.798362	1.994769E-5
-107.777733	2.408028E-5
-107.757104	2.940496E-5
-107.736475	3.329913E-5
-107.715846	3.600121E-5
-107.695217	3.822645E-5
-107.674589	4.092852E-5
-107.653960	4.251798E-5
-107.633331	4.371007E-5
-107.612702	4.418691E-5
-107.592073	4.506111E-5
-107.571445	4.418691E-5
-107.550816	4.426638E-5
-107.530187	4.386902E-5
-107.509558	4.378955E-5
-107.488929	4.371007E-5
-107.468300	4.267693E-5
-107.447672	4.164378E-5
-107.427043	4.132589E-5
-107.406414	4.069010E-5
-107.385785	4.037221E-5
-107.365156	4.132589E-5
-107.344528	4.164378E-5
-107.323899	4.331271E-5
-107.303270	4.545848E-5
-107.282641	4.824003E-5
-107.262012	5.022685E-5
-107.241383	5.149841E-5
-107.220755	5.332629E-5
-107.200126	5.563100E-5
-107.179497	5.801519E-5
-107.158868	6.119410E-5
-107.138239	6.373723E-5
-107.117610	6.461143E-5
-107.096982	6.628036E-5
-107.076353	6.651878E-5
-107.055724	6.596247E-5
-107.035095	6.429354E-5
-107.014466	6.318092E-5
-106.993838	6.095568E-5
-106.973209	5.928675E-5
-106.952580	5.618731E-5
-106.931951	5.165736E-5
-106.911322	4.824003E-5
-106.890693	4.498164E-5
-106.870065	4.402796E-5
-106.849436	4.196167E-5
-106.828807	4.076958E-5
-106.808178	3.933907E-5
-106.787549	3.925959E-5
-106.766921	4.005432E-5
-106.746292	4.132589E-5
-106.725663	4.402796E-5
-106.705034	4.577637E-5
-106.684405	4.768372E-5
-106.663776	4.998843E-5
-106.643148	5.245209E-5
-106.622519	5.364418E-5
-106.601890	5.316734E-5
-106.581261	5.070368E-5
-106.560632	4.768372E-5
-106.540003	4.355113E-5
-106.519375	3.854434E-5
-106.498746	3.425280E-5
-106.478117	2.773603E-5
-106.457488	2.066294E-5
-106.436859	1.382828E-5
-106.416231	6.437302E-6
-106.395602	-3.417333E-6
-106.374973	-1.279513E-5
-106.354344	-2.153714E-5
-106.333715	-3.314018E-5
-106.313086	-4.307429E-5
-106.292458	-5.173683E-5
-106.271829	-5.960464E-5
-106.251200	-6.755193E-5
-106.230571	-7.541974E-5
-106.209942	-8.296967E-5
-106.189314	-8.916855E-5
-106.168685	-9.425481E-5
-106.148056	-9.902318E-5
-106.127427	-0.000103
-106.106798	-0.000108
-106.086169	-0.000111
-106.065541	-0.000114
-106.044912	-0.000117
-106.024283	-0.000120
-106.003654	-0.000123
-105.983025	-0.000124
-105.962396	-0.000127
-105.941768	-0.000130
-105.921139	-0.000133
-105.900510	-0.000134
-105.879881	-0.000134
-105.859252	-0.000135
-105.838624	-0.000136
-105.817995	-0.000137
-105.797366	-0.000137
-105.776737	-0.000135
-105.756108	-0.000133
-105.735479	-0.000132
-105.714851	-0.000131
-105.694222	-0.000130
-105.673593	-0.000130
-105.652964	-0.000129
-105.632335	-0.000129
-105.611707	-0.000131
-105.591078	-0.000131
-105.570449	-0.000132
-105.549820	-0.000134
-105.529191	-0.000137
-105.508562	-0.000143
-105.487934	-0.000150
-105.467305	-0.000157
-105.446676	-0.000166
-105.426047	-0.000177
-105.405418	-0.000188
-105.384789	-0.000200
-105.364161	-0.000211
-105.343532	-0.000219
-105.322903	-0.000222
-105.302274	-0.000221
-105.281645	-0.000217
-105.261017	-0.000210
-105.240388	-0.000198
-105.219759	-0.000182
-105.199130	-0.000168
-105.178501	-0.000153
-105.157872	-0.000139
-105.137244	-0.000134
-105.116615	-0.000142
-105.095986	-0.000171
-105.075357	-0.000223
-105.054728	-0.000295
-105.034100	-0.000390
-105.013471	-0.000499
-104.992842	-0.000627
-104.972213	-0.000769
-104.951584	-0.000939
-104.930955	-0.001125
-104.910327	-0.001319
-104.889698	-0.001493
-104.869069	-0.001650
-104.848440	-0.001793
-104.827811	-0.001896
-104.807182	-0.001953
-104.786554	-0.001967
-104.765925	-0.001924
-104.745296	-0.001833
-104.724667	-0.001692
-104.704038	-0.001475
-104.683410	-0.001206
-104.662781	-0.000890
-104.642152	-0.000537
-104.621523	-0.000159
-104.600894	0.000245
-104.580265	0.000631
-104.559637	0.001010
-104.539008	0.001393
-104.518379	0.001731
-104.497750	0.002035
-104.477121	0.002302
-104.456493	0.002505
-104.435864	0.002651
-104.415235	0.002755
-104.394606	0.002801
-104.373977	0.002794
-104.353348	0.002752
-104.332720	0.002664
-104.312091	0.002527
-104.291462	0.002363
-104.270833	0.002192
-104.250204	0.002006
-104.229576	0.001807
-104.208947	0.001598
-104.188318	0.001408
-104.167689	0.001211
-104.147060	0.001016
-104.126431	0.000823
-104.105803	0.000639
-104.085174	0.000466
-104.064545	0.000307
-104.043916	0.000169
-104.023287	5.149841E-5
-104.002658	-5.412102E-5
-103.982030	-0.000144
-103.961401	-0.000221
-103.940772	-0.000288
-103.920143	-0.000342
-103.899514	-0.000387
-103.878886	-0.000421
-103.858257	-0.000446
-103.837628	-0.000463
-103.816999	-0.000473
-103.796370	-0.000478
-103.775741	-0.000477
-103.755113	-0.000473
-103.734484	-0.000465
-103.713855	-0.000455
-103.693226	-0.000444
-103.672597	-0.000432
-103.651969	-0.000418
-103.631340	-0.000403
-103.610711	-0.000387
-103.590082	-0.000371
-103.569453	-0.000356
-103.548824	-0.000341
-103.528196	-0.000326
-103.507567	-0.000312
-103.486938	-0.000295
-103.466309	-0.000281
-103.445680	-0.000268
-103.425051	-0.000255
-103.404423	-0.000241
-103.383794	-0.000229
-103.363165	-0.000217
-103.342536	-0.000205
-103.321907	-0.000195
-103.301279	-0.000186
-103.280650	-0.000177
-103.260021	-0.000168
-103.239392	-0.000161
-103.218763	-0.000152
-103.198134	-0.000144
-103.177506	-0.000138
-103.156877	-0.000131
-103.136248	-0.000124
-103.115619	-0.000118
-103.094990	-0.000114
-103.074362	-0.000109
-103.053733	-0.000104
-103.033104	-9.894371E-5
-103.012475	-9.449323E-5
-102.991846	-9.139379E-5
-102.971217	-8.726120E-5
-102.950589	-8.447965E-5
-102.929960	-8.201599E-5
-102.909331	-7.828077E-5
-102.888702	-7.438660E-5
-102.868073	-7.096926E-5
-102.847444	-7.009506E-5
-102.826816	-6.826719E-5
-102.806187	-6.492933E-5
-102.785558	-6.238619E-5
-102.764929	-6.000201E-5
-102.744300	-5.769730E-5
-102.723672	-5.682309E-5
-102.703043	-5.531311E-5
-102.682414	-5.340576E-5
-102.661785	-5.094210E-5
-102.641156	-4.879634E-5
-102.620527	-4.712741E-5
-102.599899	-4.569689E-5
-102.579270	-4.410744E-5
-102.558641	-4.315376E-5
-102.538012	-4.227956E-5
-102.517383	-4.108747E-5
-102.496755	-3.989538E-5
-102.476126	-3.798803E-5
-102.455497	-3.703435E-5
-102.434868	-3.504753E-5
-102.414239	-3.353755E-5
-102.393610	-3.298124E-5
-102.372982	-3.083547E-5
-102.352353	-2.932549E-5
-102.331724	-2.845128E-5
-102.311095	-2.765656E-5
-102.290466	-2.678235E-5
-102.269837	-2.598763E-5
-102.249209	-2.431870E-5
-102.228580	-2.280871E-5
-102.207951	-2.201398E-5
-102.187322	-2.161662E-5
-102.166693	-2.066294E-5
-102.146065	-1.994769E-5
-102.125436	-1.907349E-5
-102.104807	-1.827876E-5
-102.084178	-1.653035E-5
-102.063549	-1.589457E-5
-102.042920	-1.573563E-5
-102.022292	-1.478195E-5
-102.001663	-1.390775E-5
-101.981034	-1.295408E-5
-101.960405	-1.200040E-5
-101.939776	-1.200040E-5
-101.919148	-1.120567E-5
-101.898519	-1.017253E-5
-101.877890	-9.854635E-6
-101.857261	-1.009305E-5
-101.836632	-9.218852E-6
-101.816003	-8.900960E-6
-101.795375	-8.106232E-6
-101.774746	-7.947286E-6
-101.754117	-6.914139E-6
-101.733488	-5.722046E-6
-101.712859	-6.278356E-6
-101.692230	-6.039937E-6
-101.671602	-5.006790E-6
-101.650973	-3.417333E-6
-101.630344	-3.337860E-6
-101.609715	-3.099442E-6
-101.589086	-2.543132E-6
-101.568458	-2.384186E-6
-101.547829	-2.463659E-6
-101.527200	-3.337860E-6
-101.506571	-2.622604E-6
-101.485942	-1.192093E-6
-101.465313	-9.536743E-7
-101.444685	-4.768372E-7
-101.424056	-2.384186E-7
-101.403427	8.742015E-7
-101.382798	7.947286E-7
-101.362169	7.947286E-8
-101.341541	-6.357829E-7
-101.320912	-5.563100E-7
-101.300283	-1.589457E-7
-101.279654	1.589457E-7
-101.259025	1.112620E-6
-101.238396	8.742015E-7
-101.217768	7.152557E-7
-101.197139	7.152557E-7
-101.176510	9.536743E-7
-101.155881	1.271566E-6
-101.135252	1.271566E-6
-101.114623	1.509984E-6
-101.093995	2.225240E-6
-101.073366	1.748403E-6
-101.052737	1.192093E-6
-101.032108	7.152557E-7
-101.011479	1.986821E-6
-100.990851	2.861023E-6
-100.970222	2.622604E-6
-100.949593	2.145767E-6
-100.928964	1.986821E-6
-100.908335	2.225240E-6
-100.887706	1.589457E-6
-100.867078	2.066294E-6
-100.846449	1.430511E-6
-100.825820	1.827876E-6
-100.805191	1.509984E-6
-100.784562	1.271566E-6
-100.763934	1.748403E-6
-100.743305	1.986821E-6
-100.722676	1.589457E-6
-100.702047	1.430511E-6
-100.681418	1.668930E-6
-100.660789	1.430511E-6
-100.640161	1.192093E-6
-100.619532	2.304713E-6
-100.598903	2.145767E-6
-100.578274	1.907349E-6
-100.557645	1.351039E-6
-100.537016	1.827876E-6
-100.516388	1.907349E-6
-100.495759	2.304713E-6
-100.475130	1.748403E-6
-100.454501	1.112620E-6
-100.433872	5.563100E-7
-100.413244	1.271566E-6
-100.392615	1.430511E-6
-100.371986	1.271566E-6
-100.351357	1.509984E-6
-100.330728	1.271566E-6
-100.310099	7.152557E-7
-100.289471	5.563100E-7
-100.268842	4.768372E-7
-100.248213	7.152557E-7
-100.227584	1.192093E-6
-100.206955	1.430511E-6
-100.186327	1.430511E-6
-100.165698	1.271566E-6
-100.145069	8.742015E-7
-100.124440	1.033147E-6
-100.103811	1.430511E-6
-100.083182	1.509984E-6
-100.062554	1.033147E-6
-100.041925	5.563100E-7
-100.021296	0.000000
